,LR,KNN,R_Forest,CatBoost,FTTransformer,STUNT,SVC,TabNet,TabPFN,Iwata,FLAT,FLATadapt
abalone,0.603,0.596,0.589,0.593,0.608,0.619,0.585,0.523,0.619,0.626,0.625,0.633
acute-inflammation,0.69,0.719,0.66,0.655,0.749,0.701,0.7,0.544,0.885,0.736,0.755,0.714
acute-nephritis,0.765,0.811,0.746,0.808,0.764,0.788,0.808,0.536,0.923,0.874,0.811,0.859
adult,0.581,0.609,0.55,0.584,0.589,0.59,0.601,0.534,0.617,0.502,0.623,0.607
annealing,0.539,0.56,0.541,0.542,0.552,0.543,0.541,0.499,0.549,0.543,0.507,0.504
arrhythmia,0.523,0.524,0.52,0.526,0.537,0.533,0.534,0.521,NaN,0.567,0.538,0.538
audiology-std,0.548,0.581,0.546,0.577,0.569,0.543,0.566,0.483,0.692,0.605,0.537,0.536
balance-scale,0.671,0.68,0.632,0.655,0.672,0.691,0.644,0.525,0.762,0.692,0.698,0.667
bank,0.53,0.53,0.503,0.534,0.529,0.525,0.544,0.458,0.565,0.543,0.563,0.569
blood,0.553,0.575,0.551,0.56,0.573,0.564,0.529,0.543,0.599,0.537,0.556,0.569
breast-cancer,0.523,0.551,0.531,0.524,0.519,0.533,0.533,0.5,0.541,0.524,0.535,0.518
breast-cancer-wisc,0.868,0.869,0.84,0.878,0.88,0.878,0.871,0.528,0.962,0.938,0.92,0.923
breast-cancer-wisc-diag,0.832,0.847,0.728,0.828,0.819,0.833,0.859,0.486,0.9,0.887,0.861,0.863
breast-cancer-wisc-prog,0.511,0.529,0.493,0.496,0.523,0.516,0.513,0.493,0.551,0.527,0.534,0.534
breast-tissue,0.868,0.872,0.81,0.839,0.87,0.86,0.865,0.5,0.922,0.807,0.878,0.864
car,0.59,0.626,0.561,0.596,0.608,0.606,0.59,0.489,0.661,0.656,0.648,0.694
cardiotocography-10clases,0.521,0.556,0.527,0.534,0.539,0.537,0.543,0.502,0.648,0.558,0.573,0.572
cardiotocography-3clases,0.579,0.614,0.532,0.578,0.585,0.613,0.618,0.494,0.683,0.608,0.576,0.566
chess-krvk,0.518,0.553,0.51,0.515,0.542,0.523,0.526,0.523,0.551,0.554,0.549,0.539
chess-krvkp,0.556,0.588,0.553,0.581,0.546,0.564,0.566,0.509,0.588,0.551,0.586,0.584
congressional-voting,0.492,0.506,0.489,0.503,0.485,0.511,0.489,0.469,0.531,0.527,0.451,0.498
conn-bench-sonar-mines-rocks,0.579,0.6,0.531,0.556,0.585,0.57,0.593,0.482,0.593,0.619,0.527,0.527
conn-bench-vowel-deterding,0.642,0.664,0.578,0.632,0.646,0.663,0.664,0.504,0.809,0.716,0.692,0.682
connect-4,0.504,0.5,0.498,0.522,0.485,0.507,0.497,0.516,0.522,0.512,0.501,0.502
contrac,0.516,0.538,0.528,0.523,0.546,0.526,0.529,0.498,0.521,0.536,0.526,0.531
credit-approval,0.63,0.646,0.603,0.615,0.626,0.65,0.65,0.541,0.679,0.674,0.68,0.673
cylinder-bands,0.528,0.511,0.503,0.498,0.518,0.529,0.519,0.514,0.514,0.543,0.557,0.554
dermatology,0.813,0.88,0.72,0.837,0.822,0.825,0.872,0.55,0.947,0.915,0.902,0.902
echocardiogram,0.557,0.601,0.508,0.544,0.579,0.59,0.572,0.495,0.628,0.654,0.67,0.659
ecoli,0.753,0.776,0.69,0.757,0.777,0.783,0.766,0.54,0.868,0.854,0.854,0.869
energy-y1,0.859,0.907,0.767,0.844,0.88,0.877,0.9,0.539,0.903,0.784,0.908,0.898
energy-y2,0.876,0.933,0.815,0.882,0.903,0.906,0.921,0.542,0.957,0.786,0.934,0.922
fertility,0.508,0.504,0.505,0.519,0.504,0.502,0.505,0.501,,0.53,0.498,0.503
flags,0.53,0.576,0.534,0.577,0.545,0.557,0.551,0.475,0.577,0.564,0.538,0.534
glass,0.569,0.562,0.558,0.561,0.575,0.554,0.565,0.493,0.576,0.582,0.601,0.595
haberman-survival,0.552,0.557,0.535,0.542,0.55,0.555,0.516,0.528,0.524,0.576,0.592,0.582
hayes-roth,0.528,0.534,0.525,0.54,0.542,0.537,0.491,0.583,0.605,0.591,0.586,0.606
heart-cleveland,0.624,0.664,0.568,0.607,0.64,0.646,0.658,0.524,0.688,0.67,0.699,0.707
heart-hungarian,0.64,0.675,0.61,0.636,0.666,0.654,0.659,0.585,0.702,0.728,0.716,0.734
heart-switzerland,0.487,0.496,0.481,0.477,0.479,0.496,0.493,0.487,0.516,0.516,0.503,0.497
heart-va,0.513,0.508,0.52,0.509,0.502,0.518,0.5,0.501,0.501,0.493,0.476,0.469
hepatitis,0.621,0.665,0.588,0.609,0.654,0.646,0.649,0.481,0.658,0.614,0.663,0.674
hill-valley,0.505,0.516,0.517,0.517,0.526,0.519,0.514,0.488,NaN,0.534,0.508,0.506
horse-colic,0.588,0.629,0.56,0.567,0.607,0.605,0.611,0.531,0.633,0.605,0.591,0.589
ilpd-indian-liver,0.53,0.547,0.524,0.561,0.549,0.556,0.527,0.522,0.559,0.571,0.521,0.528
image-segmentation,0.633,0.642,0.609,0.62,0.652,0.627,0.646,0.55,0.768,0.683,0.704,0.706
ionosphere,0.596,0.593,0.555,0.595,0.604,0.596,0.589,0.527,0.681,0.65,0.618,0.664
iris,0.953,0.979,0.929,0.968,0.966,0.968,0.972,0.58,0.995,0.985,0.902,0.882
led-display,0.687,0.706,0.696,0.733,0.729,0.697,0.682,0.537,0.815,0.782,0.811,0.791
lenses,0.624,0.664,0.624,0.66,0.654,0.665,0.613,0.509,,,,
letter,0.577,0.599,0.549,0.563,0.589,0.587,0.604,0.521,0.72,0.556,0.626,0.612
libras,0.592,0.617,0.576,0.576,0.581,0.598,0.588,0.489,0.711,0.542,0.603,0.595
low-res-spect,0.653,0.673,0.607,0.654,0.646,0.654,0.666,0.512,NaN,0.715,0.65,0.65
lung-cancer,0.515,0.492,0.52,0.502,0.514,0.5,0.512,0.512,,,,
lymphography,0.575,0.64,0.567,0.613,0.586,0.593,0.607,0.495,0.637,0.665,0.66,0.651
magic,0.505,0.526,0.491,0.489,0.537,0.527,0.513,0.482,0.593,0.543,0.572,0.579
mammographic,0.688,0.723,0.668,0.692,0.709,0.719,0.687,0.523,0.724,0.72,0.74,0.756
miniboone,0.664,0.689,0.571,0.635,0.67,0.668,0.702,0.476,0.727,0.555,0.733,0.72
molec-biol-promoter,0.502,0.609,0.491,0.506,0.557,0.512,0.543,0.507,0.573,0.547,0.549,0.549
molec-biol-splice,0.504,0.562,0.506,0.523,0.556,0.51,0.527,0.487,0.518,0.539,0.514,0.514
monks-1,0.526,0.524,0.512,0.516,0.522,0.526,0.527,0.52,0.545,0.529,0.524,0.535
monks-2,0.482,0.493,0.469,0.492,0.471,0.488,0.484,0.51,0.487,0.49,0.502,0.493
monks-3,0.574,0.585,0.564,0.597,0.617,0.567,0.562,0.513,0.605,0.553,0.607,0.597
mushroom,0.596,0.675,0.598,0.635,0.656,0.609,0.627,0.497,0.786,0.671,0.665,0.653
musk-1,0.53,0.535,0.492,0.516,0.512,0.53,0.514,0.508,NaN,0.508,0.514,0.518
musk-2,0.55,0.567,0.549,0.551,0.574,0.545,0.569,0.494,NaN,0.552,0.537,0.537
nursery,0.636,0.689,0.626,0.67,0.664,0.661,0.696,0.499,0.788,0.716,0.702,0.697
oocytes_merluccius_nucleus_4d,0.508,0.499,0.499,0.507,0.499,0.511,0.492,0.467,0.554,0.516,0.51,0.514
oocytes_merluccius_states_2f,0.742,0.762,0.676,0.756,0.765,0.75,0.772,0.485,0.843,0.798,0.781,0.78
oocytes_trisopterus_nucleus_2f,0.508,0.504,0.473,0.491,0.485,0.497,0.51,0.484,0.529,0.506,0.49,0.495
oocytes_trisopterus_states_5b,0.668,0.661,0.64,0.666,0.663,0.667,0.674,0.504,0.703,0.65,0.703,0.684
optical,0.628,0.64,0.554,0.617,0.643,0.642,0.686,0.497,0.742,0.727,0.625,0.626
ozone,0.641,0.651,0.59,0.624,0.634,0.646,0.651,0.521,0.696,0.641,0.62,0.624
page-blocks,0.634,0.671,0.637,0.649,0.658,0.638,0.629,0.55,0.753,0.557,0.673,0.657
parkinsons,0.658,0.662,0.633,0.658,0.665,0.66,0.658,0.443,0.717,0.681,0.673,0.677
pendigits,0.709,0.737,0.643,0.692,0.73,0.713,0.73,0.524,0.888,0.815,0.712,0.705
pima,0.562,0.58,0.548,0.557,0.555,0.576,0.572,0.537,0.589,0.614,0.621,0.614
pittsburg-bridges-MATERIAL,0.667,0.717,0.624,0.646,0.687,0.69,0.688,0.523,0.765,0.73,0.709,0.726
pittsburg-bridges-REL-L,0.549,0.556,0.536,0.557,0.551,0.555,0.564,0.506,0.6,0.552,0.562,0.558
pittsburg-bridges-SPAN,0.513,0.516,0.511,0.527,0.515,0.513,0.518,0.517,0.559,0.532,0.539,0.533
pittsburg-bridges-T-OR-D,0.57,0.574,0.555,0.589,0.574,0.575,0.566,0.497,,0.587,0.568,0.574
pittsburg-bridges-TYPE,0.575,0.616,0.553,0.557,0.571,0.603,0.588,0.497,0.632,0.573,0.624,0.614
planning,0.494,0.488,0.492,0.495,0.486,0.49,0.499,0.524,0.506,0.511,0.482,0.484
plant-margin,0.609,0.671,0.551,0.618,0.617,0.623,0.652,0.503,0.716,0.665,0.76,0.758
plant-shape,0.609,0.618,0.547,0.58,0.614,0.627,0.62,0.527,0.762,0.633,0.603,0.6
plant-texture,0.726,0.744,0.643,0.732,0.771,0.713,0.805,0.512,0.896,0.757,0.89,0.899
post-operative,0.5,0.487,0.478,0.481,0.49,0.497,0.503,0.5,0.503,0.508,0.489,0.494
primary-tumor,0.567,0.613,0.571,0.627,0.597,0.578,0.598,0.509,0.618,0.575,0.628,0.634
ringnorm,0.522,0.545,0.496,0.528,0.573,0.558,0.535,0.471,0.612,0.73,0.67,0.714
seeds,0.629,0.694,0.624,0.65,0.676,0.676,0.604,0.513,0.783,0.609,0.685,0.67
semeion,0.583,0.641,0.546,0.602,0.591,0.59,0.664,0.507,NaN,0.666,0.595,0.595
soybean,0.592,0.585,0.558,0.569,0.575,0.589,0.595,0.501,0.685,0.63,0.576,0.574
spambase,0.612,0.624,0.572,0.655,0.608,0.627,0.651,0.527,0.73,0.702,0.688,0.655
spect,0.545,0.568,0.534,0.559,0.544,0.538,0.538,0.527,0.575,0.568,0.576,0.562
spectf,0.701,0.698,0.659,0.693,0.711,0.693,0.706,0.482,0.73,0.719,0.691,0.714
statlog-australian-credit,0.496,0.518,0.511,0.514,0.521,0.517,0.509,0.477,0.472,0.518,0.502,0.503
statlog-german-credit,0.539,0.551,0.53,0.535,0.534,0.539,0.542,0.486,0.551,0.534,0.536,0.538
statlog-heart,0.641,0.671,0.583,0.62,0.656,0.641,0.665,0.494,0.679,0.705,0.638,0.637
statlog-image,0.653,0.645,0.635,0.643,0.664,0.646,0.669,0.546,0.764,0.635,0.701,0.707
statlog-landsat,0.693,0.663,0.609,0.635,0.648,0.642,0.714,0.537,0.846,0.655,0.63,0.611
statlog-shuttle,0.681,0.696,0.659,0.71,0.687,0.696,0.675,0.535,0.79,0.692,0.753,0.749
statlog-vehicle,0.59,0.611,0.578,0.576,0.579,0.585,0.593,0.543,0.677,0.561,0.566,0.572
steel-plates,0.521,0.544,0.514,0.534,0.518,0.533,0.531,0.495,0.555,0.542,0.554,0.545
synthetic-control,0.66,0.722,0.648,0.696,0.717,0.7,0.671,0.478,0.735,0.753,0.713,0.719
teaching,0.526,0.53,0.518,0.519,0.521,0.527,0.54,0.486,0.551,0.502,0.477,0.507
thyroid,0.599,0.596,0.606,0.654,0.59,0.603,0.611,0.481,0.672,0.517,0.602,0.601
tic-tac-toe,0.55,0.532,0.541,0.538,0.533,0.543,0.551,0.495,0.549,0.555,0.533,0.554
titanic,0.519,0.514,0.532,0.523,0.533,0.555,0.525,0.504,0.594,0.581,0.572,0.57
twonorm,0.672,0.768,0.526,0.632,0.685,0.692,0.76,0.474,0.839,0.812,0.635,0.684
vertebral-column-2clases,0.583,0.612,0.562,0.594,0.618,0.621,0.583,0.542,0.731,0.628,0.62,0.613
vertebral-column-3clases,0.777,0.798,0.717,0.778,0.805,0.788,0.757,0.616,0.854,0.82,0.794,0.791
wall-following,0.552,0.565,0.542,0.565,0.539,0.551,0.56,0.519,0.561,0.556,0.502,0.507
waveform,0.673,0.715,0.577,0.656,0.667,0.69,0.711,0.515,0.78,0.729,0.645,0.654
waveform-noise,0.51,0.568,0.476,0.494,0.542,0.529,0.548,0.522,0.621,0.614,0.615,0.612
wine,0.687,0.716,0.616,0.671,0.686,0.698,0.699,0.489,0.831,0.755,0.755,0.751
wine-quality-red,0.532,0.54,0.512,0.523,0.545,0.533,0.531,0.512,0.572,0.554,0.578,0.579
wine-quality-white,0.508,0.502,0.493,0.502,0.507,0.494,0.505,0.5,0.511,0.504,0.52,0.515
yeast,0.539,0.548,0.536,0.548,0.564,0.539,0.533,0.506,0.58,0.548,0.556,0.546
zoo,0.831,0.881,0.814,0.87,0.874,0.84,0.863,0.529,0.964,0.807,0.907,0.917
