,LR,KNN,R_Forest,CatBoost,FTTransformer,STUNT,SVC,TabNet,TabPFN,Iwata,FLAT,FLATadapt
abalone,0.622,0.61,0.604,0.617,0.626,0.637,0.603,0.52,0.619,0.62,0.64,0.643
acute-inflammation,0.754,0.796,0.751,0.743,0.774,0.765,0.76,0.614,0.885,0.77,0.769,0.75
acute-nephritis,0.807,0.886,0.816,0.832,0.819,0.829,0.837,0.6,0.923,0.896,0.858,0.903
adult,0.585,0.616,0.561,0.574,0.609,0.587,0.597,0.517,0.617,0.55,0.634,0.615
annealing,0.533,0.546,0.52,0.515,0.536,0.522,0.538,0.515,0.549,0.544,0.559,0.561
arrhythmia,0.544,0.547,0.541,0.553,0.551,0.554,0.55,0.517,NaN,0.629,0.625,0.607
audiology-std,0.604,0.624,0.611,0.643,0.6,0.587,0.629,0.495,0.692,0.616,0.604,0.654
balance-scale,0.654,0.645,0.609,0.631,0.653,0.686,0.631,0.556,0.762,0.699,0.696,0.646
bank,0.555,0.559,0.556,0.56,0.545,0.54,0.552,0.515,0.565,0.591,0.613,0.62
blood,0.555,0.57,0.565,0.563,0.582,0.557,0.549,0.515,0.599,0.517,0.545,0.537
breast-cancer,0.515,0.535,0.547,0.537,0.54,0.536,0.521,0.529,0.541,0.585,0.582,0.569
breast-cancer-wisc,0.92,0.93,0.894,0.923,0.92,0.942,0.929,0.531,0.962,0.964,0.957,0.96
breast-cancer-wisc-diag,0.801,0.818,0.764,0.81,0.821,0.829,0.834,0.516,0.9,0.886,0.854,0.845
breast-cancer-wisc-prog,0.523,0.502,0.514,0.512,0.525,0.534,0.523,0.509,0.551,0.507,0.53,0.516
breast-tissue,0.876,0.882,0.836,0.851,0.892,0.87,0.875,0.565,0.922,0.84,0.903,0.901
car,0.643,0.679,0.625,0.637,0.633,0.652,0.656,0.502,0.661,0.714,0.651,0.705
cardiotocography-10clases,0.586,0.591,0.566,0.592,0.596,0.591,0.6,0.491,0.648,0.618,0.638,0.637
cardiotocography-3clases,0.63,0.644,0.6,0.605,0.627,0.644,0.656,0.533,0.683,0.685,0.687,0.664
chess-krvk,0.55,0.555,0.532,0.558,0.559,0.542,0.549,0.506,0.551,0.567,0.559,0.554
chess-krvkp,0.582,0.587,0.579,0.591,0.595,0.579,0.591,0.526,0.588,0.596,0.603,0.591
congressional-voting,0.515,0.507,0.501,0.525,0.52,0.53,0.514,0.499,0.531,0.52,0.477,0.525
conn-bench-sonar-mines-rocks,0.599,0.596,0.56,0.583,0.597,0.609,0.628,0.475,0.593,0.63,0.611,0.629
conn-bench-vowel-deterding,0.716,0.743,0.67,0.682,0.694,0.723,0.75,0.575,0.809,0.772,0.755,0.751
connect-4,0.461,0.491,0.48,0.477,0.479,0.462,0.474,0.504,0.522,0.495,0.495,0.486
contrac,0.523,0.514,0.516,0.514,0.517,0.504,0.531,0.503,0.521,0.534,0.485,0.491
credit-approval,0.656,0.703,0.636,0.639,0.666,0.673,0.689,0.553,0.679,0.672,0.704,0.701
cylinder-bands,0.504,0.515,0.5,0.511,0.503,0.51,0.511,0.519,0.514,0.538,0.53,0.533
dermatology,0.839,0.923,0.799,0.841,0.865,0.855,0.898,0.532,0.947,0.958,0.939,0.941
echocardiogram,0.598,0.621,0.582,0.587,0.626,0.623,0.601,0.53,0.628,0.686,0.701,0.7
ecoli,0.77,0.813,0.715,0.756,0.835,0.824,0.786,0.563,0.868,0.905,0.892,0.905
energy-y1,0.831,0.89,0.806,0.839,0.871,0.877,0.87,0.576,0.903,0.781,0.906,0.897
energy-y2,0.926,0.968,0.901,0.937,0.942,0.948,0.962,0.613,0.957,0.824,0.953,0.949
fertility,0.538,0.529,0.548,0.528,0.526,0.53,0.534,0.492,,0.534,0.521,0.516
flags,0.562,0.58,0.575,0.599,0.575,0.578,0.577,0.512,0.577,0.608,0.602,0.592
glass,0.568,0.589,0.569,0.578,0.587,0.574,0.555,0.509,0.576,0.546,0.591,0.577
haberman-survival,0.533,0.526,0.528,0.543,0.551,0.541,0.516,0.532,0.524,0.573,0.584,0.572
hayes-roth,0.551,0.556,0.559,0.57,0.577,0.529,0.528,0.575,0.605,0.61,0.572,0.607
heart-cleveland,0.676,0.71,0.667,0.665,0.687,0.703,0.706,0.531,0.688,0.769,0.757,0.766
heart-hungarian,0.677,0.712,0.665,0.685,0.703,0.719,0.69,0.601,0.702,0.749,0.755,0.759
heart-switzerland,0.522,0.526,0.528,0.545,0.517,0.526,0.531,0.488,0.516,0.539,0.522,0.521
heart-va,0.499,0.497,0.504,0.495,0.504,0.503,0.507,0.487,0.501,0.491,0.48,0.478
hepatitis,0.611,0.64,0.612,0.616,0.619,0.621,0.623,0.499,0.658,0.61,0.661,0.663
hill-valley,0.505,0.507,0.508,0.509,0.504,0.479,0.506,0.526,NaN,0.493,0.511,0.504
horse-colic,0.627,0.627,0.613,0.633,0.623,0.648,0.654,0.506,0.633,0.616,0.614,0.625
ilpd-indian-liver,0.508,0.518,0.51,0.516,0.527,0.535,0.517,0.511,0.559,0.549,0.514,0.53
image-segmentation,0.684,0.692,0.642,0.673,0.703,0.687,0.706,0.58,0.768,0.748,0.774,0.784
ionosphere,0.589,0.625,0.565,0.572,0.616,0.598,0.59,0.515,0.681,0.64,0.644,0.682
iris,0.968,0.989,0.953,0.987,0.989,0.985,0.99,0.669,0.995,0.99,0.98,0.967
led-display,0.724,0.744,0.729,0.76,0.756,0.757,0.721,0.561,0.815,0.822,0.83,0.818
letter,0.624,0.637,0.587,0.605,0.633,0.629,0.645,0.533,0.72,0.565,0.668,0.662
libras,0.642,0.658,0.594,0.613,0.601,0.625,0.638,0.51,0.711,0.521,0.647,0.634
low-res-spect,0.72,0.729,0.665,0.697,0.71,0.697,0.722,0.562,NaN,0.752,0.741,0.745
lung-cancer,0.473,0.463,0.47,0.477,0.448,0.486,0.471,0.504,,,,
lymphography,0.594,0.65,0.601,0.623,0.641,0.603,0.625,0.494,0.637,0.67,0.666,0.654
magic,0.559,0.557,0.546,0.562,0.564,0.576,0.553,0.519,0.593,0.562,0.619,0.633
mammographic,0.68,0.704,0.68,0.691,0.707,0.741,0.67,0.577,0.724,0.767,0.791,0.795
miniboone,0.653,0.699,0.604,0.635,0.672,0.685,0.678,0.519,0.727,0.604,0.741,0.737
molec-biol-promoter,0.575,0.649,0.581,0.595,0.571,0.575,0.587,0.513,0.573,0.564,0.605,0.624
molec-biol-splice,0.55,0.576,0.535,0.54,0.533,0.545,0.54,0.497,0.518,0.512,0.524,0.542
monks-1,0.521,0.533,0.543,0.544,0.527,0.529,0.543,0.508,0.545,0.539,0.523,0.523
monks-2,0.469,0.462,0.479,0.475,0.486,0.484,0.475,0.474,0.487,0.502,0.514,0.506
monks-3,0.565,0.59,0.588,0.593,0.595,0.559,0.556,0.51,0.605,0.536,0.588,0.579
mushroom,0.654,0.706,0.668,0.679,0.687,0.671,0.667,0.562,0.786,0.718,0.693,0.674
musk-1,0.549,0.549,0.523,0.548,0.552,0.539,0.559,0.507,NaN,0.536,0.515,0.528
musk-2,0.573,0.59,0.551,0.569,0.561,0.591,0.583,0.507,NaN,0.562,0.562,0.582
nursery,0.652,0.678,0.662,0.774,0.743,0.654,0.677,0.503,0.788,0.764,0.75,0.751
oocytes_merluccius_nucleus_4d,0.537,0.53,0.52,0.522,0.54,0.528,0.517,0.508,0.554,0.524,0.514,0.525
oocytes_merluccius_states_2f,0.765,0.769,0.739,0.758,0.738,0.766,0.771,0.569,0.843,0.806,0.796,0.79
oocytes_trisopterus_nucleus_2f,0.537,0.534,0.551,0.531,0.518,0.53,0.546,0.507,0.529,0.508,0.496,0.505
oocytes_trisopterus_states_5b,0.672,0.665,0.665,0.666,0.674,0.685,0.681,0.524,0.703,0.686,0.749,0.706
optical,0.651,0.643,0.616,0.644,0.665,0.667,0.691,0.537,0.742,0.756,0.78,0.768
ozone,0.705,0.678,0.684,0.676,0.696,0.686,0.683,0.556,0.696,0.682,0.648,0.666
page-blocks,0.668,0.703,0.668,0.672,0.686,0.667,0.647,0.514,0.753,0.575,0.738,0.73
parkinsons,0.681,0.682,0.663,0.663,0.68,0.694,0.682,0.515,0.717,0.687,0.686,0.693
pendigits,0.773,0.785,0.701,0.743,0.816,0.802,0.795,0.525,0.888,0.876,0.888,0.886
pima,0.567,0.547,0.562,0.554,0.578,0.576,0.563,0.555,0.589,0.632,0.644,0.65
pittsburg-bridges-MATERIAL,0.691,0.716,0.675,0.694,0.728,0.726,0.714,0.582,0.765,0.775,0.776,0.782
pittsburg-bridges-REL-L,0.516,0.55,0.522,0.538,0.537,0.544,0.511,0.513,0.6,0.532,0.547,0.527
pittsburg-bridges-SPAN,0.524,0.528,0.524,0.527,0.525,0.537,0.521,0.53,0.559,0.579,0.571,0.549
pittsburg-bridges-T-OR-D,0.59,0.603,0.585,0.602,0.59,0.595,0.576,0.516,,0.61,0.58,0.582
pittsburg-bridges-TYPE,0.553,0.602,0.555,0.562,0.604,0.59,0.561,0.518,0.632,0.553,0.613,0.589
planning,0.488,0.477,0.495,0.466,0.485,0.487,0.478,0.486,0.506,0.494,0.481,0.479
plant-margin,0.608,0.664,0.607,0.613,0.673,0.646,0.638,0.529,0.716,0.7,0.783,0.785
plant-shape,0.664,0.692,0.604,0.626,0.647,0.674,0.671,0.548,0.762,0.657,0.685,0.67
plant-texture,0.777,0.76,0.722,0.785,0.848,0.785,0.85,0.539,0.896,0.826,0.909,0.92
post-operative,0.499,0.48,0.506,0.49,0.485,0.488,0.497,0.53,0.503,0.497,0.496,0.487
primary-tumor,0.616,0.618,0.614,0.635,0.634,0.625,0.625,0.533,0.618,0.575,0.648,0.633
ringnorm,0.566,0.581,0.556,0.555,0.617,0.621,0.586,0.498,0.612,0.787,0.684,0.77
seeds,0.686,0.764,0.702,0.695,0.736,0.729,0.677,0.548,0.783,0.679,0.708,0.7
semeion,0.667,0.705,0.649,0.655,0.664,0.666,0.743,0.51,NaN,0.726,0.76,0.776
soybean,0.636,0.618,0.607,0.613,0.621,0.638,0.646,0.53,0.685,0.697,0.722,0.711
spambase,0.638,0.614,0.642,0.657,0.652,0.652,0.675,0.5,0.73,0.761,0.735,0.697
spect,0.543,0.551,0.547,0.547,0.544,0.555,0.539,0.542,0.575,0.59,0.594,0.568
spectf,0.67,0.669,0.661,0.687,0.687,0.711,0.689,0.486,0.73,0.735,0.695,0.689
statlog-australian-credit,0.507,0.521,0.488,0.495,0.521,0.519,0.513,0.495,0.472,0.537,0.529,0.511
statlog-german-credit,0.546,0.554,0.537,0.547,0.554,0.546,0.564,0.485,0.551,0.563,0.563,0.573
statlog-heart,0.676,0.706,0.668,0.662,0.698,0.699,0.702,0.507,0.679,0.757,0.758,0.769
statlog-image,0.637,0.678,0.64,0.664,0.688,0.663,0.68,0.538,0.764,0.638,0.727,0.743
statlog-landsat,0.744,0.741,0.638,0.67,0.707,0.706,0.779,0.568,0.846,0.714,0.74,0.797
statlog-shuttle,0.711,0.734,0.706,0.731,0.731,0.717,0.699,0.526,0.79,0.697,0.75,0.748
statlog-vehicle,0.623,0.632,0.609,0.616,0.619,0.592,0.638,0.528,0.677,0.595,0.6,0.608
steel-plates,0.536,0.544,0.539,0.538,0.534,0.55,0.536,0.533,0.555,0.531,0.539,0.543
synthetic-control,0.573,0.759,0.613,0.616,0.715,0.684,0.567,0.473,0.735,0.779,0.689,0.677
teaching,0.539,0.56,0.526,0.538,0.521,0.559,0.531,0.527,0.551,0.553,0.516,0.526
thyroid,0.614,0.569,0.639,0.694,0.605,0.585,0.616,0.524,0.672,0.524,0.602,0.593
tic-tac-toe,0.528,0.527,0.532,0.543,0.535,0.53,0.525,0.519,0.549,0.579,0.576,0.587
titanic,0.568,0.558,0.59,0.591,0.582,0.614,0.559,0.538,0.594,0.613,0.624,0.615
twonorm,0.751,0.794,0.665,0.687,0.724,0.76,0.823,0.495,0.839,0.822,0.767,0.874
vertebral-column-2clases,0.642,0.623,0.605,0.618,0.642,0.653,0.625,0.577,0.731,0.631,0.647,0.622
vertebral-column-3clases,0.779,0.804,0.783,0.805,0.828,0.812,0.776,0.663,0.854,0.85,0.835,0.844
wall-following,0.531,0.565,0.557,0.54,0.562,0.552,0.533,0.496,0.561,0.574,0.569,0.563
waveform,0.735,0.759,0.696,0.719,0.733,0.775,0.763,0.559,0.78,0.768,0.794,0.782
waveform-noise,0.586,0.617,0.549,0.558,0.592,0.583,0.615,0.514,0.621,0.609,0.606,0.602
wine,0.747,0.795,0.692,0.728,0.738,0.757,0.773,0.552,0.831,0.81,0.804,0.81
wine-quality-red,0.539,0.546,0.529,0.534,0.539,0.553,0.546,0.499,0.572,0.564,0.576,0.571
wine-quality-white,0.48,0.487,0.488,0.467,0.478,0.475,0.484,0.494,0.511,0.484,0.506,0.515
yeast,0.551,0.54,0.536,0.533,0.532,0.562,0.531,0.513,0.58,0.55,0.585,0.565
zoo,0.875,0.91,0.888,0.909,0.92,0.883,0.926,0.605,0.964,0.849,0.95,0.956
