,LR,KNN,R_Forest,CatBoost,FTTransformer,STUNT,SVC,TabNet,TabPFN,Iwata,FLAT,FLAT_maml,FLAT_diff
thyroid,0.66,0.629,0.786,0.877,0.675,0.633,0.643,0.525,0.672,0.572,0.668,0.655,-0.209
synthetic-control,0.58,0.864,0.719,0.735,0.859,0.766,0.521,0.601,0.735,0.855,0.737,0.745,-0.127
nursery,0.8,0.709,0.848,0.978,0.913,0.777,0.82,0.564,0.788,0.818,0.858,0.872,-0.12
libras,0.707,0.785,0.654,0.696,0.681,0.711,0.651,0.578,0.711,0.58,0.668,0.681,-0.117
car,0.693,0.705,0.69,0.708,0.69,0.711,0.705,0.577,0.661,0.769,0.673,0.739,-0.096
ringnorm,0.582,0.533,0.606,0.582,0.673,0.671,0.594,0.546,0.612,0.845,0.75,0.809,-0.095
seeds,0.712,0.826,0.771,0.779,0.812,0.754,0.685,0.635,0.783,0.669,0.734,0.729,-0.092
statlog-landsat,0.863,0.828,0.734,0.74,0.789,0.747,0.8,0.637,0.846,0.741,0.772,0.834,-0.091
statlog-vehicle,0.683,0.693,0.672,0.679,0.696,0.593,0.685,0.564,0.677,0.617,0.607,0.644,-0.089
audiology-std,0.729,0.688,0.726,0.769,0.712,0.628,0.765,0.535,0.692,0.633,0.687,0.769,-0.082
congressional-voting,0.534,0.549,0.533,0.547,0.545,0.543,0.515,0.516,0.531,0.541,0.468,0.519,-0.081
acute-inflammation,0.887,0.888,0.875,0.834,0.887,0.88,0.866,0.738,0.885,0.82,0.81,0.818,-0.078
monks-3,0.643,0.612,0.693,0.728,0.656,0.635,0.611,0.547,0.605,0.602,0.652,0.661,-0.076
statlog-shuttle,0.792,0.829,0.841,0.869,0.812,0.79,0.769,0.656,0.79,0.764,0.799,0.81,-0.07
teaching,0.557,0.59,0.543,0.551,0.566,0.565,0.543,0.556,0.551,0.532,0.52,0.523,-0.07
plant-shape,0.751,0.788,0.693,0.732,0.74,0.735,0.675,0.614,0.762,0.729,0.719,0.733,-0.069
acute-nephritis,0.925,0.971,0.915,0.89,0.907,0.927,0.923,0.742,0.923,0.928,0.907,0.938,-0.064
hayes-roth,0.61,0.605,0.636,0.629,0.639,0.602,0.56,0.606,0.605,0.671,0.617,0.634,-0.054
oocytes_merluccius_nucleus_4d,0.565,0.555,0.548,0.55,0.545,0.516,0.56,0.51,0.554,0.513,0.512,0.522,-0.053
low-res-spect,0.809,0.789,0.813,0.822,0.8,0.729,0.773,0.62,0.801,0.801,0.77,0.79,-0.052
twonorm,0.875,0.827,0.771,0.761,0.813,0.892,0.873,0.587,0.839,0.918,0.867,0.91,-0.051
musk-1,0.588,0.582,0.563,0.563,0.592,0.567,0.558,0.534,0.499,0.525,0.541,0.564,-0.051
oocytes_trisopterus_nucleus_2f,0.531,0.536,0.534,0.533,0.537,0.51,0.536,0.523,0.529,0.513,0.487,0.495,-0.05
image-segmentation,0.761,0.772,0.781,0.806,0.8,0.747,0.767,0.614,0.768,0.744,0.756,0.767,-0.05
connect-4,0.513,0.528,0.541,0.546,0.538,0.513,0.521,0.489,0.522,0.49,0.503,0.507,-0.043
statlog-image,0.764,0.769,0.767,0.78,0.809,0.75,0.775,0.639,0.764,0.705,0.768,0.788,-0.041
wine-quality-white,0.524,0.496,0.52,0.502,0.51,0.521,0.528,0.507,0.511,0.5,0.489,0.506,-0.039
heart-switzerland,0.501,0.528,0.521,0.515,0.539,0.515,0.497,0.502,0.516,0.528,0.503,0.508,-0.036
glass,0.575,0.606,0.615,0.605,0.594,0.561,0.567,0.533,0.576,0.557,0.58,0.573,-0.035
monks-1,0.559,0.562,0.552,0.586,0.532,0.564,0.554,0.51,0.545,0.536,0.552,0.55,-0.034
ozone,0.718,0.675,0.684,0.672,0.687,0.715,0.676,0.578,0.696,0.679,0.685,0.712,-0.033
molec-biol-splice,0.56,0.606,0.552,0.592,0.578,0.546,0.583,0.514,0.518,0.526,0.573,0.605,-0.033
chess-krvk,0.59,0.582,0.577,0.576,0.586,0.599,0.562,0.507,0.551,0.635,0.603,0.596,-0.032
musk-2,0.639,0.628,0.603,0.611,0.604,0.621,0.597,0.524,0.475,0.564,0.608,0.64,-0.031
pittsburg-bridges-SPAN,0.556,0.56,0.55,0.563,0.552,0.588,0.561,0.553,0.559,0.619,0.591,0.569,-0.028
wine,0.851,0.883,0.833,0.831,0.844,0.861,0.858,0.603,0.831,0.847,0.856,0.863,-0.027
heart-va,0.503,0.51,0.525,0.529,0.52,0.517,0.506,0.519,0.501,0.515,0.502,0.498,-0.027
zoo,0.969,0.965,0.984,0.974,0.968,0.973,0.986,0.675,0.964,0.87,0.96,0.971,-0.026
wall-following,0.588,0.611,0.636,0.628,0.603,0.593,0.602,0.532,0.561,0.61,0.61,0.611,-0.026
spectf,0.74,0.71,0.757,0.749,0.73,0.76,0.74,0.619,0.73,0.759,0.734,0.718,-0.026
vertebral-column-3clases,0.848,0.85,0.874,0.886,0.875,0.851,0.841,0.75,0.854,0.86,0.861,0.861,-0.025
flags,0.595,0.599,0.655,0.66,0.628,0.628,0.59,0.541,0.577,0.602,0.635,0.631,-0.025
arrhythmia,0.578,0.541,0.531,0.537,0.562,0.59,0.576,0.522,0.504,0.659,0.637,0.605,-0.022
dermatology,0.946,0.951,0.952,0.953,0.923,0.948,0.957,0.658,0.947,0.977,0.955,0.964,-0.022
led-display,0.85,0.824,0.842,0.817,0.824,0.841,0.826,0.652,0.815,0.851,0.83,0.822,-0.021
spect,0.589,0.589,0.588,0.578,0.582,0.589,0.589,0.556,0.575,0.619,0.598,0.589,-0.021
mushroom,0.799,0.818,0.811,0.8,0.807,0.775,0.802,0.636,0.786,0.798,0.798,0.783,-0.02
chess-krvkp,0.648,0.624,0.627,0.635,0.602,0.611,0.646,0.554,0.588,0.659,0.64,0.637,-0.019
cardiotocography-3clases,0.711,0.721,0.679,0.695,0.701,0.7,0.718,0.551,0.683,0.739,0.721,0.736,-0.018
breast-cancer-wisc-prog,0.557,0.548,0.541,0.565,0.53,0.551,0.563,0.519,0.551,0.555,0.548,0.538,-0.017
primary-tumor,0.639,0.636,0.674,0.672,0.645,0.655,0.654,0.572,0.618,0.595,0.657,0.653,-0.017
waveform,0.807,0.782,0.787,0.78,0.782,0.824,0.805,0.618,0.78,0.79,0.807,0.802,-0.017
oocytes_merluccius_states_2f,0.848,0.841,0.847,0.843,0.837,0.876,0.853,0.648,0.843,0.889,0.873,0.867,-0.016
statlog-australian-credit,0.476,0.506,0.486,0.489,0.502,0.493,0.493,0.497,0.472,0.494,0.49,0.492,-0.016
breast-cancer-wisc,0.959,0.943,0.947,0.956,0.956,0.949,0.956,0.717,0.962,0.972,0.956,0.963,-0.016
pendigits,0.879,0.845,0.831,0.838,0.886,0.878,0.886,0.64,0.888,0.925,0.91,0.918,-0.015
tic-tac-toe,0.572,0.584,0.559,0.56,0.564,0.567,0.587,0.527,0.549,0.619,0.604,0.627,-0.015
iris,0.99,0.993,0.993,0.998,0.996,0.99,0.997,0.8,0.995,0.999,0.984,0.989,-0.015
post-operative,0.506,0.501,0.507,0.502,0.499,0.503,0.492,0.505,0.503,0.493,0.492,0.506,-0.015
heart-hungarian,0.734,0.719,0.724,0.717,0.724,0.747,0.741,0.623,0.702,0.777,0.763,0.766,-0.014
pima,0.623,0.606,0.64,0.635,0.629,0.647,0.607,0.594,0.589,0.671,0.657,0.672,-0.014
annealing,0.549,0.572,0.591,0.599,0.578,0.562,0.551,0.527,0.549,0.592,0.585,0.581,-0.014
contrac,0.53,0.515,0.538,0.538,0.562,0.534,0.533,0.541,0.521,0.553,0.549,0.533,-0.013
balance-scale,0.783,0.741,0.712,0.701,0.748,0.776,0.769,0.65,0.762,0.788,0.776,0.757,-0.012
planning,0.492,0.493,0.498,0.513,0.501,0.489,0.504,0.496,0.506,0.484,0.502,0.496,-0.011
mammographic,0.767,0.75,0.751,0.734,0.751,0.804,0.765,0.65,0.724,0.815,0.804,0.813,-0.011
bank,0.613,0.601,0.597,0.606,0.579,0.602,0.611,0.511,0.565,0.63,0.619,0.636,-0.011
monks-2,0.488,0.515,0.506,0.521,0.505,0.501,0.473,0.488,0.487,0.499,0.511,0.518,-0.01
hill-valley,0.516,0.506,0.497,0.503,0.528,0.519,0.497,0.533,0.517,0.505,0.523,0.509,-0.01
breast-cancer-wisc-diag,0.888,0.889,0.88,0.88,0.889,0.887,0.898,0.64,0.9,0.907,0.897,0.901,-0.01
cardiotocography-10clases,0.691,0.672,0.656,0.699,0.674,0.675,0.682,0.539,0.648,0.677,0.69,0.688,-0.009
cylinder-bands,0.531,0.531,0.527,0.536,0.548,0.523,0.54,0.515,0.514,0.55,0.541,0.536,-0.009
echocardiogram,0.659,0.652,0.623,0.617,0.641,0.692,0.658,0.542,0.628,0.72,0.711,0.718,-0.009
lymphography,0.672,0.698,0.674,0.667,0.679,0.658,0.678,0.579,0.637,0.726,0.718,0.709,-0.008
pittsburg-bridges-TYPE,0.63,0.663,0.642,0.643,0.657,0.664,0.622,0.555,0.632,0.582,0.656,0.651,-0.008
horse-colic,0.647,0.643,0.653,0.67,0.664,0.655,0.669,0.537,0.633,0.641,0.662,0.66,-0.008
haberman-survival,0.537,0.544,0.546,0.546,0.527,0.572,0.512,0.525,0.524,0.584,0.577,0.581,-0.007
ilpd-indian-liver,0.59,0.541,0.595,0.579,0.591,0.623,0.571,0.553,0.559,0.619,0.616,0.616,-0.007
statlog-heart,0.718,0.723,0.705,0.686,0.691,0.757,0.706,0.544,0.679,0.761,0.755,0.752,-0.006
parkinsons,0.737,0.724,0.743,0.742,0.75,0.755,0.732,0.618,0.717,0.738,0.749,0.747,-0.006
conn-bench-sonar-mines-rocks,0.623,0.612,0.605,0.612,0.631,0.619,0.636,0.535,0.593,0.634,0.631,0.644,-0.005
waveform-noise,0.676,0.652,0.618,0.628,0.654,0.663,0.673,0.568,0.621,0.682,0.677,0.677,-0.005
conn-bench-vowel-deterding,0.831,0.816,0.817,0.82,0.821,0.826,0.824,0.636,0.809,0.836,0.831,0.828,-0.005
heart-cleveland,0.711,0.725,0.715,0.698,0.699,0.737,0.706,0.584,0.688,0.746,0.741,0.745,-0.005
steel-plates,0.567,0.572,0.552,0.551,0.547,0.578,0.573,0.537,0.555,0.564,0.574,0.579,-0.004
oocytes_trisopterus_states_5b,0.728,0.706,0.712,0.696,0.702,0.745,0.721,0.598,0.703,0.726,0.741,0.715,-0.004
breast-cancer,0.556,0.553,0.556,0.543,0.551,0.569,0.569,0.532,0.541,0.593,0.589,0.587,-0.004
energy-y2,0.97,0.966,0.96,0.959,0.95,0.977,0.974,0.718,0.957,0.846,0.973,0.974,-0.004
semeion,0.729,0.742,0.722,0.705,0.681,0.729,0.716,0.499,0.476,0.793,0.789,0.786,-0.004
adult,0.631,0.63,0.64,0.646,0.658,0.669,0.642,0.546,0.617,0.587,0.666,0.65,-0.003
yeast,0.589,0.579,0.587,0.565,0.599,0.612,0.578,0.556,0.58,0.626,0.623,0.613,-0.003
vertebral-column-2clases,0.754,0.71,0.75,0.734,0.738,0.762,0.729,0.637,0.731,0.732,0.76,0.749,-0.002
titanic,0.587,0.554,0.598,0.596,0.603,0.629,0.577,0.562,0.594,0.642,0.642,0.635,0.0
pittsburg-bridges-REL-L,0.623,0.619,0.595,0.599,0.615,0.628,0.615,0.538,0.6,0.615,0.628,0.623,0.0
ionosphere,0.663,0.705,0.681,0.667,0.683,0.668,0.683,0.566,0.681,0.689,0.705,0.725,0.0
ecoli,0.879,0.884,0.86,0.85,0.857,0.898,0.879,0.685,0.868,0.893,0.899,0.908,0.001
page-blocks,0.728,0.761,0.747,0.744,0.752,0.696,0.686,0.62,0.753,0.551,0.762,0.769,0.001
miniboone,0.752,0.763,0.741,0.743,0.74,0.779,0.744,0.556,0.727,0.599,0.781,0.781,0.002
statlog-german-credit,0.564,0.569,0.556,0.561,0.562,0.577,0.569,0.542,0.551,0.596,0.598,0.592,0.002
plant-texture,0.888,0.835,0.895,0.893,0.917,0.895,0.918,0.616,0.896,0.888,0.92,0.945,0.002
hepatitis,0.684,0.698,0.692,0.666,0.675,0.718,0.676,0.593,0.658,0.625,0.721,0.718,0.003
letter,0.716,0.69,0.695,0.697,0.702,0.705,0.708,0.582,0.72,0.546,0.725,0.721,0.005
wine-quality-red,0.627,0.587,0.612,0.602,0.608,0.63,0.62,0.571,0.572,0.636,0.642,0.636,0.006
breast-tissue,0.92,0.918,0.894,0.903,0.922,0.902,0.927,0.705,0.922,0.83,0.934,0.932,0.006
optical,0.788,0.726,0.753,0.744,0.751,0.798,0.803,0.549,0.742,0.805,0.812,0.823,0.007
magic,0.619,0.616,0.587,0.596,0.616,0.617,0.598,0.555,0.593,0.612,0.626,0.638,0.007
blood,0.592,0.546,0.578,0.58,0.582,0.596,0.568,0.56,0.599,0.503,0.612,0.581,0.013
energy-y1,0.916,0.922,0.917,0.898,0.904,0.942,0.931,0.7,0.903,0.845,0.956,0.948,0.014
soybean,0.716,0.689,0.69,0.673,0.696,0.717,0.738,0.583,0.685,0.756,0.771,0.768,0.015
abalone,0.646,0.592,0.587,0.592,0.589,0.662,0.623,0.557,0.619,0.63,0.679,0.666,0.017
pittsburg-bridges-MATERIAL,0.794,0.792,0.777,0.79,0.779,0.804,0.798,0.639,0.765,0.807,0.825,0.815,0.018
spambase,0.728,0.66,0.724,0.734,0.726,0.723,0.758,0.54,0.73,0.753,0.776,0.757,0.018
molec-biol-promoter,0.62,0.663,0.651,0.654,0.636,0.631,0.639,0.524,0.573,0.644,0.693,0.698,0.03
credit-approval,0.718,0.721,0.715,0.709,0.729,0.748,0.74,0.563,0.679,0.742,0.779,0.786,0.031
plant-margin,0.739,0.797,0.738,0.737,0.776,0.751,0.742,0.594,0.716,0.812,0.849,0.866,0.037
