,LR,KNN,R_Forest,CatBoost,FTTransformer,STUNT,SVC,TabNet,TabPFN,Iwata,FLAT,FLATadapt
abalone,0.712,0.644,0.679,0.66,0.68,0.712,0.681,0.611,0.645,0.71,0.719,0.715
acute-inflammation,0.94,0.932,0.923,0.893,0.935,0.905,0.914,0.813,0.945,0.841,0.849,0.883
acute-nephritis,0.97,0.988,0.962,0.936,0.958,0.957,0.965,0.816,0.979,0.955,0.917,0.95
adult,0.682,0.633,0.674,0.656,0.681,0.703,0.677,0.582,0.634,0.622,0.713,0.692
annealing,0.605,0.603,0.633,0.63,0.624,0.539,0.602,0.527,0.578,0.586,0.575,0.581
arrhythmia,0.58,0.554,0.553,0.571,0.573,0.627,0.585,0.519,NaN,0.691,0.64,0.601
audiology-std,0.776,0.715,0.796,0.858,0.773,0.646,0.793,0.59,0.755,0.669,0.672,0.755
balance-scale,0.84,0.744,0.751,0.735,0.768,0.804,0.81,0.664,0.843,0.79,0.786,0.765
bank,0.645,0.6,0.636,0.635,0.601,0.62,0.631,0.542,0.627,0.633,0.642,0.661
blood,0.614,0.578,0.577,0.573,0.605,0.618,0.601,0.568,0.574,0.534,0.648,0.628
breast-cancer,0.578,0.564,0.576,0.579,0.58,0.599,0.568,0.526,0.549,0.634,0.626,0.61
breast-cancer-wisc,0.939,0.927,0.933,0.934,0.937,0.93,0.941,0.735,0.953,0.957,0.952,0.955
breast-cancer-wisc-diag,0.908,0.882,0.896,0.895,0.895,0.895,0.905,0.728,0.909,0.902,0.897,0.897
breast-cancer-wisc-prog,0.581,0.518,0.555,0.569,0.568,0.577,0.579,0.518,0.55,0.54,0.571,0.567
breast-tissue,0.938,0.925,0.926,0.935,0.937,0.918,0.932,0.786,0.945,0.842,0.942,0.942
car,0.754,0.72,0.77,0.788,0.753,0.758,0.752,0.624,0.733,0.768,0.699,0.773
cardiotocography-10clases,0.717,0.676,0.709,0.752,0.726,0.692,0.725,0.582,0.707,0.708,0.728,0.734
cardiotocography-3clases,0.788,0.753,0.767,0.751,0.74,0.751,0.778,0.579,0.785,0.762,0.755,0.769
chess-krvk,0.595,0.614,0.616,0.612,0.61,0.618,0.576,0.56,0.588,0.638,0.626,0.621
chess-krvkp,0.664,0.652,0.659,0.679,0.638,0.634,0.676,0.547,0.634,0.639,0.66,0.651
congressional-voting,0.547,0.562,0.544,0.542,0.53,0.551,0.543,0.518,0.543,0.536,0.516,0.535
conn-bench-sonar-mines-rocks,0.682,0.663,0.656,0.662,0.668,0.657,0.656,0.56,0.679,0.645,0.633,0.635
conn-bench-vowel-deterding,0.877,0.84,0.871,0.867,0.857,0.856,0.86,0.697,0.886,0.847,0.856,0.857
connect-4,0.535,0.527,0.551,0.561,0.527,0.518,0.533,0.509,0.509,0.519,0.514,0.514
contrac,0.534,0.525,0.549,0.551,0.548,0.573,0.523,0.521,0.51,0.569,0.556,0.543
credit-approval,0.758,0.713,0.762,0.761,0.744,0.756,0.767,0.605,0.732,0.773,0.802,0.804
cylinder-bands,0.535,0.573,0.56,0.555,0.535,0.552,0.535,0.507,0.534,0.567,0.569,0.563
dermatology,0.976,0.969,0.984,0.98,0.954,0.969,0.977,0.714,0.989,0.992,0.974,0.981
echocardiogram,0.71,0.677,0.68,0.684,0.702,0.728,0.713,0.595,0.701,0.765,0.748,0.756
ecoli,0.905,0.909,0.895,0.888,0.885,0.926,0.906,0.771,0.912,0.923,0.92,0.93
energy-y1,0.945,0.941,0.937,0.936,0.932,0.958,0.951,0.777,0.939,0.854,0.959,0.95
energy-y2,0.969,0.963,0.966,0.962,0.961,0.979,0.981,0.78,0.973,0.862,0.979,0.979
flags,0.662,0.631,0.718,0.713,0.672,0.671,0.651,0.555,0.626,0.651,0.683,0.678
glass,0.565,0.678,0.637,0.632,0.627,0.571,0.547,0.562,0.589,0.595,0.588,0.574
haberman-survival,0.561,0.569,0.576,0.57,0.566,0.579,0.527,0.53,0.541,0.58,0.586,0.586
hayes-roth,0.637,0.653,0.68,0.664,0.683,0.642,0.597,0.628,0.672,0.699,0.663,0.671
heart-cleveland,0.741,0.725,0.747,0.73,0.729,0.769,0.726,0.596,0.725,0.769,0.771,0.775
heart-hungarian,0.761,0.752,0.774,0.749,0.751,0.799,0.758,0.662,0.739,0.792,0.792,0.792
heart-switzerland,0.532,0.534,0.528,0.525,0.533,0.526,0.528,0.519,0.496,0.567,0.541,0.528
heart-va,0.519,0.508,0.534,0.535,0.53,0.502,0.515,0.506,0.52,0.488,0.495,0.483
hepatitis,0.72,0.692,0.718,0.688,0.708,0.74,0.692,0.59,0.713,0.666,0.751,0.739
hill-valley,0.513,0.52,0.525,0.523,0.509,0.493,0.518,0.518,NaN,0.506,0.492,0.51
horse-colic,0.701,0.652,0.714,0.708,0.703,0.703,0.693,0.569,0.667,0.664,0.707,0.692
ilpd-indian-liver,0.613,0.567,0.618,0.606,0.625,0.621,0.598,0.546,0.613,0.611,0.609,0.624
image-segmentation,0.835,0.828,0.837,0.85,0.857,0.782,0.829,0.666,0.839,0.792,0.802,0.813
ionosphere,0.71,0.755,0.738,0.727,0.738,0.705,0.701,0.621,0.728,0.719,0.769,0.766
iris,0.999,0.999,1.0,1.0,0.997,0.995,0.999,0.838,1.0,0.998,0.994,0.993
led-display,0.848,0.827,0.851,0.837,0.821,0.865,0.829,0.718,0.812,0.867,0.855,0.851
letter,0.754,0.715,0.748,0.74,0.751,0.718,0.764,0.611,0.754,0.558,0.745,0.757
libras,0.789,0.831,0.729,0.744,0.762,0.754,0.687,0.575,0.804,0.562,0.719,0.733
low-res-spect,0.845,0.844,0.841,0.853,0.842,0.775,0.789,0.648,NaN,0.834,0.816,0.841
lymphography,0.731,0.715,0.72,0.706,0.709,0.722,0.725,0.579,0.707,0.756,0.735,0.735
magic,0.654,0.636,0.619,0.64,0.637,0.627,0.655,0.593,0.635,0.594,0.625,0.642
mammographic,0.773,0.743,0.765,0.76,0.743,0.787,0.771,0.68,0.729,0.787,0.774,0.779
miniboone,0.736,0.727,0.723,0.722,0.724,0.74,0.727,0.591,0.734,0.61,0.757,0.741
molec-biol-promoter,0.64,0.684,0.661,0.655,0.641,0.645,0.632,0.519,0.577,0.671,0.682,0.695
molec-biol-splice,0.609,0.615,0.647,0.662,0.623,0.618,0.61,0.544,0.577,0.542,0.599,0.606
monks-1,0.576,0.581,0.598,0.605,0.555,0.564,0.588,0.527,0.558,0.582,0.551,0.559
monks-2,0.522,0.525,0.53,0.506,0.503,0.519,0.521,0.52,0.515,0.544,0.523,0.533
monks-3,0.695,0.696,0.77,0.81,0.748,0.677,0.668,0.604,0.685,0.624,0.658,0.698
mushroom,0.795,0.847,0.823,0.804,0.809,0.795,0.798,0.679,0.809,0.793,0.788,0.779
musk-1,0.628,0.623,0.588,0.6,0.571,0.565,0.543,0.516,NaN,0.522,0.534,0.562
musk-2,0.658,0.639,0.638,0.647,0.632,0.63,0.592,0.585,NaN,0.537,0.62,0.645
nursery,0.892,0.79,0.946,0.997,0.982,0.856,0.908,0.632,0.915,0.878,0.914,0.942
oocytes_merluccius_nucleus_4d,0.539,0.537,0.536,0.532,0.523,0.525,0.529,0.503,0.52,0.529,0.542,0.528
oocytes_merluccius_states_2f,0.853,0.827,0.841,0.845,0.83,0.854,0.844,0.727,0.839,0.862,0.861,0.857
oocytes_trisopterus_nucleus_2f,0.604,0.559,0.571,0.587,0.58,0.551,0.586,0.554,0.571,0.557,0.542,0.565
oocytes_trisopterus_states_5b,0.792,0.761,0.754,0.756,0.746,0.746,0.757,0.645,0.768,0.734,0.757,0.736
optical,0.845,0.757,0.806,0.803,0.811,0.819,0.85,0.617,0.83,0.84,0.858,0.854
ozone,0.732,0.68,0.698,0.702,0.706,0.703,0.708,0.586,0.709,0.686,0.685,0.713
page-blocks,0.784,0.823,0.819,0.824,0.812,0.736,0.734,0.669,0.83,0.589,0.798,0.796
parkinsons,0.737,0.765,0.723,0.739,0.751,0.74,0.741,0.642,0.739,0.733,0.729,0.734
pendigits,0.905,0.874,0.875,0.862,0.91,0.878,0.909,0.732,0.918,0.93,0.93,0.936
pima,0.652,0.59,0.623,0.608,0.616,0.656,0.641,0.615,0.625,0.687,0.657,0.672
pittsburg-bridges-MATERIAL,0.819,0.799,0.824,0.817,0.801,0.836,0.805,0.703,0.801,0.822,0.831,0.83
pittsburg-bridges-REL-L,0.63,0.625,0.651,0.654,0.638,0.644,0.631,0.599,0.603,0.616,0.642,0.645
pittsburg-bridges-SPAN,0.593,0.609,0.553,0.576,0.578,0.636,0.589,0.558,0.566,0.615,0.589,0.552
pittsburg-bridges-TYPE,0.665,0.686,0.69,0.704,0.693,0.673,0.652,0.611,0.67,0.597,0.67,0.666
planning,0.5,0.475,0.491,0.494,0.493,0.498,0.513,0.468,0.482,0.472,0.485,0.484
plant-margin,,,,,,,,,0.716,,,
plant-shape,,,,,,,,,0.762,,,
plant-texture,,,,,,,,,0.896,,,
post-operative,0.467,0.459,0.455,0.457,0.463,0.459,0.446,0.478,0.463,0.48,0.468,0.473
primary-tumor,0.664,0.662,0.7,0.674,0.67,0.678,0.674,0.545,0.622,0.566,0.67,0.654
ringnorm,0.63,0.593,0.684,0.655,0.725,0.774,0.624,0.554,0.718,0.873,0.82,0.854
seeds,0.797,0.839,0.827,0.817,0.834,0.816,0.768,0.719,0.847,0.71,0.797,0.798
semeion,0.804,0.787,0.79,0.751,0.747,0.799,0.763,0.562,NaN,0.822,0.83,0.836
soybean,0.806,0.736,0.767,0.76,0.778,0.802,0.807,0.604,0.822,0.812,0.815,0.81
spambase,0.783,0.693,0.773,0.764,0.76,0.771,0.787,0.564,0.804,0.759,0.81,0.79
spect,0.596,0.597,0.603,0.604,0.613,0.613,0.589,0.538,0.558,0.627,0.637,0.616
spectf,0.752,0.706,0.777,0.762,0.742,0.773,0.749,0.648,0.73,0.77,0.772,0.73
statlog-australian-credit,0.51,0.517,0.522,0.533,0.499,0.508,0.512,0.53,0.521,0.497,0.517,0.509
statlog-german-credit,0.61,0.529,0.593,0.59,0.575,0.597,0.598,0.518,0.584,0.6,0.615,0.627
statlog-heart,0.769,0.756,0.778,0.752,0.763,0.802,0.75,0.642,0.766,0.804,0.802,0.808
statlog-image,0.834,0.841,0.853,0.865,0.862,0.781,0.844,0.67,0.861,0.689,0.804,0.828
statlog-landsat,0.911,0.891,0.798,0.827,0.856,0.807,0.789,0.685,0.913,0.78,0.808,0.875
statlog-shuttle,0.822,0.858,0.897,0.91,0.834,0.811,0.803,0.709,0.849,0.777,0.815,0.831
statlog-vehicle,0.775,0.759,0.763,0.774,0.764,0.641,0.76,0.6,0.774,0.615,0.633,0.683
steel-plates,0.599,0.62,0.588,0.589,0.589,0.601,0.577,0.538,0.603,0.588,0.61,0.607
synthetic-control,0.569,0.9,0.84,0.873,0.907,0.813,0.522,0.64,0.865,0.887,0.775,0.795
teaching,0.576,0.586,0.566,0.57,0.588,0.586,0.576,0.578,0.573,0.58,0.578,0.563
thyroid,0.689,0.636,0.854,0.931,0.737,0.651,0.674,0.568,0.711,0.576,0.679,0.679
tic-tac-toe,0.6,0.636,0.577,0.596,0.594,0.579,0.604,0.507,0.574,0.598,0.595,0.616
titanic,0.637,0.546,0.621,0.626,0.625,0.681,0.616,0.59,0.616,0.686,0.682,0.677
twonorm,0.927,0.87,0.828,0.798,0.84,0.928,0.915,0.636,0.92,0.933,0.875,0.925
vertebral-column-2clases,0.792,0.732,0.778,0.781,0.774,0.774,0.755,0.703,0.784,0.748,0.797,0.797
vertebral-column-3clases,0.875,0.861,0.901,0.925,0.905,0.863,0.871,0.783,0.896,0.868,0.864,0.859
wall-following,0.596,0.599,0.657,0.648,0.596,0.597,0.58,0.529,0.584,0.611,0.6,0.606
waveform,0.837,0.794,0.829,0.807,0.826,0.839,0.827,0.629,0.84,0.826,0.836,0.832
waveform-noise,0.682,0.678,0.659,0.666,0.643,0.688,0.68,0.509,0.647,0.699,0.719,0.708
wine,0.893,0.903,0.868,0.855,0.876,0.875,0.89,0.648,0.892,0.871,0.877,0.874
wine-quality-red,0.662,0.63,0.637,0.627,0.612,0.664,0.652,0.59,0.62,0.653,0.657,0.635
wine-quality-white,0.483,0.504,0.504,0.494,0.489,0.517,0.487,0.503,0.479,0.51,0.518,0.521
yeast,0.563,0.579,0.559,0.577,0.567,0.601,0.569,0.563,0.573,0.596,0.606,0.605
zoo,0.991,0.979,0.995,0.988,0.984,0.983,0.992,0.767,0.982,0.888,0.98,0.983
