182,-0.556858,-0.405547,-0.590013,-0.529009,-0.531487,-0.527806,-0.371621,-0.437989,-0.467536,-0.368208,0.70625,-0.688043,-0.43233,-0.405209,-0.43793,-0.106563,0.653962,-1.40414
8,0.277625,-0.486311,-0.146543,-0.12579,-0.0457992,-0.126833,-0.424849,-0.465565,-0.350015,-0.710852,1.00275,0.460659,-0.46825,-0.485972,-0.407836,-1.41335,-0.564564,1.21405
180,-0.692933,-0.241393,-0.466254,-0.418938,-0.404628,-0.419981,-0.177837,-0.222684,-0.463577,-0.367946,0.744923,-0.400868,-0.232204,-0.241713,-0.15351,-0.091535,0.652814,-0.519057
38,-0.717079,-0.828081,-0.697271,-0.598646,-0.647472,-0.598566,-0.750871,-0.809736,-0.557594,0.0452947,0.869418,-0.688043,-0.776136,-0.827738,-0.71881,0.62743,1.35867,-0.170448
39,-0.508888,-0.725977,-0.631266,-0.548103,-0.589479,-0.548024,-0.652732,-0.693598,-0.549182,0.0570444,0.726924,-0.688043,-0.673507,-0.726291,-0.614955,0.809478,1.30259,0.484159
2,1.39906,1.17231,0.882719,0.71996,1.58162,0.718919,1.72174,1.19961,-0.290884,-0.721312,1.93706,1.32219,1.025,1.17262,0.697392,-0.907141,-0.109593,1.01507
64,-1.4755,-0.785072,-0.86022,-0.730057,-0.839572,-0.729978,-0.69099,-0.802842,-0.540522,0.602417,-0.803513,-1.00394,-0.786399,-0.785386,-0.821485,1.81619,2.40873,-2.03423
106,-1.10686,-1.02835,-0.936538,-0.885055,-0.915687,-0.884976,-0.961289,-1.01125,-0.557099,-0.364721,-0.725914,-0.975219,-0.950605,-1.02866,-0.873412,0.0205208,0.639303,-0.503087
0,0.866655,0.605972,0.334054,0.131417,0.758847,0.132621,1.11627,0.74407,-0.0677185,-0.435045,1.75629,0.747835,0.737637,0.606298,0.33213,-0.827171,-0.949593,0.479243
183,0.10178,-0.691833,-0.422938,-0.487452,-0.27052,-0.487372,-0.46976,-0.563142,-0.378468,-0.799854,-0.877082,-0.113692,-0.570879,-0.691819,-0.270936,-0.893998,-0.222158,-0.418848
5,1.67803,0.750428,0.713581,0.444782,1.46926,0.445987,1.44562,0.917481,-0.312409,-0.720754,1.9331,1.03501,0.89158,0.750096,0.492632,-0.813641,-0.0583076,0.870451
20,1.76254,0.0987351,0.449562,0.329096,0.381896,0.328054,0.495001,0.444975,0.342985,-0.34284,-0.253218,0.173483,0.234757,0.0990673,0.971781,-0.00919643,-1.16133,0.432268
58,1.32763,-0.169493,0.342305,0.0123607,0.53775,0.0113182,-0.135421,-0.172834,-0.42028,-0.712721,1.72281,0.747835,-0.0885238,-0.169814,-0.160001,-0.902382,-0.187761,0.433095
65,-1.27615,-0.61468,-0.792153,-0.655928,-0.741709,-0.655848,-0.522157,-0.650113,-0.510833,0.463825,-0.655778,-0.975219,-0.658113,-0.614996,-0.692847,1.80576,-0.0717723,-2.64054
42,-1.23747,-0.523739,-0.668394,-0.544733,-0.589479,-0.544654,-0.635266,-0.6464,-0.431661,0.548915,-1.15526,-0.975219,-0.606799,-0.523399,-0.752445,2.00525,2.50227,-1.53302
166,-1.2755,-0.856972,-0.65808,-0.531255,-0.672843,-0.531176,-0.865645,-0.916858,-0.482875,0.509381,-1.65153,-0.975219,-0.853108,-0.857285,-0.900556,2.00759,2.59485,-0.601809
34,-1.79776,-1.08219,-0.915912,-0.796324,-0.864944,-0.797369,-0.979586,-1.06747,-0.598664,0.157622,0.4301,-1.00394,-1.01218,-1.08185,-0.992609,1.18278,1.83439,-0.75524
90,1.0586,2.05184,0.247423,0.189822,0.392769,0.189903,2.07438,1.94575,1.54392,0.0973104,0.272264,-0.113692,1.80498,2.05215,1.59668,0.299018,-0.879857,1.95096
142,0.0367442,0.481215,-0.507507,-0.50093,-0.469869,-0.50085,0.239672,0.294898,-0.187218,0.242482,-1.01858,-0.688043,0.0756821,0.481214,0.0719025,1.0686,0.743688,1.00995
188,-0.940693,-0.993877,-0.608577,-0.621109,-0.58223,-0.622153,-0.887269,-0.947086,-0.440815,-0.851859,-1.06562,-0.400868,-0.904422,-0.994188,-0.774868,-0.958337,-0.681909,-0.920996
97,1.48771,0.560337,1.35713,1.38825,1.00894,1.38946,0.321177,0.485279,1.40191,-0.581025,-0.0653111,1.60936,0.306597,0.560007,0.401169,-0.705306,-0.00316237,0.465251
131,-0.398568,-0.832349,-0.443565,-0.360533,-0.506115,-0.35933,-0.80909,-0.771553,-0.363623,-0.78476,0.307883,-0.400868,-0.740216,-0.832662,-0.648,-0.820792,-0.265424,-0.113869
189,-1.03988,-0.110398,0.148416,0.272937,0.186171,0.274141,-0.171183,-0.210486,0.48401,0.717029,-0.620539,-0.400868,-0.139838,-0.11072,-0.383642,1.14871,-0.875354,-0.79875
159,0.111922,-0.203637,-0.0351602,-0.0336894,-0.0965427,-0.0324857,-0.114628,0.140048,0.0441116,-0.637796,-0.763231,0.173483,0.291202,-0.203302,0.411201,-0.635385,-0.0953928,0.0921477
184,0.508796,-0.745347,-0.187796,-0.238107,0.00494423,-0.238027,-0.535464,-0.623597,-0.323047,0.223486,-1.1129,0.173483,-0.61193,-0.745005,-0.384823,-0.903131,-0.386514,-0.236702
24,0.10441,-0.815933,0.247423,0.166235,0.164424,0.166316,-0.698475,-0.695719,-0.174848,0.0408353,0.259867,0.173483,-0.606799,-0.815919,-0.537654,0.227769,-0.908648,-0.0673856
132,0.284704,-0.919679,-0.569386,-0.54361,-0.632973,-0.544654,-0.903902,-0.938601,-0.391333,-0.785777,0.0579905,-0.400868,-0.904422,-0.919335,-0.881083,-0.849785,-0.678508,0.340488
128,-1.03968,-1.01292,-0.375497,-0.394228,-0.553234,-0.393025,-1.01285,-1.02769,-0.188208,-0.760419,-0.330926,-0.113692,-0.945473,-1.0129,-0.942452,-0.850389,-0.163336,-0.882066
66,0.217538,0.259606,0.402121,0.333588,0.34565,0.334793,0.0184422,0.120426,-0.074646,-0.408026,0.0507619,0.460659,0.157785,0.259608,0.0117139,-0.335531,-1.13286,0.00407228
193,-0.923727,-0.297205,0.243297,0.131417,0.164424,0.132621,-0.388254,-0.357912,1.17231,2.18442,-1.33987,-0.113692,-0.211678,-0.296868,-0.483957,1.07599,-0.95173,-0.228478
114,-1.01018,-0.452824,-0.262052,-0.0977103,-0.357509,-0.0965067,-0.419027,-0.459201,-0.355458,0.319703,-0.0538177,-0.688043,-0.375884,-0.452485,-0.474515,1.25872,-0.558452,-0.537245
153,-0.421337,-0.223336,0.127789,0.193192,-0.0457992,0.193273,-0.323383,-0.231699,0.419188,-0.628046,-0.860637,0.460659,-0.211678,-0.223,-0.207797,-0.794482,-0.415304,0.238517
178,-0.51316,-0.716128,-0.645704,-0.602015,-0.574981,-0.601936,-0.691821,-0.740795,-0.494009,-0.423492,0.802535,-0.688043,-0.71969,-0.716442,-0.64859,-0.1314,0.520787,-0.528157
85,-0.0680058,0.532431,-0.445627,-0.374011,-0.364758,-0.372808,0.586487,0.467248,0.0735536,0.0330094,0.174353,-0.688043,0.250151,0.53243,0.276662,0.646275,0.900025,1.07178
37,-0.369883,-0.618948,-0.521945,-0.422307,-0.458996,-0.423351,-0.522157,-0.5939,-0.530626,-0.125705,1.18417,-0.688043,-0.586273,-0.618936,-0.541195,0.530112,1.08543,-0.361358
15,0.311114,-0.782446,-0.521945,-0.585168,-0.513364,-0.585088,-0.748376,-0.778447,-0.407167,0.222426,-1.08165,-0.400868,-0.801793,-0.782432,-0.619086,-0.291414,-0.762053,-0.195734
145,0.291939,-0.184595,-0.557011,-0.545857,-0.567732,-0.544654,-0.257679,-0.230638,-0.24536,0.729762,-2.59899,-0.688043,-0.293781,-0.184588,-0.29454,1.67026,-0.659138,1.42349
78,0.593251,0.232685,-0.0289723,0.00225211,-0.0457992,0.00120957,0.0816507,0.122548,-0.351995,-1.03791,1.11163,0.460659,-0.0987867,0.233016,0.0276462,-1.42169,-0.5988,0.275564
139,-0.239312,-0.0513021,-0.497194,-0.505422,-0.408252,-0.50422,0.0201056,0.0292132,-0.162725,-0.714535,-0.398477,-0.400868,-0.078261,-0.0516247,0.213523,-0.919995,-0.149573,0.0786475
164,1.78298,0.0120616,0.58776,0.548114,0.421765,0.547073,-0.195302,-0.0832123,0.345707,-0.593223,-0.786779,1.32219,-0.0526038,0.0123948,-0.197766,-1.25527,-0.699027,2.04105
108,-1.01445,-1.095,-0.924162,-0.861468,-0.901189,-0.86139,-1.00786,-1.03247,-0.555862,-0.43464,-0.759599,-0.975219,-0.971131,-1.09465,-0.835057,-0.0541106,0.379867,-0.789206
82,0.64486,-0.192147,-0.0330976,0.0685193,0.0121933,0.0686001,-0.305085,-0.288442,-0.308698,-0.951847,1.26133,0.460659,-0.339964,-0.192468,-0.387773,-1.28699,-0.475551,-0.953919
89,1.39298,0.719896,0.179355,0.202177,0.269535,0.203381,0.815202,0.711721,1.17231,0.315057,0.495645,-0.113692,0.81974,0.719564,0.61773,0.615664,0.656076,1.78669
92,-0.222623,0.804599,-0.336307,-0.271802,-0.321264,-0.271722,0.609774,0.646493,-0.1412,-0.351026,0.296462,-0.400868,0.516985,0.804266,0.379336,-0.143915,0.596818,-1.6626
41,-1.00779,-0.811994,-0.7509,-0.661543,-0.716338,-0.662588,-0.737564,-0.79966,-0.551161,-0.00620733,0.742809,-0.975219,-0.771005,-0.811979,-0.692847,0.720616,1.16385,-1.95548
19,1.28229,0.152578,0.301052,0.139279,0.197044,0.13936,0.487516,0.543083,0.217795,-0.0842364,-0.578631,0.173483,0.337385,0.152253,1.12225,0.0525817,0.608835,1.3628
151,3.5599,4.0194,5.12559,4.95208,5.84769,4.95105,5.1167,4.73942,4.75731,0.298651,0.907567,3.33241,5.23277,4.01903,6.70917,0.932334,1.20558,2.68546
111,-0.778542,-0.605487,-0.0269096,0.126924,-0.0204275,0.125882,-0.606989,-0.641628,-0.409394,0.253686,-0.101797,-0.400868,-0.652982,-0.605147,-0.64977,1.31168,1.90011,-0.505149
118,0.504002,-0.93511,-0.330119,-0.584044,-0.545985,-0.585088,-0.86814,-0.897237,-0.402961,2.6857,-1.13597,-0.400868,-0.786399,-0.935093,-0.741823,0.581211,-0.787236,1.99681
21,0.590477,0.447399,-0.292991,-0.332454,-0.281394,-0.332374,0.667992,0.618386,-0.157282,-0.264996,-0.346033,-0.400868,0.450277,0.447727,1.24912,-0.0084233,-0.877651,0.133224
170,-1.22428,-0.474821,-0.352808,-0.174086,-0.39013,-0.174006,-0.554592,-0.569506,-0.355211,0.820896,-1.28815,-0.688043,-0.519564,-0.475138,-0.680455,2.19283,2.82264,-0.664491
56,1.42577,0.45889,0.334054,0.0718889,0.613866,0.0719697,0.427634,0.394596,-0.375004,-0.721793,1.86615,0.747835,0.265545,0.458561,0.232405,-1.05851,-0.297661,0.141329
1,1.79897,1.54428,0.713581,0.451521,1.27353,0.452726,2.27066,1.67741,-0.137489,-0.529611,1.83284,1.03501,1.76392,1.54394,1.15648,-0.768992,-0.0575724,1.30782
16,0.128855,-0.588087,-0.160982,-0.404337,-0.190781,-0.403134,-0.488889,-0.489959,-0.154807,1.66304,-1.32657,-0.113692,-0.463119,-0.588403,-0.197176,-0.242586,-0.771129,0.158906
146,2.78499,2.20352,1.95117,1.79371,2.17966,1.7938,3.02583,2.7428,1.24826,-0.0584307,1.36277,1.32219,2.76455,2.20383,3.77645,0.375582,0.807105,2.25701
47,-1.33327,-0.938393,-0.901473,-0.804186,-0.839572,-0.804108,-0.879783,-0.964586,-0.507864,0.703694,-1.49804,-1.06137,-0.919816,-0.938048,-0.913538,2.37319,1.5271,-0.307381
135,0.241539,0.652921,-0.264114,-0.293143,-0.107416,-0.291939,0.668824,0.613614,0.0109584,-0.759567,-0.206232,-0.113692,0.49646,0.652589,0.535709,-1.05764,-0.247479,1.14541
43,-0.989273,-0.552301,-0.703459,-0.586291,-0.6221,-0.585088,-0.623623,-0.642158,-0.447743,0.565397,-1.51497,-0.975219,-0.658113,-0.551961,-0.682815,2.10619,2.66899,-0.818221
181,-0.0981104,-0.607457,-0.464191,-0.434662,-0.397379,-0.43346,-0.569563,-0.604506,-0.45665,-0.393773,0.917054,-0.400868,-0.61193,-0.607117,-0.501069,-0.139324,0.589902,-0.123569
174,-0.481957,-0.675089,-0.554948,-0.521147,-0.458996,-0.521067,-0.603662,-0.69678,-0.468773,-0.575342,0.693637,-0.400868,-0.704296,-0.675076,-0.643279,-0.899362,-0.376863,0.0334228
26,-0.656337,-0.667538,-0.344558,-0.271802,-0.401003,-0.271722,-0.514671,-0.532914,-0.34383,0.122504,0.0509065,-0.400868,-0.493907,-0.667196,-0.316373,0.406193,-0.938013,-0.00278576
76,-0.140188,0.83349,-0.251738,-0.204412,-0.201654,-0.204332,0.368584,0.545204,-0.390838,-0.527687,1.29894,-0.113692,0.347648,0.833814,0.174577,-0.999096,-0.21469,1.37471
7,-0.474889,-0.726305,-0.684895,-0.630095,-0.589479,-0.628892,-0.700138,-0.744508,-0.529636,-0.910083,0.816161,-0.400868,-0.760742,-0.726291,-0.679865,-1.13304,-0.275948,-0.513026
11,0.769861,-0.140274,-0.169232,-0.166224,-0.0313011,-0.167267,-0.122113,-0.116091,-0.332449,-0.887884,1.3449,0.460659,-0.170627,-0.140267,-0.114564,-1.50579,-0.690066,1.64324
36,-0.451897,-0.405876,-0.435314,-0.327961,-0.375632,-0.329004,-0.36663,-0.448065,-0.469763,-0.0457301,1.09757,-0.688043,-0.478513,-0.406194,-0.469795,0.571329,1.18765,-0.101592
179,-0.15337,-0.828738,-0.474505,-0.4268,-0.411877,-0.426721,-0.758357,-0.806554,-0.481144,-0.449472,1.08881,-0.400868,-0.776136,-0.828723,-0.675734,-0.147031,0.43005,0.172226
120,-0.600578,-0.706278,-0.0846638,-0.302128,-0.111041,-0.302048,-0.557919,-0.510641,-0.0333283,3.08872,-0.613871,0.173483,-0.314307,-0.706593,-0.397804,-0.610983,-0.645053,0.640515
14,-0.404482,-0.495176,-0.676644,-0.705347,-0.709089,-0.706391,-0.678514,-0.606097,-0.464072,-0.369432,-1.15788,-0.688043,-0.637587,-0.494836,-0.685766,-0.0334293,-0.930315,-0.27405
67,0.218548,0.0705005,0.620762,0.593041,0.429015,0.594247,-0.023974,0.0742895,0.043122,-0.333341,0.198207,0.747835,0.132128,0.0705048,0.114979,-0.417,-1.15623,-0.249987
18,1.89612,0.890944,0.247423,0.112323,0.316654,0.112404,1.48388,1.35021,0.167075,-0.232545,0.0247209,0.173483,1.33288,0.890939,1.982,-0.0285731,-1.09605,1.57495
133,-0.722705,-1.05987,-0.600326,-0.548103,-0.629349,-0.548024,-0.970438,-1.02239,-0.49005,-0.802062,0.0903023,-0.400868,-0.940342,-1.06018,-0.888164,-0.85725,-0.149091,-0.57307
86,-0.687285,0.498944,-0.620953,-0.566074,-0.545985,-0.564871,0.521615,0.41793,0.164849,0.0584216,-0.106623,-0.688043,0.229625,0.498943,0.221784,0.579689,0.568051,1.30977
55,1.53444,0.219553,0.519692,0.225764,0.704479,0.226968,0.16981,0.12626,-0.3228,-0.773262,1.69409,1.03501,0.126996,0.219227,0.0270561,-1.07196,-0.273144,-0.0573503
192,-0.830273,-0.293922,1.52214,0.989522,0.795092,0.988481,-0.35166,-0.351549,2.03627,0.468897,-1.12795,1.03501,-0.134707,-0.293914,-0.43734,0.494306,-0.965907,-0.815979
160,0.426061,0.0120616,-0.0846638,-0.107819,-0.103792,-0.106615,0.171473,0.550507,-0.101861,-0.794739,-0.425186,0.173483,0.635008,0.0123948,1.0066,-0.966189,-0.903064,0.392283
175,-0.249499,-0.743049,-0.598264,-0.575059,-0.527862,-0.57498,-0.71095,-0.778447,-0.515534,-0.808773,0.779892,-0.400868,-0.745347,-0.743035,-0.752445,-0.938598,-0.176709,-0.34257
52,-0.96809,-0.239751,-0.383748,-0.652558,-0.647472,-0.652479,-0.595345,-0.357382,-0.495741,-0.645447,0.869327,-0.400868,-0.370753,-0.239743,-0.431439,-0.63367,0.132242,-0.0728529
10,0.479235,-0.480073,-0.241425,-0.257201,-0.0530483,-0.258244,-0.370789,-0.43905,-0.326264,-0.927571,1.04917,0.460659,-0.437461,-0.480063,-0.304571,-1.59206,-0.741075,1.97219
13,-0.0739313,-0.825783,-0.47863,-0.557088,-0.495241,-0.558132,-0.711782,-0.704734,-0.35719,-0.196367,-0.944524,-0.400868,-0.658113,-0.825768,-0.360629,-0.36375,-0.913772,0.341447
113,-0.318962,-0.694787,-0.181608,-0.0314431,-0.234275,-0.0324857,-0.641088,-0.684583,-0.461351,0.389119,0.0750861,-0.400868,-0.68377,-0.694774,-0.653311,1.35086,1.5839,0.285024
54,1.22225,-0.0818348,0.286613,0.0606571,0.512379,0.0618611,-0.148728,-0.133592,-0.358427,-0.682565,1.82401,0.747835,-0.139838,-0.0821571,-0.201306,-1.0974,-0.309058,-0.25121
176,-0.356446,-0.681655,-0.569386,-0.544733,-0.477119,-0.544654,-0.637761,-0.660719,-0.51207,-0.743969,0.8158,-0.400868,-0.652982,-0.68197,-0.635608,-0.914245,-0.168989,-1.40583
162,0.154998,0.293094,0.0597216,0.117939,-0.016803,0.119143,0.126562,0.364368,0.0549977,-0.768671,0.0266907,0.460659,0.445145,0.293096,0.40294,-0.958555,-0.579109,0.194707
172,-0.359519,-0.800503,-0.54876,-0.541364,-0.524237,-0.541284,-0.696812,-0.788523,-0.508359,-0.912739,1.04921,-0.400868,-0.765873,-0.80016,-0.662752,-1.05073,-0.3719,-0.409268
100,1.82435,3.73443,5.55668,6.11119,4.26739,6.11016,2.49771,3.29167,7.17427,-0.612482,-1.10693,6.20417,3.12375,3.73439,2.23515,-0.690688,0.000491005,0.407294
27,-0.483278,-0.672791,-0.259989,-0.272925,-0.252398,-0.271722,-0.535464,-0.557839,-0.286183,0.126745,0.154564,-0.400868,-0.43233,-0.673106,-0.343517,-0.178392,-0.794727,-0.364583
117,0.84586,-0.797548,-0.138293,-0.293143,-0.303141,-0.291939,-0.679346,-0.660719,-0.16891,2.76684,-0.760376,-0.400868,-0.550353,-0.797205,-0.446191,0.399307,-0.85688,1.74573
4,2.26126,1.89458,1.36538,1.09398,2.04193,1.09294,2.52599,1.83173,-0.177569,-0.604689,1.90446,1.89654,1.5484,1.89457,1.21372,-0.923281,-0.130272,0.0959484
84,0.39467,1.09581,0.257736,0.294277,0.27316,0.294359,1.02645,0.96733,0.738596,0.0924138,0.207586,-0.113692,0.78382,1.0958,0.650185,0.546734,-0.94162,1.39754
28,-1.08786,-0.785401,-0.643642,-0.579552,-0.611226,-0.578349,-0.645247,-0.664431,-0.447248,0.330939,-0.756129,-0.688043,-0.622193,-0.785386,-0.440881,0.0272858,-0.833374,0.638789
165,-0.964273,-0.153734,-0.711709,-0.595276,-0.694591,-0.595197,-0.300927,-0.277305,-0.461351,0.519808,-1.62403,-0.975219,-0.334833,-0.154056,-0.464484,1.98046,-0.325992,-0.650319
112,0.683453,-0.285058,0.451625,0.577317,0.508754,0.577399,-0.253521,-0.314427,-0.289152,0.264452,0.0720321,-0.113692,-0.370753,-0.28505,-0.378332,1.21854,1.68414,-0.173326
122,0.258994,1.0052,0.169042,0.253843,0.19342,0.253924,0.648032,0.799752,-0.12784,0.0701385,0.422528,0.173483,0.814609,1.00519,0.479061,-0.3875,-0.757894,-0.79423
167,-1.45324,-0.375015,-0.583825,-0.422307,-0.574981,-0.423351,-0.463938,-0.498975,-0.389601,0.741206,-1.62717,-0.975219,-0.437461,-0.374677,-0.614365,2.55801,2.77974,-0.792467
103,-1.02763,-1.02835,-0.771526,-0.760383,-0.756208,-0.760304,-0.938833,-0.975722,-0.492277,-0.464479,0.0769294,-0.688043,-0.89929,-1.02866,-0.825615,-0.0959322,-0.941505,-1.64549
105,-1.03944,-0.893086,-0.752962,-0.722195,-0.763457,-0.723239,-0.806595,-0.861706,-0.471742,-0.401533,0.0338832,-0.688043,-0.801793,-0.892742,-0.796111,-0.109679,0.397123,-0.194607
45,-1.15231,-0.708248,-0.818967,-0.721072,-0.745334,-0.719869,-0.755862,-0.78322,-0.496978,0.633163,-1.43074,-1.00394,-0.760742,-0.708563,-0.822665,2.14117,2.56394,-1.49183
72,-0.203859,-0.583819,-0.44769,-0.507669,-0.451747,-0.507589,-0.717604,-0.670795,-0.50539,-0.627325,0.810685,-0.400868,-0.668376,-0.583479,-0.627347,-0.825044,-0.117566,1.2296
143,-0.194405,-0.442975,-0.519883,-0.47622,-0.484368,-0.477263,-0.508018,-0.516475,-0.117448,0.376025,-1.54453,-0.688043,-0.524696,-0.442636,-0.532344,1.17362,-0.691444,-0.157751
48,-0.806538,-0.700369,-0.202235,-0.544733,-0.513364,-0.544654,-0.841526,-0.720113,-0.407167,-0.748637,0.281191,-0.113692,-0.714559,-0.700684,-0.57542,-0.774114,-0.0128587,0.478164
194,-0.643399,-0.532275,-0.113541,-0.120174,-0.100167,-0.120093,-0.521325,-0.5764,0.473371,0.690469,-0.971198,-0.400868,-0.473381,-0.532263,-0.610825,1.45108,-0.881213,-0.429747
96,-0.608556,0.23564,-0.577637,-0.513285,-0.58223,-0.514328,0.196424,0.217473,-0.403951,-0.308137,-0.445824,-0.688043,0.126996,0.23597,0.236536,0.11808,0.654537,-0.382268
150,1.05344,1.11518,2.57822,2.50805,2.93357,2.50814,1.60198,1.5162,2.09491,0.162377,0.806475,1.60936,2.57469,1.1155,2.27233,0.7844,0.760944,1.36376
185,0.0864893,-0.885863,-0.635391,-0.661543,-0.553234,-0.662588,-0.663544,-0.746098,-0.432403,-0.216566,-1.15238,-0.400868,-0.750479,-0.885848,-0.423178,-0.916709,-0.444416,-1.11016
102,2.64341,3.92485,4.92757,5.13403,4.65159,5.133,2.67569,3.41948,5.80064,4.25681,-1.38574,5.05547,3.32388,3.92448,2.13307,-0.362518,-1.15271,0.529108
88,-0.138701,2.18776,-0.358996,-0.316729,-0.328513,-0.315526,2.05109,1.99189,0.427847,0.155698,0.46693,-0.400868,1.88708,2.18807,1.41257,0.475219,-0.956946,0.878628
60,-1.16552,-0.582506,-0.701396,-0.61774,-0.698215,-0.618784,-0.440651,-0.588597,-0.39925,0.441452,-0.708854,-0.975219,-0.57601,-0.582494,-0.605514,1.32678,-0.159591,-1.91253
50,-1.14283,-0.320187,-0.394061,-0.640203,-0.643847,-0.639001,-0.635266,-0.417307,-0.496236,-0.678051,1.04514,-0.400868,-0.437461,-0.320506,-0.426719,-0.719584,0.0268918,0.33556
107,-1.12346,-0.919679,-0.7509,-0.725564,-0.806951,-0.726609,-0.831545,-0.806554,-0.451702,-0.429984,-0.322631,-0.688043,-0.745347,-0.919335,-0.673374,-0.0566474,0.400409,0.271704
123,0.0999382,-0.191818,0.453688,0.589672,0.378271,0.590877,-0.172847,-0.248138,-0.166188,0.000744135,0.267529,0.173483,-0.262993,-0.191483,-0.281558,0.671402,-0.853319,-1.00766
59,1.21887,0.234655,0.505254,0.143772,0.635613,0.14273,0.154839,0.134745,-0.331954,0.811103,1.79444,1.03501,0.347648,0.234986,0.0654116,-0.951476,-0.267561,-0.0575422
70,-0.28544,0.297362,0.430999,0.466123,0.269535,0.466204,0.0982845,0.272625,0.0282773,-0.379236,0.222061,0.460659,0.42462,0.297035,0.319148,-0.277836,-1.16836,-0.811459
115,0.75295,-0.758479,0.482565,0.245981,0.146301,0.247185,-0.794951,-0.598142,0.882343,3.23294,-1.00172,0.460659,-0.242467,-0.758794,-0.671013,-0.0569374,-1.08543,0.420099
125,0.179366,-0.326097,0.228859,0.280799,0.280409,0.28088,-0.24354,-0.322912,-0.151096,0.0109746,0.315292,0.173483,-0.25273,-0.326416,-0.273887,-0.218764,-0.820002,-1.1817
140,0.784242,0.14437,-0.10529,-0.332454,-0.274145,-0.332374,0.146523,0.1602,7.23204e-05,0.783581,-0.597118,-0.400868,-0.00642087,0.144373,0.245387,0.389933,-0.845139,2.05308
171,-0.512383,-0.888818,-0.550823,-0.553719,-0.560483,-0.554763,-0.833209,-0.855342,-0.507122,-0.696577,0.697576,-0.400868,-0.786399,-0.888802,-0.748314,-1.00704,-0.24378,-0.0914247
91,-0.80373,2.81122,-0.418813,-0.35941,-0.426375,-0.35933,2.63993,2.64523,-0.204537,-0.369104,-0.0675701,-0.400868,2.51311,2.81152,1.93657,-0.054932,0.710027,-0.23205
17,2.48822,-0.123858,0.197919,-0.156115,0.15355,-0.157158,0.0874725,0.188836,0.107449,0.383381,-2.03633,-0.113692,0.337385,-0.123523,0.602978,0.351518,-0.935669,2.49162
173,-0.298212,-0.805756,-0.563198,-0.536871,-0.513364,-0.537915,-0.734238,-0.794887,-0.496483,-0.881632,0.878291,-0.400868,-0.765873,-0.806069,-0.743594,-0.978825,-0.446025,-0.411966
191,-0.417853,0.037013,-0.119729,0.00225211,-0.190781,0.00120957,-0.108806,-0.116622,-0.166931,0.611117,-0.629882,-0.400868,-0.0987867,0.0370176,-0.312242,1.33576,-0.61663,-1.16548
156,0.155287,-0.355973,0.216483,0.285292,-0.0204275,0.28425,-0.414868,-0.359503,0.174745,-0.598262,-1.70537,0.460659,-0.304044,-0.355963,-0.375971,-0.770539,-0.494714,0.0482179
69,-0.716757,1.76326,0.288676,0.458261,0.0339405,0.459465,0.587318,1.30302,-0.0132879,-0.374689,0.16651,0.173483,1.10197,1.76357,0.723945,-0.148312,-1.12546,-1.26555
57,1.19744,-0.371403,0.268049,-0.105573,0.450762,-0.106615,-0.273481,-0.359503,-0.446259,-0.734373,1.80095,0.460659,-0.314307,-0.371722,-0.271526,-0.892838,-0.136085,0.761502
81,0.600108,0.222508,0.164917,0.326849,0.0955575,0.328054,0.0442246,0.0981534,-0.163219,-0.977029,1.096,0.747835,0.0705506,0.222182,-0.128726,-1.41637,-0.661183,-0.192461
127,-0.111149,-0.0191278,0.0329072,0.125801,0.0230669,0.125882,0.059195,-0.060409,-0.170394,0.0203416,0.340918,-0.113692,-0.129575,-0.0191225,-0.0632268,0.305855,-0.845851,-1.32861
71,0.404235,1.16475,0.719769,0.684018,0.483382,0.685224,0.564031,1.06438,0.216805,-0.224173,0.273475,0.747835,1.03013,1.16475,0.783544,-0.431762,-1.16206,-0.0198829
126,0.0834822,-0.0815065,-0.160982,-0.12242,-0.0639219,-0.123463,0.0142837,-0.0954094,-0.170889,0.00145458,0.364067,-0.113692,-0.186021,-0.0811721,-0.0880103,-0.388587,-0.809042,-1.67069
161,0.352082,0.0767384,-0.00628315,0.073012,-0.0566728,0.0719697,-0.0547466,0.1602,0.0804811,-0.670739,-0.609479,0.173483,0.219362,0.0764142,0.308526,-0.94,-0.195826,0.000211631
124,-0.272568,-0.273239,0.148416,0.243734,0.182546,0.243816,-0.305917,-0.332988,-0.114974,-0.0218372,0.186533,-0.113692,-0.298913,-0.273231,-0.406066,0.0485711,-0.838774,-0.99695
22,0.878206,0.651936,-0.371372,-0.371765,-0.353884,-0.372808,0.625576,0.731873,-0.298059,-0.0424511,-0.691506,-0.400868,0.486197,0.651605,1.08449,0.33103,-0.856053,0.43011
137,0.752728,1.30987,-0.247613,-0.247092,-0.11829,-0.248136,1.29675,1.224,0.298204,-0.730504,-0.171355,-0.113692,0.994209,1.30953,1.0184,-0.992089,-0.359631,0.930351
63,-1.25409,-0.673776,-0.672519,-0.523393,-0.687341,-0.524437,-0.59285,-0.703674,-0.527904,0.410028,-0.628942,-0.975219,-0.704296,-0.674091,-0.725301,1.80245,2.46567,-2.49169
25,0.143836,0.163412,0.0225939,-0.0494139,0.110056,-0.0493334,0.380228,0.422172,0.0995319,0.0972449,0.3587,0.460659,0.506723,0.163087,0.809508,-1.20388,-0.881328,0.124004
187,-0.751045,-0.921649,-0.732336,-0.726687,-0.712713,-0.726609,-0.830714,-0.8861,-0.446506,4.19912,-0.979746,-0.688043,-0.847976,-0.921305,-0.745954,-0.915356,-0.507305,-1.31735
61,-1.19837,-0.545079,-0.738524,-0.596399,-0.70184,-0.595197,-0.409047,-0.564733,-0.540275,0.45777,-0.575306,-0.975219,-0.601667,-0.545067,-0.630298,1.67036,-0.405792,-1.6802
157,0.607565,1.02785,2.45652,2.64957,1.35327,2.64966,0.310366,1.02938,2.04444,-0.687451,-1.28873,3.04524,0.799214,1.02784,0.299675,-0.876192,-0.3577,0.919645
74,0.421223,-0.132723,-0.264114,-0.238107,-0.223401,-0.238027,-0.384928,-0.280487,-0.496236,-0.754211,1.76755,-0.113692,-0.339964,-0.132388,-0.340566,-1.04942,-0.206993,-0.295535
169,-1.17256,-0.384207,-0.216673,-0.0482907,-0.223401,-0.0493334,-0.496374,-0.505338,-0.375994,0.524967,-1.29992,-0.688043,-0.36049,-0.384526,-0.627937,2.07954,2.37718,-1.83695
110,0.288155,-0.368777,-0.00215785,0.134787,-0.0276766,0.135991,-0.290115,-0.363215,-0.440568,0.293766,0.176449,-0.400868,-0.386147,-0.368767,-0.328175,1.1231,-0.612081,0.359012
116,-0.404415,-0.945944,-0.301242,-0.393105,-0.498866,-0.393025,-0.865645,-0.802311,-0.230268,2.68278,-1.16156,-0.400868,-0.688902,-0.945927,-0.64682,0.0964086,-1.01965,0.560748
177,-0.819454,-0.825783,-0.635391,-0.658174,-0.66197,-0.659218,-0.75004,-0.796478,-0.473721,-0.0754268,0.503434,-0.688043,-0.771005,-0.825768,-0.695207,-0.060199,0.310982,-0.342798
148,2.35348,1.87883,2.26263,2.24074,2.47325,2.24195,2.32222,2.19924,1.38162,0.209824,0.830148,1.32219,2.25654,1.87881,2.60572,0.830909,1.14099,1.30503
30,-1.34247,-0.988296,-0.686957,-0.554842,-0.640223,-0.554763,-0.921368,-0.993222,-0.530873,0.107016,0.420486,-0.975219,-0.950605,-0.988279,-0.947763,1.03521,1.74007,-0.587002
134,0.405333,1.10008,-0.0681626,-0.133652,-0.0929181,-0.133572,1.1013,1.03998,0.135159,-0.921702,0.469225,0.460659,0.814609,1.09974,0.733387,-1.15276,-0.533522,1.12552
186,-0.953698,-0.735169,-0.259989,-0.258324,-0.295892,-0.258244,-0.678514,-0.695189,-0.269112,4.31652,-0.911616,-0.113692,-0.658113,-0.735156,-0.541195,-0.910186,-0.691536,-0.877641
87,0.15997,2.07253,-0.210485,-0.146007,-0.11829,-0.14705,1.97208,1.87734,0.578768,0.330917,0.410908,-0.400868,1.52788,2.07284,1.34235,0.532794,0.213352,0.875703
93,-0.507579,1.74816,-0.495131,-0.469481,-0.43,-0.470524,1.66852,1.56658,-0.31513,-0.3895,-0.367014,-0.400868,1.82037,1.74781,1.17418,-0.0508248,-0.912852,-0.635332
149,0.705968,1.91954,2.07287,1.98128,2.24128,1.98249,2.06024,2.22681,1.33709,4.02917,1.04108,1.03501,2.82613,1.91919,2.39093,1.16944,1.40008,0.428875
101,1.66811,1.63161,1.91611,1.93636,2.04556,1.93532,1.56705,1.6965,2.31535,-0.509948,-1.35124,2.18371,1.5484,1.63159,1.63208,-0.622798,-0.935003,1.00296
154,0.45388,-0.0815065,0.14429,0.210039,-0.161784,0.21012,-0.318392,-0.153213,0.52607,-0.750484,-1.06199,0.460659,-0.237335,-0.0811721,-0.230221,-0.848722,-0.631681,-0.609303
51,-1.11584,-0.417038,-0.358996,-0.672775,-0.636598,-0.672696,-0.689326,-0.497384,-0.497473,-0.68721,0.763736,-0.113692,-0.499039,-0.417028,-0.468615,-0.673704,-0.0816065,0.784642
138,0.0292874,1.48124,-0.309493,-0.311113,-0.19803,-0.312157,1.44895,1.41703,0.0356996,-0.770518,-0.301704,-0.113692,1.2046,1.4809,1.20545,-1.01449,-0.281003,0.953215
32,-1.22317,-0.912785,-0.845781,-0.733427,-0.759832,-0.733348,-0.800773,-0.905721,-0.585304,0.197812,0.372344,-0.975219,-0.878765,-0.91244,-0.85984,1.06679,1.76417,-0.615417
75,0.244924,-0.278492,-0.218736,-0.180825,-0.201654,-0.180745,-0.473087,-0.400867,-0.497968,-0.814216,1.61049,0.173483,-0.391278,-0.278155,-0.409016,-1.0515,-0.260047,1.06184
129,-0.254991,-1.07398,-0.726148,-0.722195,-0.759832,-0.723239,-0.997883,-1.03353,-0.494256,-0.770267,0.0133721,-0.688043,-0.986525,-1.07397,-0.888164,-0.825093,-0.244882,-0.366094
33,-1.66902,-1.08088,-0.911786,-0.80194,-0.861319,-0.800738,-0.982913,-1.06959,-0.596932,0.158475,0.434329,-1.00394,-1.01218,-1.08086,-0.99674,1.1606,1.85551,-0.575144
190,-0.815604,0.757979,-0.336307,-0.226875,-0.31039,-0.227918,0.590645,0.591871,0.0691002,0.370232,-1.0879,-0.400868,0.629877,0.757975,0.198771,0.482226,-0.50696,-1.25361
73,0.209826,-0.190177,-0.183671,-0.210028,-0.0566728,-0.211071,-0.343343,-0.277305,-0.460608,4.27813,1.2909,0.173483,-0.28865,-0.190498,-0.266806,-1.01992,-0.213702,0.960673
155,-0.00328055,0.091184,0.051471,0.0842438,-0.161784,0.0854478,0.0134521,0.0615621,0.0361944,-0.76243,-1.19406,0.173483,-0.032078,0.091188,-0.00362826,-0.878439,-0.474953,-0.222962
144,-0.51903,-0.0897142,-0.75915,-0.776107,-0.767081,-0.777151,-0.191144,-0.163819,-0.355211,0.483597,-1.58469,-0.975219,-0.278387,-0.0900364,-0.237302,1.16732,1.09931,-0.0706588
83,-0.324865,-0.285058,-0.391999,-0.280788,-0.314015,-0.281831,-0.369957,-0.396625,-0.396529,-1.03616,0.981587,-0.113692,-0.411804,-0.28505,-0.5052,-1.33908,-0.655324,-1.77815
40,-0.8433,-0.780804,-0.668394,-0.557088,-0.614851,-0.558132,-0.704297,-0.78269,-0.557594,0.00676655,0.858828,-0.688043,-0.75561,-0.780462,-0.693437,0.771546,1.40757,-0.304719
53,-0.65536,-0.167852,-0.272365,-0.558211,-0.585855,-0.558132,-0.473087,-0.25079,-0.494999,-0.625609,1.2219,-0.113692,-0.278387,-0.167845,-0.272117,-0.601416,0.0523735,0.519816
68,-0.23271,1.56135,0.987914,1.0659,0.443513,1.06598,0.527437,1.27968,0.593118,-0.381346,0.241163,1.03501,1.00447,1.56167,0.580555,-0.258411,-1.16071,-0.895578
31,-1.53187,-1.04608,-0.785965,-0.662667,-0.748958,-0.662588,-0.953804,-1.03724,-0.573428,0.135609,0.432919,-0.975219,-0.991656,-1.04639,-0.971366,1.0872,1.7409,-0.637742
29,-0.79128,-0.761434,-0.247613,-0.169593,-0.332137,-0.170636,-0.607821,-0.625718,-0.325274,0.013565,0.10297,-0.400868,-0.586273,-0.761748,-0.359449,0.201482,-0.889094,-0.199559
168,-0.0407531,-0.283416,0.373244,0.536883,0.374647,0.536965,-0.429007,-0.421019,-0.283956,0.224306,0.128614,-0.113692,-0.478513,-0.28308,-0.571879,1.04712,-0.586622,-0.74313
109,-0.231733,0.201167,0.296926,0.403225,0.160799,0.402183,0.0226007,0.0387588,-0.380447,0.12892,0.405523,-0.113692,-0.0372095,0.201498,-0.191275,0.937456,-0.827814,0.62548
104,-1.25787,-1.08121,-0.905598,-0.856976,-0.886691,-0.85802,-1.00287,-1.02928,-0.554625,-0.402637,-0.480991,-0.975219,-0.965999,-1.08086,-0.907047,-0.00545157,0.282536,-0.979912
9,0.719162,-0.123202,-0.185734,-0.212274,-0.0457992,-0.211071,-0.0522515,-0.0704849,-0.361891,-0.841629,1.4523,0.460659,-0.139838,-0.123523,0.0211553,-1.42963,-0.576696,1.19279
77,0.290641,-0.278164,-0.330119,-0.353794,-0.234275,-0.352591,-0.489721,-0.409352,-0.510833,-0.783798,1.77536,-0.113692,-0.437461,-0.278155,-0.455633,-1.05486,-0.218367,0.288489
3,1.80231,1.33679,0.773398,0.576194,1.28078,0.577399,1.844,1.33696,-0.279998,-0.647425,1.82768,1.32219,1.2046,1.33711,0.804787,-0.907286,-0.113935,1.29052
119,0.156519,-0.873716,-0.449753,-0.686253,-0.785204,-0.686174,-0.962121,-0.88663,-0.446259,0.39759,-2.44668,-0.688043,-0.812056,-0.874029,-0.78667,1.51938,-0.513463,1.95172
121,0.313555,-1.01653,-0.334244,-0.408829,-0.448122,-0.409873,-0.962952,-0.955571,-0.327501,0.198795,-1.11893,-0.400868,-0.847976,-1.01684,-0.769557,0.545913,-0.743625,0.660718
95,-0.462006,0.242863,-0.521945,-0.438032,-0.535111,-0.436829,0.10078,0.159669,-0.362881,-0.369847,-0.224828,-0.688043,0.003842,0.242865,0.096096,0.0777568,0.76469,-0.551309
49,-0.861964,-0.627156,-0.400249,-0.695239,-0.687341,-0.696283,-0.819902,-0.684052,-0.500442,-0.732919,0.650102,-0.400868,-0.658113,-0.626815,-0.594893,-0.755366,-0.0378809,0.461079
163,0.0647404,-0.590057,-0.212548,-0.133652,-0.219777,-0.133572,-0.627781,-0.644279,-0.25971,-0.715213,-0.813452,0.173483,-0.652982,-0.590373,-0.616726,-1.01664,-0.431917,-0.498939
94,-0.507545,0.487781,-0.544635,-0.454879,-0.538736,-0.453677,0.443436,0.395126,-0.404446,-0.263739,-0.107147,-0.688043,0.126996,0.488109,0.209982,0.0867928,-1.10115,-0.461051
99,1.90782,2.01376,2.71023,2.78997,2.33914,2.79118,1.80907,1.9956,3.52792,-0.604962,-0.779713,3.04524,1.93326,2.01374,1.99145,-0.669645,-0.380379,0.196037
79,0.792243,0.203794,0.857967,0.980536,0.838587,0.981742,-0.00401344,0.0795926,-0.0654918,-0.889786,1.30147,1.60936,0.404094,0.203468,-0.15882,-1.29158,-0.70723,0.469855
136,0.586992,0.805912,-0.352808,-0.375134,-0.223401,-0.376178,0.985698,1.01188,-0.0511419,-0.696905,-0.179902,-0.113692,0.763294,0.806236,1.15766,-0.986436,-0.195504,0.881913
98,0.597245,0.960546,1.55927,1.66904,1.12492,1.66913,0.700428,0.911117,1.93929,-0.618067,-0.491671,1.89654,0.717111,0.960868,0.885038,-0.687064,-0.46227,-0.292118
46,-1.2119,-0.650137,-0.798341,-0.687376,-0.712713,-0.686174,-0.674356,-0.722765,-0.496978,0.710285,-1.56221,-0.975219,-0.724822,-0.650453,-0.743004,2.20539,2.6544,-1.18539
80,1.3474,0.689363,0.148416,0.197684,0.255037,0.196642,0.551556,0.558462,-0.163714,-0.966657,0.946348,0.747835,0.419488,0.689031,0.276072,-1.40427,-0.731011,-0.856216
12,-0.754995,-0.896697,-0.678707,-0.715456,-0.694591,-0.7165,-0.890595,-0.907843,-0.471,-0.40702,-1.28765,-0.688043,-0.873633,-0.896682,-0.748314,-0.418039,0.343541,-0.8836
152,2.75379,2.67629,4.31497,4.17035,4.90894,4.16932,3.13395,3.0297,3.40941,0.393414,0.656897,2.75806,3.77545,2.67659,3.48731,1.06034,1.3362,1.55521
141,0.279311,2.41233,0.278362,0.329096,0.302156,0.328054,1.84234,1.99083,0.433785,0.619588,-0.9425,-0.113692,1.4817,2.41263,1.21313,1.30114,-0.563461,0.748229
147,1.43735,1.27901,1.74078,1.74542,1.71935,1.74663,1.92384,1.63287,0.883827,0.21542,0.919385,1.03501,1.72287,1.279,2.33133,0.707691,1.03433,1.54936
158,0.478825,-0.0657476,0.72802,0.88282,0.396394,0.884026,-0.172015,-0.0630605,0.332346,-0.468031,-1.6402,1.03501,-0.0833924,-0.0654135,-0.148199,-0.678536,-0.431549,0.642409
44,-1.27699,-0.77785,-0.849907,-0.746905,-0.752583,-0.746826,-0.740059,-0.822993,-0.502421,0.58811,-1.49657,-1.00394,-0.801793,-0.777507,-0.811453,2.15536,2.66789,-1.61742
23,0.521579,0.611554,-0.301242,-0.369518,-0.314015,-0.369439,0.567358,0.647553,-0.159508,-0.0477631,-0.563921,-0.400868,0.419488,0.611223,0.804787,0.475678,-0.692639,-0.194607
