156,-0.0764719,-0.133239,-0.190134,-0.0764719,-0.0764719,-0.0764719,-0.0764719,-0.912972,-0.0764719,-0.0764719,-0.341993,-0.205993,-0.108467,-0.393061,-0.0764719,-0.0764719,-0.0764719,-0.248493,1.84939,-0.802473,-0.0764719,-0.726187,0.248493,-0.205993,-0.734275,-0.133239,-0.622866,-0.190134,-0.173044,-0.297742,-0.0764719,1.30547,-0.0764719,-0.220891,-0.352518,-0.205993,-0.205993,-0.108467,-0.0764719,-0.190134,-0.108467,-0.108467,-0.568927,-0.205993,-0.154311,-0.108467,-0.0764719,1.60217
11,-0.0764719,-0.133239,-0.190134,-0.0764719,-0.0764719,-0.0764719,-0.0764719,0.512765,-0.0764719,-0.0764719,-0.341993,-0.205993,-0.108467,-0.393061,-0.0764719,-0.0764719,-0.0764719,-0.248493,1.14427,-0.802473,-0.0764719,-0.726187,0.248493,-0.205993,-0.734275,-0.133239,-0.622866,-0.190134,-0.173044,-0.297742,-0.0764719,-0.761526,-0.0764719,-0.220891,-0.352518,-0.205993,-0.205993,-0.108467,-0.0764719,-0.190134,-0.108467,-0.108467,1.74742,-0.205993,-0.154311,-0.108467,-0.0764719,-0.383129
93,-0.0764719,-0.133239,-0.190134,-0.0764719,-0.0764719,-0.0764719,-0.0764719,-0.200103,-0.0764719,-0.0764719,-0.341993,-0.205993,-0.108467,-0.393061,-0.0764719,-0.0764719,-0.0764719,-0.248493,1.14427,0.445008,-0.0764719,1.68504,0.248493,-0.205993,0.534018,-0.133239,1.59609,-0.190134,-0.173044,-0.297742,-0.0764719,-0.761526,-0.0764719,-0.220891,2.82014,-0.205993,-0.205993,-0.108467,-0.0764719,-0.190134,-0.108467,-0.108467,-0.568927,-0.205993,-0.154311,-0.108467,-0.0764719,0.609523
137,-0.0764719,-0.133239,-0.190134,-0.0764719,-0.0764719,-0.0764719,-0.0764719,-0.912972,-0.0764719,-0.0764719,-0.341993,-0.205993,-0.108467,-0.393061,-0.0764719,-0.0764719,-0.0764719,-0.248493,-0.265965,0.445008,-0.0764719,-0.726187,0.248493,-0.205993,-0.734275,-0.133239,-0.622866,-0.190134,-0.173044,-0.297742,-0.0764719,1.30547,-0.0764719,-0.220891,-0.352518,-0.205993,-0.205993,-0.108467,-0.0764719,-0.190134,-0.108467,9.16547,-0.568927,-0.205993,-0.154311,-0.108467,-0.0764719,-1.37578
3,-0.0764719,-0.133239,-0.190134,-0.0764719,-0.0764719,-0.0764719,-0.0764719,-0.912972,-0.0764719,-0.0764719,-0.341993,-0.205993,-0.108467,-0.393061,-0.0764719,-0.0764719,-0.0764719,-0.248493,-0.265965,-0.802473,-0.0764719,-0.726187,0.248493,-0.205993,-0.734275,-0.133239,-0.622866,-0.190134,-0.173044,-0.297742,-0.0764719,1.30547,-0.0764719,-0.220891,-0.352518,-0.205993,-0.205993,-0.108467,-0.0764719,-0.190134,-0.108467,-0.108467,1.74742,-0.205993,-0.154311,-0.108467,-0.0764719,-1.37578
48,-0.0764719,-0.133239,-0.190134,-0.0764719,-0.0764719,-0.0764719,-0.0764719,1.22563,-0.0764719,-0.0764719,-0.341993,-0.205993,-0.108467,-0.393061,-0.0764719,-0.0764719,-0.0764719,-0.248493,-0.265965,-0.802473,-0.0764719,-0.726187,0.248493,4.82613,-0.734275,-0.133239,-0.622866,-0.190134,-0.173044,-0.297742,-0.0764719,1.30547,-0.0764719,-0.220891,-0.352518,-0.205993,-0.205993,-0.108467,-0.0764719,-0.190134,-0.108467,-0.108467,-0.568927,-0.205993,-0.154311,-0.108467,-0.0764719,0.113197
50,-0.0764719,-0.133239,-0.190134,-0.0764719,-0.0764719,-0.0764719,-0.0764719,1.22563,-0.0764719,-0.0764719,-0.341993,-0.205993,-0.108467,-0.393061,-0.0764719,-0.0764719,-0.0764719,-0.248493,-0.971083,1.69249,-0.0764719,0.479425,0.248493,-0.205993,0.534018,-0.133239,-0.622866,-0.190134,-0.173044,-0.297742,-0.0764719,-0.761526,-0.0764719,-0.220891,-0.352518,-0.205993,-0.205993,-0.108467,-0.0764719,-0.190134,-0.108467,-0.108467,-0.568927,-0.205993,-0.154311,-0.108467,-0.0764719,0.113197
102,-0.0764719,-0.133239,-0.190134,-0.0764719,-0.0764719,-0.0764719,-0.0764719,-0.912972,-0.0764719,-0.0764719,2.90694,-0.205993,-0.108467,-0.393061,-0.0764719,-0.0764719,-0.0764719,-0.248493,0.439152,1.69249,-0.0764719,1.68504,0.248493,-0.205993,0.534018,-0.133239,1.59609,-0.190134,-0.173044,-0.297742,13.0002,-0.761526,-0.0764719,-0.220891,-0.352518,-0.205993,-0.205993,-0.108467,-0.0764719,-0.190134,-0.108467,-0.108467,-0.568927,-0.205993,-0.154311,-0.108467,-0.0764719,0.609523
131,-0.0764719,-0.133239,-0.190134,-0.0764719,-0.0764719,-0.0764719,-0.0764719,-0.912972,-0.0764719,-0.0764719,2.90694,-0.205993,-0.108467,-0.393061,-0.0764719,-0.0764719,-0.0764719,4.00073,-0.971083,-0.802473,-0.0764719,-0.726187,0.248493,-0.205993,-0.734275,-0.133239,1.59609,-0.190134,-0.173044,-0.297742,-0.0764719,-0.761526,-0.0764719,4.50065,-0.352518,-0.205993,-0.205993,-0.108467,-0.0764719,5.22869,-0.108467,-0.108467,-0.568927,-0.205993,6.4425,-0.108467,-0.0764719,0.113197
78,-0.0764719,-0.133239,-0.190134,-0.0764719,-0.0764719,-0.0764719,-0.0764719,-0.912972,-0.0764719,-0.0764719,-0.341993,-0.205993,-0.108467,-0.393061,-0.0764719,-0.0764719,-0.0764719,-0.248493,0.439152,-0.802473,-0.0764719,0.479425,0.248493,-0.205993,-0.734275,-0.133239,1.59609,-0.190134,-0.173044,-0.297742,-0.0764719,-0.761526,-0.0764719,-0.220891,-0.352518,-0.205993,-0.205993,-0.108467,-0.0764719,-0.190134,-0.108467,-0.108467,1.74742,-0.205993,-0.154311,-0.108467,-0.0764719,-1.37578
103,-0.0764719,-0.133239,5.22869,-0.0764719,-0.0764719,-0.0764719,-0.0764719,1.22563,-0.0764719,-0.0764719,-0.341993,-0.205993,-0.108467,2.52926,-0.0764719,-0.0764719,-0.0764719,-0.248493,-0.971083,-0.802473,-0.0764719,-0.726187,0.248493,-0.205993,-0.734275,-0.133239,-0.622866,-0.190134,-0.173044,-0.297742,-0.0764719,-0.761526,-0.0764719,-0.220891,-0.352518,-0.205993,-0.205993,-0.108467,-0.0764719,-0.190134,-0.108467,-0.108467,-0.568927,-0.205993,-0.154311,-0.108467,-0.0764719,1.60217
126,-0.0764719,-0.133239,-0.190134,-0.0764719,-0.0764719,-0.0764719,-0.0764719,1.22563,-0.0764719,-0.0764719,2.90694,-0.205993,-0.108467,-0.393061,-0.0764719,-0.0764719,-0.0764719,-0.248493,-0.971083,-0.802473,-0.0764719,-0.726187,-4.00073,-0.205993,-0.734275,-0.133239,-0.622866,-0.190134,-0.173044,-0.297742,-0.0764719,-0.761526,-0.0764719,-0.220891,-0.352518,4.82613,-0.205993,9.16547,-0.0764719,-0.190134,-0.108467,-0.108467,-0.568927,4.82613,-0.154311,-0.108467,-0.0764719,0.113197
146,-0.0764719,-0.133239,-0.190134,-0.0764719,-0.0764719,-0.0764719,-0.0764719,1.22563,-0.0764719,-0.0764719,-0.341993,4.82613,-0.108467,2.52926,-0.0764719,-0.0764719,-0.0764719,-0.248493,-0.265965,-0.802473,-0.0764719,-0.726187,0.248493,-0.205993,-0.734275,-0.133239,-0.622866,-0.190134,-0.173044,-0.297742,-0.0764719,-0.761526,-0.0764719,-0.220891,-0.352518,-0.205993,-0.205993,-0.108467,-0.0764719,-0.190134,-0.108467,-0.108467,-0.568927,-0.205993,-0.154311,-0.108467,-0.0764719,1.60217
63,-0.0764719,-0.133239,-0.190134,-0.0764719,-0.0764719,-0.0764719,-0.0764719,-0.912972,-0.0764719,-0.0764719,-0.341993,-0.205993,-0.108467,2.52926,-0.0764719,-0.0764719,-0.0764719,-0.248493,-0.265965,0.445008,-0.0764719,1.68504,0.248493,-0.205993,0.534018,-0.133239,1.59609,-0.190134,-0.173044,-0.297742,-0.0764719,1.30547,-0.0764719,-0.220891,-0.352518,4.82613,-0.205993,-0.108467,-0.0764719,-0.190134,-0.108467,-0.108467,-0.568927,-0.205993,-0.154311,-0.108467,-0.0764719,0.113197
167,-0.0764719,-0.133239,-0.190134,-0.0764719,-0.0764719,-0.0764719,-0.0764719,-0.912972,-0.0764719,-0.0764719,-0.341993,-0.205993,-0.108467,2.52926,-0.0764719,-0.0764719,-0.0764719,-0.248493,0.439152,0.445008,-0.0764719,-0.726187,0.248493,-0.205993,-0.734275,-0.133239,-0.622866,-0.190134,-0.173044,-0.297742,-0.0764719,1.30547,-0.0764719,-0.220891,-0.352518,-0.205993,-0.205993,-0.108467,-0.0764719,-0.190134,-0.108467,-0.108467,1.74742,-0.205993,-0.154311,-0.108467,-0.0764719,-1.37578
194,0.0,0.0,-0.2,0.0,0.0,0.0,0.0,-0.919688,0.0,0.0,0.0,0.0,0.0,0.0,0.0,0.0,0.0,0.0,1.46969,-0.619677,0.0,0.37539,0.0,-0.288926,2.19161,0.0,1.2,-0.2,0.0,-0.489898,0.0,0.8,0.0,-0.288926,-0.288926,-0.2,-0.288926,0.0,0.0,0.0,0.0,0.0,0.0,0.0,0.0,0.0,0.0,0.633333
148,-0.0764719,-0.133239,-0.190134,-0.0764719,-0.0764719,-0.0764719,-0.0764719,1.22563,-0.0764719,-0.0764719,-0.341993,-0.205993,-0.108467,-0.393061,-0.0764719,-0.0764719,-0.0764719,-0.248493,-0.971083,-0.802473,-0.0764719,-0.726187,0.248493,-0.205993,-0.734275,-0.133239,1.59609,-0.190134,-0.173044,-0.297742,-0.0764719,-0.761526,-0.0764719,-0.220891,-0.352518,-0.205993,-0.205993,-0.108467,-0.0764719,-0.190134,-0.108467,9.16547,-0.568927,-0.205993,-0.154311,-0.108467,-0.0764719,1.60217
58,-0.0764719,-0.133239,-0.190134,-0.0764719,-0.0764719,-0.0764719,-0.0764719,-0.912972,-0.0764719,-0.0764719,-0.341993,-0.205993,-0.108467,2.52926,-0.0764719,-0.0764719,-0.0764719,-0.248493,1.84939,-0.802473,-0.0764719,-0.726187,0.248493,-0.205993,-0.734275,-0.133239,1.59609,-0.190134,-0.173044,-0.297742,-0.0764719,1.30547,-0.0764719,-0.220891,-0.352518,-0.205993,-0.205993,-0.108467,-0.0764719,-0.190134,-0.108467,-0.108467,-0.568927,-0.205993,-0.154311,-0.108467,-0.0764719,0.113197
80,-0.0764719,-0.133239,-0.190134,-0.0764719,-0.0764719,-0.0764719,-0.0764719,-0.912972,-0.0764719,-0.0764719,-0.341993,-0.205993,-0.108467,-0.393061,-0.0764719,-0.0764719,-0.0764719,-0.248493,-0.971083,1.69249,-0.0764719,1.68504,0.248493,-0.205993,0.534018,-0.133239,-0.622866,-0.190134,-0.173044,-0.297742,-0.0764719,-0.761526,-0.0764719,-0.220891,2.82014,-0.205993,-0.205993,-0.108467,-0.0764719,-0.190134,-0.108467,-0.108467,-0.568927,-0.205993,-0.154311,-0.108467,-0.0764719,0.113197
144,-0.0764719,-0.133239,-0.190134,-0.0764719,-0.0764719,-0.0764719,-0.0764719,-0.912972,-0.0764719,-0.0764719,2.90694,-0.205993,-0.108467,-0.393061,-0.0764719,-0.0764719,-0.0764719,-0.248493,-0.265965,1.69249,-0.0764719,-0.726187,0.248493,-0.205993,-0.734275,-0.133239,-0.622866,-0.190134,-0.173044,-0.297742,-0.0764719,1.30547,-0.0764719,-0.220891,-0.352518,-0.205993,4.82613,-0.108467,-0.0764719,-0.190134,-0.108467,-0.108467,1.74742,-0.205993,-0.154311,-0.108467,-0.0764719,-1.37578
90,-0.0764719,-0.133239,-0.190134,-0.0764719,-0.0764719,-0.0764719,-0.0764719,-0.200103,-0.0764719,-0.0764719,-0.341993,-0.205993,-0.108467,-0.393061,-0.0764719,-0.0764719,-0.0764719,4.00073,1.14427,-0.802473,-0.0764719,-0.726187,0.248493,-0.205993,-0.734275,-0.133239,1.59609,-0.190134,-0.173044,-0.297742,-0.0764719,1.30547,-0.0764719,4.50065,-0.352518,-0.205993,-0.205993,-0.108467,-0.0764719,5.22869,-0.108467,-0.108467,-0.568927,-0.205993,-0.154311,-0.108467,-0.0764719,1.60217
43,-0.0764719,-0.133239,-0.190134,-0.0764719,-0.0764719,-0.0764719,-0.0764719,-0.200103,-0.0764719,-0.0764719,-0.341993,-0.205993,-0.108467,-0.393061,13.0002,-0.0764719,-0.0764719,-0.248493,1.14427,1.69249,-0.0764719,-0.726187,0.248493,-0.205993,0.534018,-0.133239,-0.622866,-0.190134,-0.173044,-0.297742,-0.0764719,-0.761526,-0.0764719,-0.220891,-0.352518,-0.205993,-0.205993,-0.108467,-0.0764719,-0.190134,-0.108467,-0.108467,1.74742,-0.205993,-0.154311,-0.108467,-0.0764719,-0.383129
89,-0.0764719,-0.133239,-0.190134,-0.0764719,-0.0764719,-0.0764719,-0.0764719,-0.200103,-0.0764719,-0.0764719,2.90694,-0.205993,-0.108467,-0.393061,-0.0764719,-0.0764719,-0.0764719,4.00073,1.14427,-0.802473,-0.0764719,-0.726187,0.248493,-0.205993,-0.734275,-0.133239,-0.622866,-0.190134,-0.173044,-0.297742,-0.0764719,1.30547,-0.0764719,-0.220891,-0.352518,-0.205993,-0.205993,-0.108467,-0.0764719,-0.190134,-0.108467,-0.108467,-0.568927,4.82613,-0.154311,-0.108467,-0.0764719,-0.383129
44,-0.0764719,-0.133239,-0.190134,-0.0764719,-0.0764719,-0.0764719,-0.0764719,-0.912972,-0.0764719,-0.0764719,-0.341993,-0.205993,-0.108467,-0.393061,-0.0764719,-0.0764719,-0.0764719,-0.248493,0.791711,0.445008,-0.0764719,1.68504,0.248493,-0.205993,0.534018,-0.133239,-0.622866,-0.190134,-0.173044,-0.297742,-0.0764719,-0.761526,-0.0764719,-0.220891,2.82014,-0.205993,-0.205993,-0.108467,-0.0764719,-0.190134,-0.108467,-0.108467,-0.568927,-0.205993,-0.154311,-0.108467,-0.0764719,0.609523
85,-0.0764719,-0.133239,-0.190134,-0.0764719,-0.0764719,-0.0764719,-0.0764719,-0.912972,-0.0764719,-0.0764719,2.90694,-0.205993,-0.108467,-0.393061,-0.0764719,-0.0764719,-0.0764719,-0.248493,-0.971083,-0.802473,-0.0764719,-0.726187,-4.00073,4.82613,-0.734275,7.4614,-0.622866,-0.190134,-0.173044,-0.297742,-0.0764719,-0.761526,-0.0764719,-0.220891,-0.352518,-0.205993,-0.205993,-0.108467,-0.0764719,5.22869,-0.108467,-0.108467,-0.568927,4.82613,-0.154311,-0.108467,-0.0764719,0.113197
46,-0.0764719,-0.133239,-0.190134,-0.0764719,-0.0764719,-0.0764719,-0.0764719,-0.200103,-0.0764719,-0.0764719,-0.341993,-0.205993,-0.108467,-0.393061,-0.0764719,-0.0764719,-0.0764719,-0.248493,1.14427,1.69249,-0.0764719,-0.726187,-4.00073,-0.205993,-0.734275,-0.133239,-0.622866,5.22869,-0.173044,-0.297742,-0.0764719,1.30547,-0.0764719,-0.220891,-0.352518,-0.205993,-0.205993,-0.108467,-0.0764719,-0.190134,-0.108467,-0.108467,-0.568927,-0.205993,-0.154311,-0.108467,-0.0764719,0.113197
30,-0.0764719,-0.133239,-0.190134,-0.0764719,-0.0764719,-0.0764719,-0.0764719,1.22563,-0.0764719,-0.0764719,-0.341993,-0.205993,-0.108467,2.52926,-0.0764719,-0.0764719,-0.0764719,-0.248493,-0.265965,-0.802473,-0.0764719,0.479425,0.248493,-0.205993,1.80231,-0.133239,-0.622866,-0.190134,-0.173044,3.33897,-0.0764719,-0.761526,-0.0764719,-0.220891,-0.352518,-0.205993,-0.205993,-0.108467,-0.0764719,-0.190134,-0.108467,-0.108467,-0.568927,-0.205993,-0.154311,-0.108467,-0.0764719,0.113197
36,-0.0764719,-0.133239,-0.190134,-0.0764719,-0.0764719,-0.0764719,-0.0764719,0.512765,-0.0764719,-0.0764719,-0.341993,-0.205993,-0.108467,-0.393061,-0.0764719,-0.0764719,-0.0764719,-0.248493,1.14427,1.69249,-0.0764719,1.68504,0.248493,-0.205993,0.534018,-0.133239,-0.622866,-0.190134,-0.173044,-0.297742,-0.0764719,-0.761526,-0.0764719,-0.220891,2.82014,-0.205993,-0.205993,-0.108467,-0.0764719,-0.190134,-0.108467,-0.108467,-0.568927,-0.205993,-0.154311,-0.108467,-0.0764719,-1.37578
152,-0.0764719,-0.133239,-0.190134,-0.0764719,-0.0764719,-0.0764719,-0.0764719,1.22563,-0.0764719,-0.0764719,-0.341993,-0.205993,-0.108467,-0.393061,-0.0764719,-0.0764719,-0.0764719,-0.248493,-0.971083,-0.802473,13.0002,-0.726187,0.248493,-0.205993,-0.734275,-0.133239,1.59609,-0.190134,-0.173044,-0.297742,-0.0764719,1.30547,-0.0764719,-0.220891,-0.352518,-0.205993,-0.205993,-0.108467,-0.0764719,-0.190134,-0.108467,-0.108467,-0.568927,-0.205993,-0.154311,-0.108467,-0.0764719,1.60217
27,-0.0764719,-0.133239,-0.190134,-0.0764719,-0.0764719,-0.0764719,-0.0764719,-0.912972,-0.0764719,-0.0764719,-0.341993,-0.205993,-0.108467,-0.393061,-0.0764719,-0.0764719,-0.0764719,-0.248493,-0.971083,0.445008,-0.0764719,1.68504,0.248493,-0.205993,-0.734275,-0.133239,-0.622866,-0.190134,-0.173044,-0.297742,-0.0764719,-0.761526,-0.0764719,-0.220891,-0.352518,-0.205993,-0.205993,-0.108467,-0.0764719,-0.190134,-0.108467,-0.108467,1.74742,-0.205993,-0.154311,-0.108467,-0.0764719,-1.37578
177,0.0,0.0,-0.2,0.0,0.0,0.0,0.0,-0.919688,0.0,0.0,0.0,0.0,0.0,0.0,0.0,0.0,0.0,0.0,-0.163299,-0.619677,0.0,-0.797703,0.0,-0.288926,-0.618147,0.0,-0.8,-0.2,0.0,-0.489898,0.0,0.8,0.0,-0.288926,-0.288926,-0.2,-0.288926,0.0,0.0,0.0,0.0,0.0,0.0,0.0,0.0,0.0,0.0,0.633333
136,-0.0764719,-0.133239,-0.190134,-0.0764719,-0.0764719,-0.0764719,-0.0764719,-0.912972,-0.0764719,-0.0764719,-0.341993,-0.205993,-0.108467,2.52926,-0.0764719,-0.0764719,-0.0764719,-0.248493,0.791711,-0.802473,-0.0764719,-0.726187,0.248493,-0.205993,-0.734275,-0.133239,1.59609,-0.190134,-0.173044,-0.297742,-0.0764719,1.30547,-0.0764719,-0.220891,-0.352518,-0.205993,4.82613,-0.108467,-0.0764719,-0.190134,-0.108467,-0.108467,-0.568927,-0.205993,-0.154311,-0.108467,-0.0764719,0.113197
33,-0.0764719,-0.133239,-0.190134,-0.0764719,-0.0764719,-0.0764719,-0.0764719,-0.912972,-0.0764719,-0.0764719,-0.341993,-0.205993,-0.108467,-0.393061,-0.0764719,-0.0764719,-0.0764719,-0.248493,-0.971083,0.445008,-0.0764719,1.68504,0.248493,-0.205993,-0.734275,-0.133239,-0.622866,-0.190134,-0.173044,-0.297742,-0.0764719,-0.761526,-0.0764719,-0.220891,-0.352518,-0.205993,-0.205993,-0.108467,-0.0764719,-0.190134,-0.108467,-0.108467,1.74742,-0.205993,-0.154311,-0.108467,-0.0764719,-1.37578
94,-0.0764719,-0.133239,-0.190134,-0.0764719,-0.0764719,-0.0764719,-0.0764719,0.512765,-0.0764719,-0.0764719,-0.341993,-0.205993,-0.108467,-0.393061,-0.0764719,-0.0764719,-0.0764719,-0.248493,1.84939,1.69249,-0.0764719,1.68504,0.248493,-0.205993,0.534018,-0.133239,-0.622866,-0.190134,-0.173044,-0.297742,-0.0764719,-0.761526,-0.0764719,-0.220891,2.82014,-0.205993,-0.205993,-0.108467,-0.0764719,-0.190134,-0.108467,-0.108467,1.74742,-0.205993,-0.154311,-0.108467,-0.0764719,-1.37578
113,-0.0764719,-0.133239,-0.190134,-0.0764719,-0.0764719,-0.0764719,-0.0764719,-0.912972,-0.0764719,-0.0764719,-0.341993,-0.205993,-0.108467,-0.393061,-0.0764719,-0.0764719,-0.0764719,-0.248493,1.84939,-0.802473,-0.0764719,-0.726187,0.248493,-0.205993,-0.734275,-0.133239,-0.622866,-0.190134,-0.173044,-0.297742,-0.0764719,1.30547,-0.0764719,-0.220891,-0.352518,-0.205993,-0.205993,-0.108467,-0.0764719,-0.190134,-0.108467,-0.108467,1.74742,-0.205993,-0.154311,-0.108467,-0.0764719,-1.37578
69,-0.0764719,-0.133239,-0.190134,-0.0764719,-0.0764719,-0.0764719,-0.0764719,1.22563,-0.0764719,-0.0764719,-0.341993,-0.205993,-0.108467,-0.393061,-0.0764719,-0.0764719,-0.0764719,-0.248493,-0.265965,1.69249,-0.0764719,-0.726187,0.248493,4.82613,-0.734275,-0.133239,-0.622866,-0.190134,-0.173044,-0.297742,-0.0764719,1.30547,-0.0764719,-0.220891,-0.352518,-0.205993,-0.205993,-0.108467,-0.0764719,-0.190134,-0.108467,-0.108467,-0.568927,-0.205993,-0.154311,-0.108467,-0.0764719,0.609523
95,-0.0764719,-0.133239,-0.190134,-0.0764719,-0.0764719,-0.0764719,-0.0764719,-0.912972,-0.0764719,-0.0764719,-0.341993,-0.205993,-0.108467,-0.393061,-0.0764719,-0.0764719,-0.0764719,-0.248493,0.439152,0.445008,-0.0764719,1.68504,0.248493,-0.205993,1.80231,-0.133239,-0.622866,-0.190134,-0.173044,-0.297742,-0.0764719,-0.761526,-0.0764719,-0.220891,2.82014,-0.205993,-0.205993,-0.108467,-0.0764719,-0.190134,-0.108467,-0.108467,-0.568927,-0.205993,-0.154311,-0.108467,-0.0764719,0.609523
8,-0.0764719,-0.133239,-0.190134,-0.0764719,-0.0764719,-0.0764719,-0.0764719,-0.912972,-0.0764719,-0.0764719,-0.341993,-0.205993,-0.108467,-0.393061,-0.0764719,-0.0764719,-0.0764719,-0.248493,-0.265965,0.445008,-0.0764719,-0.726187,0.248493,-0.205993,0.534018,-0.133239,-0.622866,-0.190134,-0.173044,-0.297742,-0.0764719,1.30547,-0.0764719,-0.220891,-0.352518,-0.205993,-0.205993,-0.108467,-0.0764719,-0.190134,-0.108467,-0.108467,1.74742,-0.205993,-0.154311,-0.108467,-0.0764719,-1.37578
176,0.0,0.0,-0.2,0.0,0.0,0.0,0.0,-0.919688,0.0,0.0,0.0,0.0,0.0,0.0,0.0,0.0,0.0,0.0,0.653197,-0.619677,0.0,-0.797703,0.0,-0.288926,-0.618147,0.0,-0.8,-0.2,0.0,1.95959,0.0,0.8,0.0,-0.288926,-0.288926,-0.2,-0.288926,0.0,0.0,0.0,0.0,0.0,0.0,0.0,0.0,0.0,0.0,0.633333
184,0.0,0.0,-0.2,0.0,0.0,0.0,0.0,1.17051,0.0,0.0,0.0,0.0,0.0,0.0,0.0,0.0,0.0,0.0,0.653197,0.929516,0.0,0.37539,0.0,-0.288926,2.19161,0.0,1.2,4.8,0.0,-0.489898,0.0,-1.2,0.0,-0.288926,-0.288926,-0.2,-0.288926,0.0,0.0,0.0,0.0,0.0,0.0,0.0,0.0,0.0,0.0,-0.2
164,-0.0764719,-0.133239,-0.190134,-0.0764719,-0.0764719,-0.0764719,-0.0764719,1.22563,-0.0764719,-0.0764719,-0.341993,-0.205993,-0.108467,2.52926,-0.0764719,-0.0764719,-0.0764719,-0.248493,-0.265965,-0.802473,-0.0764719,-0.726187,0.248493,-0.205993,-0.734275,-0.133239,1.59609,-0.190134,-0.173044,-0.297742,-0.0764719,1.30547,-0.0764719,-0.220891,-0.352518,4.82613,-0.205993,-0.108467,-0.0764719,-0.190134,-0.108467,-0.108467,-0.568927,-0.205993,-0.154311,-0.108467,-0.0764719,1.60217
32,-0.0764719,-0.133239,-0.190134,-0.0764719,-0.0764719,-0.0764719,-0.0764719,-0.200103,-0.0764719,-0.0764719,-0.341993,-0.205993,-0.108467,-0.393061,-0.0764719,-0.0764719,-0.0764719,-0.248493,0.439152,-0.802473,-0.0764719,1.68504,0.248493,-0.205993,0.534018,-0.133239,-0.622866,-0.190134,-0.173044,-0.297742,-0.0764719,-0.761526,-0.0764719,-0.220891,2.82014,-0.205993,-0.205993,-0.108467,-0.0764719,-0.190134,-0.108467,-0.108467,1.74742,-0.205993,-0.154311,-0.108467,-0.0764719,-1.37578
41,-0.0764719,-0.133239,-0.190134,-0.0764719,-0.0764719,-0.0764719,-0.0764719,-0.912972,-0.0764719,-0.0764719,-0.341993,-0.205993,-0.108467,2.52926,-0.0764719,-0.0764719,-0.0764719,-0.248493,-0.971083,1.69249,-0.0764719,0.479425,0.248493,-0.205993,-0.734275,-0.133239,-0.622866,-0.190134,-0.173044,3.33897,-0.0764719,-0.761526,-0.0764719,-0.220891,-0.352518,-0.205993,-0.205993,-0.108467,-0.0764719,-0.190134,-0.108467,-0.108467,-0.568927,-0.205993,-0.154311,-0.108467,-0.0764719,0.113197
97,-0.0764719,-0.133239,-0.190134,-0.0764719,-0.0764719,-0.0764719,-0.0764719,1.22563,-0.0764719,-0.0764719,-0.341993,4.82613,-0.108467,-0.393061,-0.0764719,-0.0764719,-0.0764719,-0.248493,-0.265965,0.445008,-0.0764719,-0.726187,0.248493,-0.205993,0.534018,-0.133239,1.59609,-0.190134,-0.173044,-0.297742,-0.0764719,1.30547,-0.0764719,-0.220891,-0.352518,-0.205993,-0.205993,-0.108467,-0.0764719,-0.190134,-0.108467,-0.108467,-0.568927,-0.205993,-0.154311,-0.108467,-0.0764719,0.609523
108,-0.0764719,-0.133239,-0.190134,-0.0764719,-0.0764719,-0.0764719,-0.0764719,1.22563,-0.0764719,-0.0764719,-0.341993,4.82613,-0.108467,-0.393061,-0.0764719,-0.0764719,-0.0764719,-0.248493,1.84939,0.445008,-0.0764719,1.68504,0.248493,-0.205993,0.534018,-0.133239,-0.622866,-0.190134,-0.173044,-0.297742,-0.0764719,1.30547,-0.0764719,-0.220891,-0.352518,-0.205993,-0.205993,-0.108467,-0.0764719,-0.190134,-0.108467,-0.108467,-0.568927,-0.205993,-0.154311,-0.108467,-0.0764719,0.609523
18,13.0002,-0.133239,-0.190134,-0.0764719,-0.0764719,-0.0764719,-0.0764719,1.22563,-0.0764719,-0.0764719,-0.341993,-0.205993,-0.108467,-0.393061,-0.0764719,-0.0764719,-0.0764719,-0.248493,-0.971083,-0.802473,-0.0764719,-0.726187,0.248493,-0.205993,1.80231,-0.133239,-0.622866,-0.190134,-0.173044,-0.297742,-0.0764719,-0.761526,-0.0764719,-0.220891,-0.352518,-0.205993,-0.205993,-0.108467,-0.0764719,-0.190134,-0.108467,-0.108467,-0.568927,-0.205993,-0.154311,-0.108467,-0.0764719,0.113197
59,-0.0764719,-0.133239,-0.190134,-0.0764719,-0.0764719,-0.0764719,-0.0764719,1.22563,-0.0764719,-0.0764719,-0.341993,4.82613,-0.108467,2.52926,-0.0764719,-0.0764719,-0.0764719,-0.248493,-0.971083,-0.802473,-0.0764719,-0.726187,0.248493,-0.205993,1.80231,-0.133239,-0.622866,-0.190134,-0.173044,-0.297742,-0.0764719,-0.761526,-0.0764719,-0.220891,-0.352518,-0.205993,-0.205993,-0.108467,-0.0764719,-0.190134,-0.108467,-0.108467,-0.568927,-0.205993,-0.154311,-0.108467,-0.0764719,0.609523
153,-0.0764719,-0.133239,-0.190134,-0.0764719,-0.0764719,-0.0764719,-0.0764719,1.22563,-0.0764719,-0.0764719,-0.341993,-0.205993,-0.108467,2.52926,-0.0764719,-0.0764719,-0.0764719,-0.248493,-0.971083,-0.802473,-0.0764719,-0.726187,0.248493,-0.205993,-0.734275,-0.133239,-0.622866,-0.190134,-0.173044,3.33897,-0.0764719,-0.761526,-0.0764719,-0.220891,-0.352518,-0.205993,-0.205993,-0.108467,-0.0764719,-0.190134,-0.108467,-0.108467,-0.568927,-0.205993,-0.154311,-0.108467,-0.0764719,1.60217
87,-0.0764719,-0.133239,5.22869,-0.0764719,-0.0764719,-0.0764719,-0.0764719,1.22563,-0.0764719,-0.0764719,-0.341993,-0.205993,-0.108467,-0.393061,-0.0764719,-0.0764719,-0.0764719,-0.248493,-0.971083,-0.802473,-0.0764719,-0.726187,0.248493,-0.205993,-0.734275,-0.133239,1.59609,-0.190134,-0.173044,-0.297742,-0.0764719,-0.761526,-0.0764719,-0.220891,-0.352518,-0.205993,-0.205993,-0.108467,-0.0764719,-0.190134,-0.108467,-0.108467,-0.568927,-0.205993,-0.154311,-0.108467,-0.0764719,0.113197
35,-0.0764719,-0.133239,-0.190134,-0.0764719,-0.0764719,-0.0764719,-0.0764719,1.22563,-0.0764719,-0.0764719,-0.341993,-0.205993,-0.108467,-0.393061,-0.0764719,-0.0764719,-0.0764719,-0.248493,-0.971083,0.445008,-0.0764719,1.68504,0.248493,-0.205993,1.80231,-0.133239,-0.622866,-0.190134,-0.173044,-0.297742,-0.0764719,-0.761526,-0.0764719,-0.220891,-0.352518,-0.205993,-0.205993,-0.108467,-0.0764719,-0.190134,-0.108467,-0.108467,-0.568927,-0.205993,-0.154311,-0.108467,-0.0764719,0.609523
124,-0.0764719,-0.133239,-0.190134,-0.0764719,-0.0764719,-0.0764719,-0.0764719,-0.912972,-0.0764719,13.0002,-0.341993,-0.205993,-0.108467,-0.393061,-0.0764719,-0.0764719,-0.0764719,-0.248493,-0.971083,-0.802473,-0.0764719,-0.726187,0.248493,-0.205993,-0.734275,-0.133239,-0.622866,-0.190134,-0.173044,-0.297742,-0.0764719,-0.761526,-0.0764719,-0.220891,-0.352518,-0.205993,-0.205993,-0.108467,-0.0764719,-0.190134,-0.108467,-0.108467,-0.568927,-0.205993,-0.154311,-0.108467,-0.0764719,-1.37578
109,-0.0764719,-0.133239,-0.190134,-0.0764719,-0.0764719,-0.0764719,-0.0764719,-0.200103,-0.0764719,-0.0764719,-0.341993,-0.205993,-0.108467,-0.393061,-0.0764719,-0.0764719,-0.0764719,-0.248493,-0.265965,1.69249,-0.0764719,1.68504,0.248493,-0.205993,0.534018,-0.133239,-0.622866,-0.190134,-0.173044,-0.297742,-0.0764719,1.30547,-0.0764719,-0.220891,2.82014,-0.205993,4.82613,-0.108467,-0.0764719,-0.190134,-0.108467,-0.108467,-0.568927,-0.205993,-0.154311,-0.108467,-0.0764719,-1.37578
122,-0.0764719,-0.133239,-0.190134,-0.0764719,-0.0764719,-0.0764719,-0.0764719,1.22563,-0.0764719,-0.0764719,-0.341993,-0.205993,-0.108467,-0.393061,-0.0764719,-0.0764719,-0.0764719,-0.248493,-0.971083,-0.802473,-0.0764719,-0.726187,0.248493,-0.205993,1.80231,-0.133239,1.59609,-0.190134,-0.173044,-0.297742,-0.0764719,-0.761526,-0.0764719,-0.220891,-0.352518,-0.205993,-0.205993,-0.108467,-0.0764719,-0.190134,-0.108467,-0.108467,-0.568927,-0.205993,6.4425,-0.108467,-0.0764719,0.113197
88,-0.0764719,-0.133239,-0.190134,-0.0764719,-0.0764719,-0.0764719,-0.0764719,-0.912972,-0.0764719,-0.0764719,2.90694,-0.205993,-0.108467,-0.393061,-0.0764719,-0.0764719,-0.0764719,-0.248493,-0.971083,-0.802473,-0.0764719,-0.726187,-4.00073,-0.205993,-0.734275,-0.133239,-0.622866,-0.190134,-0.173044,-0.297742,-0.0764719,-0.761526,-0.0764719,-0.220891,-0.352518,4.82613,-0.205993,9.16547,-0.0764719,-0.190134,-0.108467,-0.108467,-0.568927,4.82613,-0.154311,-0.108467,-0.0764719,0.113197
111,-0.0764719,-0.133239,-0.190134,-0.0764719,-0.0764719,-0.0764719,-0.0764719,1.9385,-0.0764719,-0.0764719,-0.341993,-0.205993,-0.108467,-0.393061,-0.0764719,-0.0764719,-0.0764719,-0.248493,0.791711,0.445008,-0.0764719,0.479425,0.248493,-0.205993,0.534018,-0.133239,-0.622866,-0.190134,-0.173044,-0.297742,-0.0764719,-0.761526,-0.0764719,-0.220891,-0.352518,-0.205993,-0.205993,-0.108467,-0.0764719,-0.190134,-0.108467,-0.108467,1.74742,-0.205993,-0.154311,-0.108467,-0.0764719,0.113197
128,-0.0764719,-0.133239,-0.190134,-0.0764719,-0.0764719,-0.0764719,-0.0764719,1.22563,-0.0764719,-0.0764719,-0.341993,-0.205993,-0.108467,-0.393061,-0.0764719,-0.0764719,-0.0764719,-0.248493,-0.971083,-0.802473,-0.0764719,-0.726187,0.248493,-0.205993,-0.734275,-0.133239,1.59609,-0.190134,-0.173044,3.33897,-0.0764719,-0.761526,-0.0764719,-0.220891,-0.352518,-0.205993,-0.205993,-0.108467,-0.0764719,-0.190134,-0.108467,-0.108467,-0.568927,-0.205993,-0.154311,-0.108467,-0.0764719,0.113197
105,-0.0764719,-0.133239,-0.190134,-0.0764719,-0.0764719,-0.0764719,-0.0764719,1.22563,-0.0764719,-0.0764719,-0.341993,-0.205993,-0.108467,-0.393061,-0.0764719,-0.0764719,-0.0764719,-0.248493,0.439152,0.445008,-0.0764719,1.68504,0.248493,-0.205993,-0.734275,-0.133239,-0.622866,-0.190134,-0.173044,-0.297742,-0.0764719,-0.761526,-0.0764719,-0.220891,-0.352518,-0.205993,-0.205993,-0.108467,-0.0764719,-0.190134,-0.108467,-0.108467,-0.568927,-0.205993,-0.154311,-0.108467,-0.0764719,0.609523
23,-0.0764719,-0.133239,-0.190134,-0.0764719,-0.0764719,-0.0764719,-0.0764719,-0.200103,-0.0764719,-0.0764719,-0.341993,-0.205993,-0.108467,-0.393061,-0.0764719,-0.0764719,-0.0764719,-0.248493,1.14427,-0.802473,-0.0764719,-0.726187,0.248493,-0.205993,1.80231,-0.133239,-0.622866,-0.190134,-0.173044,-0.297742,-0.0764719,-0.761526,-0.0764719,-0.220891,-0.352518,-0.205993,-0.205993,-0.108467,-0.0764719,-0.190134,-0.108467,-0.108467,1.74742,-0.205993,-0.154311,-0.108467,-0.0764719,0.113197
117,-0.0764719,-0.133239,-0.190134,-0.0764719,-0.0764719,-0.0764719,-0.0764719,1.22563,-0.0764719,-0.0764719,-0.341993,-0.205993,-0.108467,-0.393061,-0.0764719,-0.0764719,-0.0764719,-0.248493,-0.971083,-0.802473,-0.0764719,-0.726187,0.248493,-0.205993,-0.734275,-0.133239,-0.622866,-0.190134,-0.173044,-0.297742,-0.0764719,-0.761526,-0.0764719,-0.220891,-0.352518,-0.205993,-0.205993,-0.108467,-0.0764719,-0.190134,-0.108467,-0.108467,-0.568927,-0.205993,-0.154311,-0.108467,-0.0764719,0.113197
141,-0.0764719,-0.133239,-0.190134,-0.0764719,-0.0764719,-0.0764719,-0.0764719,-0.200103,13.0002,-0.0764719,-0.341993,-0.205993,-0.108467,-0.393061,-0.0764719,-0.0764719,-0.0764719,-0.248493,-0.971083,0.445008,-0.0764719,1.68504,0.248493,-0.205993,0.534018,-0.133239,-0.622866,-0.190134,-0.173044,-0.297742,-0.0764719,-0.761526,-0.0764719,-0.220891,2.82014,-0.205993,-0.205993,-0.108467,-0.0764719,-0.190134,-0.108467,-0.108467,-0.568927,-0.205993,-0.154311,-0.108467,-0.0764719,-1.37578
40,-0.0764719,-0.133239,-0.190134,-0.0764719,-0.0764719,-0.0764719,-0.0764719,-0.912972,-0.0764719,-0.0764719,-0.341993,-0.205993,-0.108467,-0.393061,-0.0764719,-0.0764719,-0.0764719,-0.248493,-0.971083,-0.802473,-0.0764719,-0.726187,0.248493,-0.205993,-0.734275,-0.133239,-0.622866,-0.190134,-0.173044,-0.297742,-0.0764719,1.30547,-0.0764719,-0.220891,-0.352518,-0.205993,-0.205993,-0.108467,-0.0764719,-0.190134,-0.108467,-0.108467,-0.568927,-0.205993,-0.154311,-0.108467,-0.0764719,0.113197
55,-0.0764719,-0.133239,-0.190134,-0.0764719,-0.0764719,-0.0764719,-0.0764719,1.22563,-0.0764719,-0.0764719,-0.341993,-0.205993,-0.108467,2.52926,-0.0764719,-0.0764719,-0.0764719,-0.248493,0.439152,-0.802473,-0.0764719,0.479425,0.248493,-0.205993,1.80231,-0.133239,1.59609,-0.190134,-0.173044,-0.297742,-0.0764719,-0.761526,-0.0764719,-0.220891,-0.352518,-0.205993,-0.205993,-0.108467,-0.0764719,-0.190134,-0.108467,-0.108467,-0.568927,-0.205993,-0.154311,-0.108467,-0.0764719,0.113197
175,0.0,0.0,-0.2,0.0,0.0,0.0,0.0,-0.919688,0.0,0.0,0.0,0.0,0.0,0.0,0.0,0.0,0.0,0.0,-0.979796,-0.619677,0.0,-0.797703,0.0,-0.288926,-0.618147,0.0,-0.8,-0.2,0.0,-0.489898,0.0,0.8,0.0,-0.288926,-0.288926,-0.2,-0.288926,0.0,0.0,0.0,0.0,0.0,0.0,0.0,0.0,0.0,0.0,0.633333
0,-0.0764719,-0.133239,-0.190134,-0.0764719,-0.0764719,-0.0764719,-0.0764719,-0.912972,-0.0764719,-0.0764719,-0.341993,-0.205993,-0.108467,-0.393061,-0.0764719,-0.0764719,-0.0764719,-0.248493,-0.971083,-0.802473,-0.0764719,-0.726187,0.248493,-0.205993,-0.734275,-0.133239,-0.622866,-0.190134,-0.173044,-0.297742,-0.0764719,-0.761526,-0.0764719,-0.220891,-0.352518,-0.205993,-0.205993,-0.108467,-0.0764719,-0.190134,-0.108467,-0.108467,1.74742,-0.205993,-0.154311,-0.108467,-0.0764719,0.113197
139,-0.0764719,-0.133239,-0.190134,-0.0764719,-0.0764719,-0.0764719,-0.0764719,-0.912972,-0.0764719,-0.0764719,-0.341993,-0.205993,-0.108467,-0.393061,-0.0764719,-0.0764719,-0.0764719,-0.248493,2.5545,-0.802473,-0.0764719,-0.726187,0.248493,-0.205993,1.80231,-0.133239,-0.622866,-0.190134,-0.173044,-0.297742,-0.0764719,1.30547,-0.0764719,-0.220891,-0.352518,-0.205993,4.82613,-0.108467,-0.0764719,-0.190134,-0.108467,-0.108467,1.74742,-0.205993,-0.154311,-0.108467,-0.0764719,1.60217
54,-0.0764719,-0.133239,-0.190134,-0.0764719,-0.0764719,-0.0764719,-0.0764719,-0.912972,-0.0764719,-0.0764719,-0.341993,-0.205993,-0.108467,-0.393061,-0.0764719,-0.0764719,-0.0764719,-0.248493,1.84939,1.69249,-0.0764719,-0.726187,0.248493,-0.205993,1.80231,-0.133239,-0.622866,-0.190134,-0.173044,-0.297742,-0.0764719,1.30547,-0.0764719,-0.220891,-0.352518,-0.205993,-0.205993,-0.108467,-0.0764719,-0.190134,-0.108467,-0.108467,-0.568927,-0.205993,-0.154311,-0.108467,-0.0764719,0.113197
112,-0.0764719,-0.133239,-0.190134,-0.0764719,-0.0764719,-0.0764719,-0.0764719,-0.912972,-0.0764719,-0.0764719,-0.341993,-0.205993,-0.108467,-0.393061,-0.0764719,-0.0764719,-0.0764719,-0.248493,-0.971083,-0.802473,-0.0764719,-0.726187,0.248493,-0.205993,-0.734275,-0.133239,-0.622866,-0.190134,-0.173044,-0.297742,-0.0764719,-0.761526,-0.0764719,-0.220891,-0.352518,-0.205993,-0.205993,-0.108467,-0.0764719,-0.190134,-0.108467,-0.108467,1.74742,-0.205993,-0.154311,-0.108467,-0.0764719,-1.37578
62,-0.0764719,-0.133239,-0.190134,-0.0764719,-0.0764719,-0.0764719,-0.0764719,1.22563,-0.0764719,-0.0764719,-0.341993,-0.205993,-0.108467,-0.393061,-0.0764719,-0.0764719,-0.0764719,-0.248493,-0.971083,0.445008,-0.0764719,-0.726187,0.248493,-0.205993,-0.734275,-0.133239,-0.622866,-0.190134,-0.173044,-0.297742,-0.0764719,-0.761526,-0.0764719,-0.220891,-0.352518,-0.205993,-0.205993,-0.108467,-0.0764719,-0.190134,-0.108467,-0.108467,-0.568927,-0.205993,-0.154311,-0.108467,-0.0764719,0.113197
145,-0.0764719,-0.133239,-0.190134,-0.0764719,-0.0764719,-0.0764719,-0.0764719,-0.912972,-0.0764719,-0.0764719,2.90694,-0.205993,-0.108467,-0.393061,-0.0764719,-0.0764719,-0.0764719,-0.248493,-0.265965,-0.802473,-0.0764719,-0.726187,0.248493,-0.205993,1.80231,-0.133239,-0.622866,-0.190134,-0.173044,-0.297742,-0.0764719,1.30547,-0.0764719,-0.220891,-0.352518,-0.205993,4.82613,-0.108467,-0.0764719,-0.190134,-0.108467,-0.108467,1.74742,-0.205993,-0.154311,-0.108467,-0.0764719,-1.37578
4,-0.0764719,-0.133239,-0.190134,-0.0764719,-0.0764719,-0.0764719,-0.0764719,-0.912972,-0.0764719,-0.0764719,-0.341993,-0.205993,-0.108467,-0.393061,-0.0764719,-0.0764719,-0.0764719,-0.248493,0.439152,-0.802473,-0.0764719,-0.726187,0.248493,-0.205993,-0.734275,-0.133239,-0.622866,-0.190134,-0.173044,-0.297742,-0.0764719,1.30547,-0.0764719,-0.220891,-0.352518,-0.205993,-0.205993,-0.108467,-0.0764719,-0.190134,-0.108467,-0.108467,1.74742,-0.205993,-0.154311,-0.108467,-0.0764719,-1.37578
49,-0.0764719,-0.133239,-0.190134,-0.0764719,-0.0764719,-0.0764719,-0.0764719,-0.200103,-0.0764719,-0.0764719,-0.341993,-0.205993,-0.108467,-0.393061,-0.0764719,-0.0764719,-0.0764719,-0.248493,-0.265965,1.69249,-0.0764719,1.68504,0.248493,-0.205993,0.534018,-0.133239,-0.622866,-0.190134,-0.173044,-0.297742,-0.0764719,-0.761526,-0.0764719,-0.220891,2.82014,-0.205993,-0.205993,-0.108467,-0.0764719,-0.190134,-0.108467,-0.108467,-0.568927,-0.205993,-0.154311,-0.108467,-0.0764719,0.609523
116,-0.0764719,-0.133239,-0.190134,-0.0764719,-0.0764719,-0.0764719,-0.0764719,-0.912972,-0.0764719,-0.0764719,-0.341993,-0.205993,-0.108467,-0.393061,-0.0764719,-0.0764719,-0.0764719,-0.248493,0.439152,-0.802473,-0.0764719,-0.726187,0.248493,-0.205993,-0.734275,-0.133239,-0.622866,-0.190134,-0.173044,-0.297742,-0.0764719,1.30547,-0.0764719,-0.220891,-0.352518,-0.205993,-0.205993,-0.108467,-0.0764719,-0.190134,-0.108467,-0.108467,-0.568927,-0.205993,-0.154311,-0.108467,-0.0764719,0.113197
118,-0.0764719,-0.133239,-0.190134,-0.0764719,-0.0764719,-0.0764719,-0.0764719,-0.912972,-0.0764719,-0.0764719,-0.341993,-0.205993,-0.108467,-0.393061,-0.0764719,-0.0764719,-0.0764719,-0.248493,-0.265965,-0.802473,-0.0764719,-0.726187,0.248493,-0.205993,-0.734275,-0.133239,-0.622866,-0.190134,-0.173044,-0.297742,-0.0764719,-0.761526,-0.0764719,-0.220891,-0.352518,-0.205993,-0.205993,-0.108467,-0.0764719,-0.190134,-0.108467,-0.108467,1.74742,-0.205993,-0.154311,-0.108467,-0.0764719,0.113197
100,-0.0764719,-0.133239,-0.190134,-0.0764719,-0.0764719,-0.0764719,-0.0764719,1.22563,-0.0764719,-0.0764719,2.90694,-0.205993,-0.108467,-0.393061,-0.0764719,-0.0764719,-0.0764719,-0.248493,0.439152,1.69249,-0.0764719,0.479425,0.248493,-0.205993,-0.734275,-0.133239,-0.622866,-0.190134,-0.173044,-0.297742,-0.0764719,-0.761526,-0.0764719,-0.220891,-0.352518,-0.205993,-0.205993,-0.108467,-0.0764719,-0.190134,-0.108467,-0.108467,-0.568927,-0.205993,-0.154311,-0.108467,-0.0764719,0.609523
183,0.0,0.0,-0.2,0.0,0.0,0.0,0.0,1.17051,0.0,0.0,0.0,0.0,0.0,0.0,0.0,0.0,0.0,0.0,-0.979796,2.47871,0.0,0.37539,0.0,-0.288926,0.786732,0.0,1.2,-0.2,0.0,1.95959,0.0,-1.2,0.0,-0.288926,-0.288926,-0.2,-0.288926,0.0,0.0,0.0,0.0,0.0,0.0,0.0,0.0,0.0,0.0,-0.2
127,-0.0764719,-0.133239,-0.190134,-0.0764719,-0.0764719,-0.0764719,-0.0764719,1.22563,-0.0764719,-0.0764719,2.90694,-0.205993,-0.108467,-0.393061,-0.0764719,-0.0764719,-0.0764719,4.00073,-0.971083,-0.802473,-0.0764719,-0.726187,0.248493,-0.205993,-0.734275,-0.133239,-0.622866,-0.190134,-0.173044,-0.297742,-0.0764719,1.30547,-0.0764719,-0.220891,-0.352518,-0.205993,-0.205993,-0.108467,-0.0764719,-0.190134,-0.108467,-0.108467,-0.568927,-0.205993,-0.154311,-0.108467,-0.0764719,0.609523
14,-0.0764719,-0.133239,-0.190134,-0.0764719,-0.0764719,-0.0764719,-0.0764719,-0.912972,-0.0764719,-0.0764719,-0.341993,-0.205993,-0.108467,-0.393061,-0.0764719,-0.0764719,-0.0764719,-0.248493,-0.265965,1.69249,-0.0764719,-0.726187,0.248493,-0.205993,1.80231,-0.133239,-0.622866,-0.190134,-0.173044,-0.297742,-0.0764719,1.30547,-0.0764719,-0.220891,-0.352518,-0.205993,-0.205993,-0.108467,-0.0764719,-0.190134,-0.108467,-0.108467,1.74742,-0.205993,-0.154311,-0.108467,-0.0764719,-1.37578
132,-0.0764719,-0.133239,-0.190134,-0.0764719,-0.0764719,-0.0764719,-0.0764719,1.22563,-0.0764719,-0.0764719,-0.341993,-0.205993,-0.108467,-0.393061,-0.0764719,-0.0764719,-0.0764719,-0.248493,-0.971083,-0.802473,-0.0764719,-0.726187,0.248493,-0.205993,-0.734275,-0.133239,1.59609,-0.190134,-0.173044,-0.297742,-0.0764719,-0.761526,-0.0764719,-0.220891,-0.352518,-0.205993,-0.205993,-0.108467,-0.0764719,-0.190134,-0.108467,-0.108467,-0.568927,-0.205993,-0.154311,-0.108467,-0.0764719,0.609523
172,0.0,0.0,-0.2,0.0,0.0,0.0,0.0,-0.919688,0.0,0.0,0.0,0.0,0.0,0.0,0.0,0.0,0.0,0.0,-0.163299,-0.619677,0.0,-0.797703,0.0,-0.288926,-0.618147,0.0,-0.8,-0.2,0.0,-0.489898,0.0,0.8,0.0,-0.288926,-0.288926,-0.2,3.32265,0.0,0.0,0.0,0.0,0.0,0.0,0.0,0.0,0.0,0.0,0.633333
163,-0.0764719,-0.133239,-0.190134,-0.0764719,-0.0764719,-0.0764719,-0.0764719,-0.912972,-0.0764719,-0.0764719,-0.341993,-0.205993,-0.108467,2.52926,-0.0764719,-0.0764719,-0.0764719,-0.248493,2.5545,-0.802473,-0.0764719,-0.726187,0.248493,-0.205993,-0.734275,-0.133239,1.59609,-0.190134,5.74507,-0.297742,-0.0764719,1.30547,-0.0764719,-0.220891,-0.352518,-0.205993,-0.205993,-0.108467,-0.0764719,-0.190134,-0.108467,-0.108467,-0.568927,-0.205993,-0.154311,-0.108467,-0.0764719,1.60217
26,-0.0764719,-0.133239,-0.190134,-0.0764719,-0.0764719,-0.0764719,13.0002,-0.912972,-0.0764719,-0.0764719,-0.341993,-0.205993,-0.108467,-0.393061,-0.0764719,-0.0764719,-0.0764719,-0.248493,-0.971083,-0.802473,-0.0764719,-0.726187,0.248493,-0.205993,-0.734275,-0.133239,1.59609,-0.190134,-0.173044,-0.297742,-0.0764719,-0.761526,-0.0764719,-0.220891,-0.352518,-0.205993,-0.205993,-0.108467,-0.0764719,-0.190134,-0.108467,-0.108467,1.74742,-0.205993,-0.154311,-0.108467,-0.0764719,0.113197
15,-0.0764719,-0.133239,-0.190134,-0.0764719,-0.0764719,-0.0764719,-0.0764719,-0.912972,-0.0764719,-0.0764719,-0.341993,-0.205993,-0.108467,-0.393061,-0.0764719,-0.0764719,-0.0764719,-0.248493,0.439152,1.69249,-0.0764719,-0.726187,0.248493,-0.205993,-0.734275,-0.133239,1.59609,-0.190134,-0.173044,-0.297742,-0.0764719,-0.761526,-0.0764719,-0.220891,-0.352518,-0.205993,-0.205993,-0.108467,-0.0764719,-0.190134,-0.108467,-0.108467,1.74742,-0.205993,-0.154311,-0.108467,-0.0764719,-1.37578
10,-0.0764719,-0.133239,-0.190134,-0.0764719,-0.0764719,-0.0764719,-0.0764719,-0.912972,-0.0764719,-0.0764719,-0.341993,-0.205993,-0.108467,-0.393061,-0.0764719,-0.0764719,-0.0764719,-0.248493,-0.265965,-0.802473,-0.0764719,-0.726187,0.248493,-0.205993,-0.734275,-0.133239,-0.622866,-0.190134,-0.173044,-0.297742,-0.0764719,1.30547,-0.0764719,-0.220891,-0.352518,-0.205993,-0.205993,-0.108467,-0.0764719,-0.190134,-0.108467,-0.108467,1.74742,-0.205993,-0.154311,-0.108467,-0.0764719,0.113197
160,-0.0764719,-0.133239,-0.190134,-0.0764719,-0.0764719,-0.0764719,-0.0764719,0.512765,-0.0764719,-0.0764719,-0.341993,-0.205993,-0.108467,-0.393061,-0.0764719,-0.0764719,-0.0764719,-0.248493,1.14427,0.445008,-0.0764719,1.68504,0.248493,-0.205993,0.534018,-0.133239,-0.622866,-0.190134,-0.173044,-0.297742,-0.0764719,-0.761526,-0.0764719,-0.220891,2.82014,-0.205993,-0.205993,-0.108467,-0.0764719,-0.190134,-0.108467,-0.108467,-0.568927,-0.205993,-0.154311,-0.108467,-0.0764719,0.609523
81,-0.0764719,-0.133239,-0.190134,-0.0764719,-0.0764719,-0.0764719,-0.0764719,1.22563,-0.0764719,-0.0764719,-0.341993,-0.205993,-0.108467,-0.393061,-0.0764719,-0.0764719,-0.0764719,-0.248493,-0.971083,0.445008,-0.0764719,1.68504,0.248493,-0.205993,1.80231,-0.133239,-0.622866,-0.190134,-0.173044,-0.297742,-0.0764719,-0.761526,-0.0764719,-0.220891,-0.352518,-0.205993,-0.205993,-0.108467,-0.0764719,-0.190134,-0.108467,-0.108467,-0.568927,-0.205993,-0.154311,-0.108467,-0.0764719,0.113197
77,-0.0764719,-0.133239,-0.190134,-0.0764719,-0.0764719,-0.0764719,-0.0764719,-0.200103,-0.0764719,-0.0764719,-0.341993,-0.205993,-0.108467,-0.393061,-0.0764719,-0.0764719,-0.0764719,-0.248493,0.439152,0.445008,-0.0764719,1.68504,0.248493,-0.205993,0.534018,-0.133239,-0.622866,-0.190134,-0.173044,-0.297742,-0.0764719,-0.761526,-0.0764719,-0.220891,2.82014,-0.205993,-0.205993,-0.108467,-0.0764719,-0.190134,-0.108467,-0.108467,-0.568927,-0.205993,-0.154311,-0.108467,-0.0764719,-1.37578
99,-0.0764719,-0.133239,-0.190134,-0.0764719,-0.0764719,-0.0764719,-0.0764719,-0.912972,-0.0764719,-0.0764719,-0.341993,-0.205993,9.16547,-0.393061,-0.0764719,-0.0764719,-0.0764719,-0.248493,1.84939,1.69249,-0.0764719,-0.726187,0.248493,-0.205993,1.80231,-0.133239,1.59609,-0.190134,-0.173044,-0.297742,-0.0764719,-0.761526,-0.0764719,-0.220891,-0.352518,-0.205993,-0.205993,-0.108467,-0.0764719,-0.190134,-0.108467,-0.108467,-0.568927,-0.205993,-0.154311,-0.108467,-0.0764719,1.60217
158,-0.0764719,-0.133239,-0.190134,-0.0764719,-0.0764719,-0.0764719,-0.0764719,-0.912972,-0.0764719,-0.0764719,-0.341993,-0.205993,-0.108467,-0.393061,-0.0764719,-0.0764719,-0.0764719,-0.248493,1.84939,-0.802473,-0.0764719,-0.726187,0.248493,-0.205993,-0.734275,-0.133239,-0.622866,-0.190134,-0.173044,-0.297742,-0.0764719,-0.761526,13.0002,-0.220891,-0.352518,-0.205993,-0.205993,-0.108467,-0.0764719,-0.190134,-0.108467,-0.108467,-0.568927,-0.205993,-0.154311,-0.108467,-0.0764719,-1.37578
13,-0.0764719,-0.133239,-0.190134,-0.0764719,-0.0764719,-0.0764719,-0.0764719,-0.912972,-0.0764719,-0.0764719,-0.341993,-0.205993,-0.108467,-0.393061,-0.0764719,-0.0764719,-0.0764719,-0.248493,0.439152,1.69249,-0.0764719,-0.726187,0.248493,-0.205993,-0.734275,-0.133239,-0.622866,-0.190134,-0.173044,-0.297742,-0.0764719,1.30547,-0.0764719,-0.220891,-0.352518,-0.205993,-0.205993,-0.108467,-0.0764719,-0.190134,-0.108467,-0.108467,1.74742,-0.205993,-0.154311,-0.108467,-0.0764719,-1.37578
91,-0.0764719,-0.133239,-0.190134,-0.0764719,-0.0764719,-0.0764719,-0.0764719,-0.912972,-0.0764719,-0.0764719,2.90694,-0.205993,-0.108467,-0.393061,-0.0764719,-0.0764719,-0.0764719,4.00073,-0.971083,-0.802473,-0.0764719,-0.726187,0.248493,-0.205993,-0.734275,-0.133239,1.59609,-0.190134,-0.173044,3.33897,-0.0764719,-0.761526,-0.0764719,4.50065,-0.352518,-0.205993,-0.205993,-0.108467,-0.0764719,5.22869,-0.108467,-0.108467,-0.568927,-0.205993,-0.154311,-0.108467,-0.0764719,0.113197
178,0.0,0.0,-0.2,0.0,0.0,0.0,0.0,-0.919688,0.0,0.0,0.0,0.0,0.0,0.0,0.0,0.0,0.0,0.0,-0.163299,-0.619677,0.0,-0.797703,0.0,-0.288926,-0.618147,0.0,-0.8,-0.2,0.0,-0.489898,0.0,0.8,0.0,-0.288926,-0.288926,-0.2,-0.288926,0.0,0.0,0.0,0.0,0.0,0.0,0.0,0.0,0.0,0.0,0.633333
174,0.0,0.0,-0.2,0.0,0.0,0.0,0.0,-0.919688,0.0,0.0,0.0,0.0,0.0,0.0,0.0,0.0,0.0,0.0,3.10269,-0.619677,0.0,-0.797703,0.0,-0.288926,-0.618147,0.0,1.2,-0.2,0.0,-0.489898,0.0,0.8,0.0,-0.288926,-0.288926,-0.2,-0.288926,0.0,0.0,0.0,0.0,0.0,0.0,0.0,0.0,0.0,0.0,0.633333
16,-0.0764719,-0.133239,-0.190134,-0.0764719,-0.0764719,-0.0764719,-0.0764719,-0.912972,-0.0764719,-0.0764719,-0.341993,-0.205993,-0.108467,-0.393061,-0.0764719,-0.0764719,-0.0764719,-0.248493,-0.971083,-0.802473,-0.0764719,-0.726187,0.248493,-0.205993,1.80231,-0.133239,1.59609,-0.190134,-0.173044,-0.297742,-0.0764719,-0.761526,-0.0764719,-0.220891,-0.352518,-0.205993,-0.205993,-0.108467,-0.0764719,-0.190134,-0.108467,-0.108467,1.74742,-0.205993,-0.154311,-0.108467,-0.0764719,-1.37578
129,-0.0764719,-0.133239,-0.190134,-0.0764719,-0.0764719,-0.0764719,-0.0764719,1.22563,-0.0764719,-0.0764719,-0.341993,4.82613,-0.108467,-0.393061,-0.0764719,-0.0764719,-0.0764719,-0.248493,-0.265965,-0.802473,-0.0764719,-0.726187,0.248493,-0.205993,-0.734275,-0.133239,1.59609,-0.190134,-0.173044,-0.297742,-0.0764719,-0.761526,-0.0764719,-0.220891,-0.352518,-0.205993,-0.205993,-0.108467,-0.0764719,-0.190134,-0.108467,-0.108467,-0.568927,-0.205993,-0.154311,-0.108467,-0.0764719,0.113197
22,-0.0764719,-0.133239,-0.190134,-0.0764719,-0.0764719,-0.0764719,-0.0764719,1.22563,-0.0764719,-0.0764719,-0.341993,-0.205993,-0.108467,-0.393061,-0.0764719,-0.0764719,-0.0764719,-0.248493,-0.971083,-0.802473,-0.0764719,-0.726187,0.248493,-0.205993,-0.734275,-0.133239,-0.622866,-0.190134,-0.173044,-0.297742,-0.0764719,-0.761526,-0.0764719,-0.220891,-0.352518,-0.205993,-0.205993,-0.108467,-0.0764719,-0.190134,-0.108467,-0.108467,-0.568927,-0.205993,-0.154311,-0.108467,-0.0764719,0.609523
66,-0.0764719,7.4614,-0.190134,-0.0764719,-0.0764719,-0.0764719,-0.0764719,-0.912972,-0.0764719,-0.0764719,-0.341993,-0.205993,-0.108467,-0.393061,-0.0764719,-0.0764719,-0.0764719,-0.248493,1.84939,1.69249,-0.0764719,0.479425,0.248493,-0.205993,-0.734275,-0.133239,-0.622866,-0.190134,-0.173044,-0.297742,-0.0764719,-0.761526,-0.0764719,-0.220891,-0.352518,-0.205993,-0.205993,-0.108467,-0.0764719,-0.190134,-0.108467,-0.108467,-0.568927,-0.205993,-0.154311,-0.108467,-0.0764719,-1.37578
6,-0.0764719,-0.133239,-0.190134,-0.0764719,-0.0764719,-0.0764719,-0.0764719,-0.912972,-0.0764719,-0.0764719,-0.341993,-0.205993,-0.108467,-0.393061,-0.0764719,-0.0764719,-0.0764719,-0.248493,0.439152,-0.802473,-0.0764719,-0.726187,0.248493,-0.205993,-0.734275,-0.133239,-0.622866,-0.190134,-0.173044,-0.297742,-0.0764719,-0.761526,-0.0764719,-0.220891,-0.352518,-0.205993,-0.205993,-0.108467,-0.0764719,-0.190134,-0.108467,-0.108467,1.74742,-0.205993,-0.154311,-0.108467,-0.0764719,-1.37578
193,0.0,0.0,-0.2,0.0,0.0,0.0,0.0,-0.222955,0.0,0.0,0.0,0.0,0.0,0.0,0.0,0.0,0.0,0.0,-0.979796,-0.619677,0.0,1.54848,0.0,-0.288926,0.786732,0.0,-0.8,-0.2,0.0,-0.489898,0.0,-1.2,0.0,-0.288926,3.32265,-0.2,-0.288926,0.0,0.0,0.0,0.0,0.0,0.0,0.0,0.0,0.0,0.0,-1.86667
72,-0.0764719,-0.133239,-0.190134,-0.0764719,-0.0764719,-0.0764719,-0.0764719,1.22563,-0.0764719,-0.0764719,-0.341993,-0.205993,-0.108467,-0.393061,-0.0764719,-0.0764719,-0.0764719,-0.248493,0.439152,1.69249,-0.0764719,-0.726187,0.248493,-0.205993,-0.734275,-0.133239,1.59609,5.22869,-0.173044,-0.297742,-0.0764719,-0.761526,-0.0764719,-0.220891,-0.352518,-0.205993,-0.205993,-0.108467,-0.0764719,-0.190134,9.16547,-0.108467,-0.568927,-0.205993,-0.154311,-0.108467,-0.0764719,0.113197
25,-0.0764719,-0.133239,-0.190134,-0.0764719,-0.0764719,-0.0764719,-0.0764719,1.22563,-0.0764719,-0.0764719,-0.341993,-0.205993,-0.108467,-0.393061,-0.0764719,-0.0764719,-0.0764719,-0.248493,0.439152,-0.802473,-0.0764719,-0.726187,0.248493,-0.205993,1.80231,-0.133239,-0.622866,-0.190134,-0.173044,3.33897,-0.0764719,-0.761526,-0.0764719,-0.220891,-0.352518,-0.205993,-0.205993,-0.108467,-0.0764719,-0.190134,-0.108467,-0.108467,1.74742,-0.205993,-0.154311,-0.108467,-0.0764719,0.609523
159,-0.0764719,-0.133239,-0.190134,-0.0764719,-0.0764719,-0.0764719,-0.0764719,-0.912972,-0.0764719,-0.0764719,-0.341993,-0.205993,-0.108467,-0.393061,-0.0764719,-0.0764719,-0.0764719,-0.248493,1.84939,-0.802473,-0.0764719,0.479425,0.248493,-0.205993,-0.734275,-0.133239,-0.622866,-0.190134,5.74507,-0.297742,-0.0764719,-0.761526,-0.0764719,-0.220891,-0.352518,-0.205993,-0.205993,-0.108467,-0.0764719,-0.190134,-0.108467,-0.108467,-0.568927,-0.205993,-0.154311,-0.108467,-0.0764719,-1.37578
75,-0.0764719,-0.133239,-0.190134,-0.0764719,-0.0764719,-0.0764719,-0.0764719,-0.200103,-0.0764719,-0.0764719,-0.341993,-0.205993,-0.108467,-0.393061,-0.0764719,-0.0764719,-0.0764719,-0.248493,0.439152,0.445008,-0.0764719,1.68504,0.248493,-0.205993,0.534018,-0.133239,-0.622866,-0.190134,-0.173044,-0.297742,-0.0764719,-0.761526,-0.0764719,-0.220891,2.82014,-0.205993,-0.205993,-0.108467,-0.0764719,-0.190134,-0.108467,-0.108467,1.74742,-0.205993,-0.154311,-0.108467,-0.0764719,-1.37578
57,-0.0764719,7.4614,-0.190134,-0.0764719,-0.0764719,-0.0764719,-0.0764719,-0.912972,-0.0764719,-0.0764719,-0.341993,-0.205993,-0.108467,2.52926,-0.0764719,-0.0764719,-0.0764719,-0.248493,-0.265965,-0.802473,-0.0764719,-0.726187,0.248493,-0.205993,-0.734275,-0.133239,1.59609,-0.190134,-0.173044,-0.297742,-0.0764719,1.30547,-0.0764719,-0.220891,-0.352518,-0.205993,-0.205993,-0.108467,-0.0764719,-0.190134,-0.108467,-0.108467,-0.568927,-0.205993,-0.154311,-0.108467,-0.0764719,0.113197
142,-0.0764719,-0.133239,-0.190134,-0.0764719,-0.0764719,-0.0764719,-0.0764719,1.22563,-0.0764719,-0.0764719,2.90694,-0.205993,-0.108467,-0.393061,-0.0764719,-0.0764719,-0.0764719,4.00073,-0.971083,-0.802473,-0.0764719,-0.726187,0.248493,-0.205993,-0.734275,-0.133239,-0.622866,-0.190134,-0.173044,-0.297742,-0.0764719,-0.761526,-0.0764719,4.50065,-0.352518,-0.205993,-0.205993,-0.108467,-0.0764719,-0.190134,-0.108467,-0.108467,-0.568927,-0.205993,6.4425,-0.108467,-0.0764719,1.60217
73,-0.0764719,-0.133239,-0.190134,-0.0764719,-0.0764719,-0.0764719,-0.0764719,1.22563,-0.0764719,-0.0764719,-0.341993,-0.205993,-0.108467,-0.393061,-0.0764719,-0.0764719,-0.0764719,-0.248493,-0.265965,-0.802473,-0.0764719,-0.726187,0.248493,-0.205993,1.80231,-0.133239,1.59609,5.22869,-0.173044,-0.297742,-0.0764719,-0.761526,-0.0764719,-0.220891,-0.352518,-0.205993,-0.205993,-0.108467,-0.0764719,-0.190134,9.16547,-0.108467,-0.568927,-0.205993,-0.154311,-0.108467,-0.0764719,0.113197
169,-0.0764719,-0.133239,-0.190134,-0.0764719,-0.0764719,-0.0764719,-0.0764719,-0.912972,-0.0764719,-0.0764719,-0.341993,-0.205993,-0.108467,-0.393061,-0.0764719,-0.0764719,-0.0764719,-0.248493,0.439152,-0.802473,-0.0764719,-0.726187,0.248493,-0.205993,-0.734275,-0.133239,-0.622866,-0.190134,-0.173044,3.33897,-0.0764719,1.30547,-0.0764719,-0.220891,-0.352518,-0.205993,-0.205993,-0.108467,-0.0764719,-0.190134,-0.108467,-0.108467,-0.568927,-0.205993,-0.154311,-0.108467,-0.0764719,1.60217
165,-0.0764719,-0.133239,-0.190134,-0.0764719,-0.0764719,-0.0764719,-0.0764719,-0.912972,-0.0764719,-0.0764719,-0.341993,-0.205993,-0.108467,-0.393061,-0.0764719,-0.0764719,-0.0764719,-0.248493,-0.265965,1.69249,-0.0764719,-0.726187,0.248493,-0.205993,-0.734275,-0.133239,-0.622866,-0.190134,-0.173044,-0.297742,-0.0764719,1.30547,-0.0764719,-0.220891,-0.352518,-0.205993,4.82613,-0.108467,-0.0764719,-0.190134,-0.108467,-0.108467,-0.568927,-0.205993,-0.154311,-0.108467,-0.0764719,1.60217
24,-0.0764719,-0.133239,5.22869,-0.0764719,-0.0764719,-0.0764719,-0.0764719,1.22563,-0.0764719,-0.0764719,-0.341993,-0.205993,-0.108467,-0.393061,-0.0764719,-0.0764719,-0.0764719,-0.248493,0.439152,1.69249,-0.0764719,-0.726187,0.248493,-0.205993,-0.734275,-0.133239,-0.622866,-0.190134,-0.173044,-0.297742,-0.0764719,-0.761526,-0.0764719,-0.220891,-0.352518,-0.205993,-0.205993,-0.108467,-0.0764719,-0.190134,-0.108467,-0.108467,1.74742,-0.205993,-0.154311,-0.108467,-0.0764719,0.609523
140,-0.0764719,-0.133239,-0.190134,-0.0764719,-0.0764719,-0.0764719,-0.0764719,-0.912972,-0.0764719,-0.0764719,-0.341993,-0.205993,-0.108467,-0.393061,-0.0764719,-0.0764719,-0.0764719,-0.248493,2.5545,1.69249,-0.0764719,-0.726187,0.248493,-0.205993,-0.734275,-0.133239,-0.622866,-0.190134,-0.173044,-0.297742,-0.0764719,1.30547,-0.0764719,-0.220891,-0.352518,-0.205993,-0.205993,-0.108467,-0.0764719,-0.190134,-0.108467,-0.108467,-0.568927,-0.205993,-0.154311,-0.108467,-0.0764719,1.60217
61,-0.0764719,-0.133239,-0.190134,-0.0764719,-0.0764719,-0.0764719,-0.0764719,-0.912972,-0.0764719,-0.0764719,-0.341993,-0.205993,-0.108467,-0.393061,-0.0764719,-0.0764719,-0.0764719,-0.248493,-0.265965,0.445008,-0.0764719,0.479425,0.248493,-0.205993,-0.734275,-0.133239,-0.622866,-0.190134,-0.173044,-0.297742,-0.0764719,-0.761526,-0.0764719,-0.220891,-0.352518,-0.205993,-0.205993,-0.108467,-0.0764719,-0.190134,-0.108467,-0.108467,-0.568927,-0.205993,-0.154311,-0.108467,-0.0764719,0.113197
179,0.0,0.0,-0.2,0.0,0.0,0.0,0.0,1.17051,0.0,0.0,0.0,0.0,0.0,0.0,0.0,0.0,0.0,0.0,-0.979796,-0.619677,0.0,-0.797703,0.0,3.32265,-0.618147,0.0,1.2,-0.2,0.0,-0.489898,0.0,-1.2,0.0,-0.288926,-0.288926,-0.2,-0.288926,0.0,0.0,0.0,0.0,0.0,0.0,0.0,0.0,0.0,0.0,0.633333
149,-0.0764719,-0.133239,-0.190134,-0.0764719,-0.0764719,-0.0764719,-0.0764719,1.22563,-0.0764719,-0.0764719,-0.341993,-0.205993,-0.108467,-0.393061,-0.0764719,-0.0764719,-0.0764719,-0.248493,0.439152,1.69249,-0.0764719,-0.726187,0.248493,-0.205993,1.80231,-0.133239,1.59609,-0.190134,-0.173044,-0.297742,-0.0764719,-0.761526,-0.0764719,-0.220891,-0.352518,4.82613,-0.205993,-0.108467,-0.0764719,-0.190134,-0.108467,-0.108467,-0.568927,-0.205993,-0.154311,-0.108467,-0.0764719,1.60217
170,-0.0764719,-0.133239,-0.190134,-0.0764719,-0.0764719,-0.0764719,-0.0764719,1.22563,-0.0764719,-0.0764719,-0.341993,-0.205993,-0.108467,-0.393061,-0.0764719,-0.0764719,-0.0764719,-0.248493,-0.971083,-0.802473,-0.0764719,-0.726187,0.248493,-0.205993,-0.734275,-0.133239,-0.622866,-0.190134,-0.173044,3.33897,-0.0764719,1.30547,-0.0764719,-0.220891,-0.352518,-0.205993,-0.205993,-0.108467,-0.0764719,-0.190134,-0.108467,-0.108467,-0.568927,-0.205993,-0.154311,-0.108467,-0.0764719,1.60217
86,-0.0764719,-0.133239,-0.190134,-0.0764719,-0.0764719,-0.0764719,-0.0764719,1.22563,-0.0764719,-0.0764719,2.90694,-0.205993,-0.108467,-0.393061,-0.0764719,-0.0764719,-0.0764719,-0.248493,-0.971083,-0.802473,-0.0764719,-0.726187,-4.00073,4.82613,-0.734275,-0.133239,-0.622866,-0.190134,-0.173044,-0.297742,-0.0764719,-0.761526,-0.0764719,-0.220891,-0.352518,-0.205993,-0.205993,-0.108467,-0.0764719,5.22869,-0.108467,-0.108467,-0.568927,-0.205993,-0.154311,-0.108467,-0.0764719,0.113197
38,-0.0764719,-0.133239,-0.190134,-0.0764719,-0.0764719,-0.0764719,-0.0764719,1.22563,-0.0764719,-0.0764719,-0.341993,-0.205993,-0.108467,-0.393061,-0.0764719,-0.0764719,-0.0764719,-0.248493,0.439152,-0.802473,-0.0764719,-0.726187,0.248493,-0.205993,-0.734275,-0.133239,-0.622866,-0.190134,-0.173044,3.33897,-0.0764719,1.30547,-0.0764719,-0.220891,-0.352518,-0.205993,-0.205993,-0.108467,-0.0764719,-0.190134,-0.108467,-0.108467,-0.568927,-0.205993,-0.154311,-0.108467,-0.0764719,0.113197
110,-0.0764719,-0.133239,-0.190134,13.0002,-0.0764719,-0.0764719,-0.0764719,1.22563,-0.0764719,-0.0764719,-0.341993,-0.205993,-0.108467,-0.393061,-0.0764719,-0.0764719,-0.0764719,4.00073,-0.971083,-0.802473,-0.0764719,-0.726187,-4.00073,-0.205993,-0.734275,-0.133239,-0.622866,-0.190134,-0.173044,3.33897,-0.0764719,-0.761526,-0.0764719,-0.220891,-0.352518,-0.205993,-0.205993,-0.108467,-0.0764719,-0.190134,-0.108467,-0.108467,-0.568927,-0.205993,-0.154311,-0.108467,-0.0764719,1.60217
70,-0.0764719,-0.133239,-0.190134,-0.0764719,-0.0764719,-0.0764719,-0.0764719,-0.912972,-0.0764719,-0.0764719,-0.341993,4.82613,-0.108467,-0.393061,-0.0764719,-0.0764719,-0.0764719,-0.248493,1.84939,0.445008,-0.0764719,1.68504,0.248493,-0.205993,1.80231,-0.133239,1.59609,-0.190134,-0.173044,-0.297742,-0.0764719,1.30547,-0.0764719,-0.220891,-0.352518,-0.205993,-0.205993,-0.108467,-0.0764719,-0.190134,-0.108467,-0.108467,-0.568927,-0.205993,-0.154311,-0.108467,-0.0764719,-1.37578
20,-0.0764719,-0.133239,-0.190134,-0.0764719,-0.0764719,-0.0764719,-0.0764719,-0.912972,-0.0764719,-0.0764719,-0.341993,-0.205993,-0.108467,-0.393061,-0.0764719,-0.0764719,-0.0764719,-0.248493,-0.971083,-0.802473,-0.0764719,-0.726187,0.248493,-0.205993,-0.734275,-0.133239,1.59609,5.22869,-0.173044,-0.297742,-0.0764719,1.30547,-0.0764719,-0.220891,-0.352518,-0.205993,-0.205993,-0.108467,-0.0764719,-0.190134,-0.108467,-0.108467,1.74742,-0.205993,-0.154311,-0.108467,-0.0764719,0.113197
155,-0.0764719,-0.133239,-0.190134,-0.0764719,-0.0764719,-0.0764719,-0.0764719,-0.912972,-0.0764719,-0.0764719,-0.341993,-0.205993,-0.108467,-0.393061,-0.0764719,-0.0764719,-0.0764719,-0.248493,-0.265965,-0.802473,-0.0764719,0.479425,0.248493,-0.205993,-0.734275,-0.133239,-0.622866,-0.190134,-0.173044,-0.297742,-0.0764719,-0.761526,-0.0764719,-0.220891,-0.352518,-0.205993,-0.205993,-0.108467,-0.0764719,-0.190134,-0.108467,-0.108467,-0.568927,-0.205993,-0.154311,-0.108467,-0.0764719,1.60217
92,-0.0764719,-0.133239,-0.190134,-0.0764719,-0.0764719,-0.0764719,-0.0764719,1.22563,-0.0764719,-0.0764719,-0.341993,-0.205993,-0.108467,-0.393061,-0.0764719,-0.0764719,-0.0764719,-0.248493,-0.971083,-0.802473,-0.0764719,-0.726187,0.248493,4.82613,-0.734275,-0.133239,-0.622866,-0.190134,-0.173044,-0.297742,-0.0764719,1.30547,-0.0764719,-0.220891,-0.352518,-0.205993,-0.205993,-0.108467,-0.0764719,-0.190134,-0.108467,-0.108467,-0.568927,-0.205993,-0.154311,-0.108467,-0.0764719,0.113197
195,0.0,0.0,-0.2,0.0,0.0,0.0,0.0,1.17051,0.0,0.0,0.0,0.0,0.0,0.0,0.0,0.0,0.0,0.0,1.46969,2.47871,0.0,0.37539,0.0,-0.288926,-0.618147,0.0,1.2,-0.2,0.0,-0.489898,0.0,0.8,0.0,-0.288926,-0.288926,-0.2,-0.288926,0.0,0.0,0.0,0.0,0.0,0.0,0.0,0.0,0.0,0.0,0.633333
120,-0.0764719,-0.133239,-0.190134,-0.0764719,-0.0764719,-0.0764719,-0.0764719,-0.912972,-0.0764719,-0.0764719,-0.341993,-0.205993,-0.108467,-0.393061,-0.0764719,-0.0764719,-0.0764719,-0.248493,1.14427,-0.802473,-0.0764719,-0.726187,0.248493,-0.205993,1.80231,-0.133239,1.59609,-0.190134,-0.173044,-0.297742,-0.0764719,1.30547,-0.0764719,-0.220891,-0.352518,-0.205993,-0.205993,-0.108467,-0.0764719,-0.190134,-0.108467,-0.108467,1.74742,-0.205993,-0.154311,-0.108467,-0.0764719,0.113197
7,-0.0764719,-0.133239,-0.190134,-0.0764719,-0.0764719,-0.0764719,-0.0764719,0.512765,-0.0764719,-0.0764719,-0.341993,-0.205993,-0.108467,-0.393061,-0.0764719,-0.0764719,-0.0764719,-0.248493,0.791711,0.445008,-0.0764719,0.479425,0.248493,-0.205993,0.534018,-0.133239,-0.622866,-0.190134,-0.173044,-0.297742,-0.0764719,-0.761526,-0.0764719,-0.220891,-0.352518,-0.205993,-0.205993,-0.108467,-0.0764719,-0.190134,-0.108467,-0.108467,1.74742,-0.205993,-0.154311,-0.108467,-0.0764719,0.113197
17,-0.0764719,-0.133239,-0.190134,-0.0764719,-0.0764719,-0.0764719,-0.0764719,1.22563,-0.0764719,-0.0764719,-0.341993,-0.205993,-0.108467,-0.393061,-0.0764719,-0.0764719,-0.0764719,-0.248493,-0.971083,1.69249,-0.0764719,-0.726187,0.248493,-0.205993,-0.734275,-0.133239,-0.622866,-0.190134,-0.173044,-0.297742,-0.0764719,-0.761526,-0.0764719,-0.220891,-0.352518,-0.205993,-0.205993,-0.108467,-0.0764719,-0.190134,-0.108467,-0.108467,-0.568927,-0.205993,-0.154311,-0.108467,-0.0764719,0.113197
135,-0.0764719,-0.133239,-0.190134,-0.0764719,13.0002,-0.0764719,-0.0764719,-0.912972,-0.0764719,-0.0764719,-0.341993,-0.205993,-0.108467,2.52926,-0.0764719,-0.0764719,-0.0764719,-0.248493,0.791711,-0.802473,-0.0764719,-0.726187,0.248493,-0.205993,-0.734275,-0.133239,1.59609,-0.190134,-0.173044,-0.297742,-0.0764719,1.30547,-0.0764719,-0.220891,-0.352518,-0.205993,-0.205993,-0.108467,-0.0764719,-0.190134,-0.108467,-0.108467,-0.568927,-0.205993,-0.154311,-0.108467,-0.0764719,0.113197
182,0.0,0.0,-0.2,0.0,0.0,0.0,0.0,-0.222955,0.0,0.0,0.0,0.0,0.0,0.0,0.0,0.0,0.0,0.0,-0.163299,0.929516,0.0,1.54848,0.0,-0.288926,0.786732,0.0,1.2,-0.2,0.0,-0.489898,0.0,-1.2,0.0,3.32265,-0.288926,-0.2,-0.288926,0.0,0.0,0.0,0.0,0.0,0.0,0.0,0.0,0.0,0.0,-1.86667
147,-0.0764719,-0.133239,-0.190134,-0.0764719,-0.0764719,-0.0764719,-0.0764719,-0.912972,-0.0764719,-0.0764719,-0.341993,-0.205993,-0.108467,2.52926,-0.0764719,-0.0764719,-0.0764719,-0.248493,1.84939,-0.802473,-0.0764719,-0.726187,0.248493,-0.205993,-0.734275,-0.133239,-0.622866,-0.190134,-0.173044,-0.297742,-0.0764719,-0.761526,-0.0764719,-0.220891,-0.352518,-0.205993,-0.205993,-0.108467,-0.0764719,-0.190134,-0.108467,-0.108467,-0.568927,-0.205993,-0.154311,-0.108467,-0.0764719,1.60217
5,-0.0764719,-0.133239,-0.190134,-0.0764719,-0.0764719,-0.0764719,-0.0764719,-0.912972,-0.0764719,-0.0764719,-0.341993,-0.205993,-0.108467,-0.393061,-0.0764719,-0.0764719,-0.0764719,-0.248493,-0.265965,-0.802473,-0.0764719,-0.726187,0.248493,-0.205993,-0.734275,-0.133239,-0.622866,-0.190134,-0.173044,-0.297742,-0.0764719,-0.761526,-0.0764719,-0.220891,-0.352518,-0.205993,-0.205993,-0.108467,-0.0764719,-0.190134,-0.108467,-0.108467,1.74742,-0.205993,-0.154311,-0.108467,-0.0764719,-1.37578
31,-0.0764719,-0.133239,5.22869,-0.0764719,-0.0764719,-0.0764719,-0.0764719,1.22563,-0.0764719,-0.0764719,-0.341993,-0.205993,-0.108467,2.52926,-0.0764719,-0.0764719,-0.0764719,-0.248493,-0.265965,-0.802473,-0.0764719,-0.726187,0.248493,-0.205993,1.80231,-0.133239,-0.622866,-0.190134,-0.173044,-0.297742,-0.0764719,-0.761526,-0.0764719,-0.220891,-0.352518,-0.205993,-0.205993,-0.108467,-0.0764719,-0.190134,-0.108467,-0.108467,-0.568927,-0.205993,-0.154311,-0.108467,-0.0764719,0.113197
121,-0.0764719,-0.133239,-0.190134,-0.0764719,-0.0764719,-0.0764719,-0.0764719,-0.912972,-0.0764719,-0.0764719,-0.341993,-0.205993,-0.108467,-0.393061,-0.0764719,-0.0764719,-0.0764719,-0.248493,-0.265965,-0.802473,-0.0764719,-0.726187,0.248493,-0.205993,-0.734275,-0.133239,-0.622866,-0.190134,-0.173044,-0.297742,-0.0764719,1.30547,-0.0764719,-0.220891,-0.352518,-0.205993,-0.205993,-0.108467,-0.0764719,-0.190134,-0.108467,-0.108467,-0.568927,-0.205993,-0.154311,-0.108467,-0.0764719,0.113197
53,-0.0764719,-0.133239,-0.190134,-0.0764719,-0.0764719,-0.0764719,-0.0764719,-0.912972,-0.0764719,-0.0764719,-0.341993,-0.205993,-0.108467,-0.393061,-0.0764719,-0.0764719,-0.0764719,-0.248493,0.439152,1.69249,-0.0764719,-0.726187,-4.00073,-0.205993,-0.734275,-0.133239,-0.622866,-0.190134,-0.173044,-0.297742,-0.0764719,1.30547,-0.0764719,-0.220891,-0.352518,-0.205993,-0.205993,-0.108467,-0.0764719,-0.190134,-0.108467,-0.108467,-0.568927,-0.205993,-0.154311,-0.108467,-0.0764719,0.113197
56,-0.0764719,-0.133239,-0.190134,-0.0764719,-0.0764719,-0.0764719,-0.0764719,1.22563,-0.0764719,-0.0764719,-0.341993,-0.205993,-0.108467,2.52926,-0.0764719,-0.0764719,-0.0764719,-0.248493,-0.971083,1.69249,-0.0764719,-0.726187,0.248493,-0.205993,-0.734275,-0.133239,1.59609,-0.190134,-0.173044,-0.297742,-0.0764719,-0.761526,-0.0764719,-0.220891,-0.352518,-0.205993,-0.205993,-0.108467,-0.0764719,-0.190134,-0.108467,-0.108467,-0.568927,-0.205993,-0.154311,-0.108467,-0.0764719,0.113197
180,0.0,0.0,-0.2,0.0,0.0,0.0,0.0,1.17051,0.0,0.0,0.0,0.0,0.0,0.0,0.0,0.0,0.0,0.0,0.653197,-0.619677,0.0,-0.797703,0.0,-0.288926,-0.618147,0.0,1.2,-0.2,0.0,1.95959,0.0,-1.2,0.0,-0.288926,-0.288926,-0.2,-0.288926,0.0,0.0,0.0,0.0,0.0,0.0,0.0,0.0,0.0,0.0,0.633333
143,-0.0764719,-0.133239,-0.190134,-0.0764719,-0.0764719,-0.0764719,-0.0764719,1.22563,-0.0764719,-0.0764719,2.90694,-0.205993,-0.108467,-0.393061,-0.0764719,-0.0764719,-0.0764719,4.00073,-0.971083,-0.802473,-0.0764719,-0.726187,0.248493,4.82613,-0.734275,-0.133239,-0.622866,-0.190134,-0.173044,-0.297742,-0.0764719,-0.761526,-0.0764719,4.50065,-0.352518,-0.205993,-0.205993,-0.108467,-0.0764719,-0.190134,-0.108467,-0.108467,-0.568927,-0.205993,-0.154311,-0.108467,-0.0764719,1.60217
104,-0.0764719,-0.133239,-0.190134,-0.0764719,-0.0764719,-0.0764719,-0.0764719,-0.200103,-0.0764719,-0.0764719,-0.341993,-0.205993,-0.108467,-0.393061,-0.0764719,-0.0764719,13.0002,-0.248493,-0.971083,-0.802473,-0.0764719,1.68504,0.248493,-0.205993,0.534018,-0.133239,-0.622866,-0.190134,-0.173044,-0.297742,-0.0764719,-0.761526,-0.0764719,-0.220891,2.82014,-0.205993,-0.205993,-0.108467,-0.0764719,-0.190134,-0.108467,-0.108467,-0.568927,-0.205993,-0.154311,-0.108467,-0.0764719,-1.37578
37,-0.0764719,-0.133239,-0.190134,-0.0764719,-0.0764719,-0.0764719,-0.0764719,1.22563,-0.0764719,-0.0764719,-0.341993,-0.205993,-0.108467,-0.393061,-0.0764719,-0.0764719,-0.0764719,-0.248493,-0.265965,1.69249,-0.0764719,-0.726187,0.248493,-0.205993,-0.734275,-0.133239,-0.622866,-0.190134,-0.173044,3.33897,-0.0764719,1.30547,-0.0764719,-0.220891,-0.352518,-0.205993,-0.205993,-0.108467,-0.0764719,-0.190134,-0.108467,-0.108467,-0.568927,-0.205993,-0.154311,-0.108467,-0.0764719,0.113197
45,-0.0764719,-0.133239,-0.190134,-0.0764719,-0.0764719,-0.0764719,-0.0764719,-0.912972,-0.0764719,-0.0764719,-0.341993,-0.205993,-0.108467,-0.393061,-0.0764719,-0.0764719,-0.0764719,-0.248493,-0.971083,1.69249,-0.0764719,1.68504,0.248493,-0.205993,0.534018,-0.133239,-0.622866,-0.190134,-0.173044,-0.297742,-0.0764719,-0.761526,-0.0764719,-0.220891,-0.352518,-0.205993,-0.205993,-0.108467,-0.0764719,-0.190134,-0.108467,-0.108467,1.74742,-0.205993,-0.154311,-0.108467,-0.0764719,-1.37578
171,0.0,0.0,-0.2,0.0,0.0,0.0,0.0,-0.919688,0.0,0.0,0.0,0.0,0.0,0.0,0.0,0.0,0.0,0.0,-0.163299,-0.619677,0.0,-0.797703,0.0,-0.288926,-0.618147,0.0,-0.8,-0.2,0.0,-0.489898,0.0,0.8,0.0,-0.288926,-0.288926,-0.2,3.32265,0.0,0.0,0.0,0.0,0.0,0.0,0.0,0.0,0.0,0.0,0.633333
191,0.0,0.0,-0.2,0.0,0.0,0.0,0.0,-0.919688,0.0,0.0,0.0,0.0,0.0,0.0,0.0,0.0,0.0,0.0,-0.163299,0.929516,0.0,0.37539,0.0,-0.288926,2.19161,0.0,-0.8,-0.2,0.0,-0.489898,0.0,0.8,0.0,-0.288926,-0.288926,-0.2,-0.288926,0.0,0.0,0.0,0.0,0.0,0.0,0.0,0.0,0.0,0.0,-1.86667
2,-0.0764719,-0.133239,-0.190134,-0.0764719,-0.0764719,-0.0764719,-0.0764719,-0.912972,-0.0764719,-0.0764719,-0.341993,-0.205993,-0.108467,-0.393061,-0.0764719,-0.0764719,-0.0764719,-0.248493,-0.971083,0.445008,-0.0764719,0.479425,0.248493,-0.205993,0.534018,-0.133239,-0.622866,-0.190134,-0.173044,-0.297742,-0.0764719,1.30547,-0.0764719,-0.220891,2.82014,-0.205993,-0.205993,-0.108467,-0.0764719,-0.190134,-0.108467,-0.108467,-0.568927,-0.205993,-0.154311,-0.108467,-0.0764719,-1.37578
185,0.0,0.0,-0.2,0.0,0.0,0.0,0.0,1.17051,0.0,0.0,0.0,0.0,0.0,0.0,0.0,0.0,0.0,0.0,0.653197,-0.619677,0.0,-0.797703,0.0,3.32265,-0.618147,0.0,-0.8,-0.2,0.0,-0.489898,0.0,0.8,0.0,-0.288926,-0.288926,-0.2,-0.288926,0.0,0.0,0.0,0.0,0.0,0.0,0.0,0.0,0.0,0.0,0.633333
68,-0.0764719,-0.133239,-0.190134,-0.0764719,-0.0764719,-0.0764719,-0.0764719,1.22563,-0.0764719,-0.0764719,-0.341993,-0.205993,-0.108467,-0.393061,-0.0764719,-0.0764719,-0.0764719,-0.248493,-0.971083,-0.802473,-0.0764719,0.479425,0.248493,4.82613,1.80231,-0.133239,-0.622866,-0.190134,-0.173044,-0.297742,-0.0764719,1.30547,-0.0764719,-0.220891,-0.352518,-0.205993,-0.205993,-0.108467,-0.0764719,-0.190134,-0.108467,-0.108467,-0.568927,-0.205993,-0.154311,-0.108467,-0.0764719,0.609523
21,-0.0764719,-0.133239,-0.190134,-0.0764719,-0.0764719,-0.0764719,-0.0764719,1.22563,-0.0764719,-0.0764719,-0.341993,-0.205993,-0.108467,2.52926,-0.0764719,-0.0764719,-0.0764719,-0.248493,-0.265965,-0.802473,-0.0764719,-0.726187,0.248493,-0.205993,-0.734275,-0.133239,1.59609,5.22869,-0.173044,-0.297742,-0.0764719,-0.761526,-0.0764719,-0.220891,-0.352518,-0.205993,-0.205993,-0.108467,-0.0764719,-0.190134,-0.108467,-0.108467,1.74742,-0.205993,-0.154311,-0.108467,-0.0764719,0.113197
76,-0.0764719,-0.133239,-0.190134,-0.0764719,-0.0764719,-0.0764719,-0.0764719,-0.912972,-0.0764719,-0.0764719,-0.341993,-0.205993,-0.108467,-0.393061,-0.0764719,-0.0764719,-0.0764719,-0.248493,-0.971083,0.445008,-0.0764719,1.68504,0.248493,-0.205993,0.534018,-0.133239,-0.622866,-0.190134,-0.173044,-0.297742,-0.0764719,-0.761526,-0.0764719,-0.220891,2.82014,-0.205993,-0.205993,-0.108467,-0.0764719,-0.190134,-0.108467,-0.108467,-0.568927,-0.205993,-0.154311,-0.108467,-0.0764719,-1.37578
181,0.0,0.0,-0.2,0.0,0.0,0.0,0.0,-0.222955,0.0,0.0,0.0,0.0,0.0,0.0,0.0,0.0,0.0,0.0,0.653197,0.929516,0.0,1.54848,0.0,-0.288926,0.786732,0.0,1.2,-0.2,0.0,-0.489898,0.0,-1.2,0.0,3.32265,-0.288926,-0.2,-0.288926,0.0,0.0,0.0,0.0,0.0,0.0,0.0,0.0,0.0,0.0,-1.86667
71,-0.0764719,-0.133239,-0.190134,-0.0764719,-0.0764719,-0.0764719,-0.0764719,1.22563,-0.0764719,-0.0764719,-0.341993,-0.205993,-0.108467,-0.393061,-0.0764719,-0.0764719,-0.0764719,-0.248493,-0.971083,0.445008,-0.0764719,1.68504,0.248493,-0.205993,-0.734275,-0.133239,-0.622866,-0.190134,-0.173044,-0.297742,-0.0764719,-0.761526,-0.0764719,-0.220891,-0.352518,-0.205993,-0.205993,-0.108467,-0.0764719,-0.190134,-0.108467,-0.108467,-0.568927,-0.205993,-0.154311,-0.108467,-0.0764719,0.609523
114,-0.0764719,-0.133239,5.22869,-0.0764719,-0.0764719,-0.0764719,-0.0764719,-0.912972,-0.0764719,-0.0764719,-0.341993,-0.205993,-0.108467,-0.393061,-0.0764719,-0.0764719,-0.0764719,-0.248493,-0.265965,-0.802473,-0.0764719,-0.726187,0.248493,-0.205993,-0.734275,-0.133239,-0.622866,-0.190134,-0.173044,-0.297742,-0.0764719,-0.761526,-0.0764719,-0.220891,-0.352518,-0.205993,-0.205993,-0.108467,-0.0764719,-0.190134,-0.108467,-0.108467,-0.568927,-0.205993,-0.154311,-0.108467,-0.0764719,0.113197
186,0.0,0.0,-0.2,0.0,0.0,0.0,0.0,1.17051,0.0,0.0,0.0,0.0,0.0,0.0,0.0,0.0,0.0,0.0,-0.163299,-0.619677,0.0,-0.797703,0.0,-0.288926,-0.618147,0.0,-0.8,-0.2,0.0,-0.489898,0.0,0.8,0.0,-0.288926,-0.288926,-0.2,-0.288926,0.0,0.0,0.0,0.0,0.0,0.0,0.0,0.0,0.0,0.0,0.633333
192,0.0,0.0,-0.2,0.0,0.0,0.0,0.0,1.17051,0.0,0.0,0.0,0.0,0.0,0.0,0.0,0.0,0.0,0.0,-0.979796,0.929516,0.0,1.54848,0.0,-0.288926,-0.618147,0.0,-0.8,-0.2,0.0,-0.489898,0.0,-1.2,0.0,-0.288926,-0.288926,-0.2,-0.288926,0.0,0.0,0.0,0.0,0.0,0.0,0.0,0.0,0.0,0.0,-0.2
74,-0.0764719,-0.133239,-0.190134,-0.0764719,-0.0764719,13.0002,-0.0764719,1.22563,-0.0764719,-0.0764719,-0.341993,-0.205993,-0.108467,-0.393061,-0.0764719,-0.0764719,-0.0764719,-0.248493,-0.971083,0.445008,-0.0764719,1.68504,0.248493,-0.205993,-0.734275,-0.133239,-0.622866,-0.190134,-0.173044,-0.297742,-0.0764719,-0.761526,-0.0764719,-0.220891,-0.352518,-0.205993,-0.205993,-0.108467,-0.0764719,-0.190134,-0.108467,-0.108467,-0.568927,-0.205993,-0.154311,-0.108467,-0.0764719,0.609523
154,-0.0764719,-0.133239,-0.190134,-0.0764719,-0.0764719,-0.0764719,-0.0764719,-0.912972,-0.0764719,-0.0764719,-0.341993,-0.205993,-0.108467,-0.393061,-0.0764719,-0.0764719,-0.0764719,-0.248493,-0.971083,-0.802473,-0.0764719,0.479425,0.248493,-0.205993,-0.734275,-0.133239,-0.622866,-0.190134,-0.173044,-0.297742,-0.0764719,-0.761526,-0.0764719,-0.220891,-0.352518,-0.205993,-0.205993,-0.108467,-0.0764719,-0.190134,-0.108467,-0.108467,-0.568927,-0.205993,-0.154311,-0.108467,-0.0764719,1.60217
52,-0.0764719,-0.133239,-0.190134,-0.0764719,-0.0764719,-0.0764719,-0.0764719,-0.912972,-0.0764719,-0.0764719,-0.341993,4.82613,-0.108467,-0.393061,-0.0764719,-0.0764719,-0.0764719,-0.248493,-0.265965,-0.802473,-0.0764719,-0.726187,0.248493,-0.205993,-0.734275,-0.133239,-0.622866,-0.190134,-0.173044,-0.297742,-0.0764719,-0.761526,-0.0764719,-0.220891,-0.352518,-0.205993,-0.205993,-0.108467,-0.0764719,-0.190134,-0.108467,-0.108467,-0.568927,-0.205993,-0.154311,-0.108467,-0.0764719,0.113197
123,-0.0764719,-0.133239,-0.190134,-0.0764719,-0.0764719,-0.0764719,-0.0764719,1.22563,-0.0764719,-0.0764719,-0.341993,-0.205993,-0.108467,-0.393061,-0.0764719,-0.0764719,-0.0764719,-0.248493,-0.971083,1.69249,-0.0764719,-0.726187,0.248493,-0.205993,-0.734275,-0.133239,1.59609,-0.190134,-0.173044,3.33897,-0.0764719,-0.761526,-0.0764719,-0.220891,-0.352518,-0.205993,-0.205993,-0.108467,-0.0764719,-0.190134,-0.108467,-0.108467,-0.568927,-0.205993,-0.154311,-0.108467,-0.0764719,0.113197
34,-0.0764719,-0.133239,-0.190134,-0.0764719,-0.0764719,-0.0764719,-0.0764719,-0.912972,-0.0764719,-0.0764719,-0.341993,-0.205993,-0.108467,2.52926,-0.0764719,-0.0764719,-0.0764719,-0.248493,0.439152,0.445008,-0.0764719,1.68504,0.248493,-0.205993,0.534018,-0.133239,1.59609,-0.190134,-0.173044,-0.297742,-0.0764719,1.30547,-0.0764719,-0.220891,-0.352518,-0.205993,-0.205993,-0.108467,-0.0764719,-0.190134,-0.108467,-0.108467,1.74742,-0.205993,-0.154311,-0.108467,-0.0764719,-1.37578
65,-0.0764719,7.4614,-0.190134,-0.0764719,-0.0764719,-0.0764719,-0.0764719,-0.912972,-0.0764719,-0.0764719,-0.341993,-0.205993,-0.108467,-0.393061,-0.0764719,-0.0764719,-0.0764719,-0.248493,1.84939,-0.802473,-0.0764719,0.479425,0.248493,-0.205993,1.80231,-0.133239,-0.622866,-0.190134,-0.173044,-0.297742,-0.0764719,-0.761526,-0.0764719,-0.220891,-0.352518,-0.205993,-0.205993,-0.108467,-0.0764719,-0.190134,-0.108467,-0.108467,-0.568927,-0.205993,-0.154311,-0.108467,-0.0764719,-1.37578
119,-0.0764719,-0.133239,-0.190134,-0.0764719,-0.0764719,-0.0764719,-0.0764719,-0.200103,-0.0764719,-0.0764719,-0.341993,-0.205993,-0.108467,-0.393061,-0.0764719,-0.0764719,-0.0764719,-0.248493,1.14427,1.69249,-0.0764719,0.479425,0.248493,-0.205993,-0.734275,-0.133239,1.59609,-0.190134,-0.173044,-0.297742,-0.0764719,1.30547,-0.0764719,-0.220891,-0.352518,-0.205993,-0.205993,-0.108467,-0.0764719,-0.190134,-0.108467,-0.108467,1.74742,-0.205993,-0.154311,-0.108467,-0.0764719,0.113197
98,-0.0764719,-0.133239,-0.190134,-0.0764719,-0.0764719,-0.0764719,-0.0764719,1.22563,-0.0764719,-0.0764719,-0.341993,-0.205993,-0.108467,-0.393061,-0.0764719,-0.0764719,-0.0764719,-0.248493,-0.971083,-0.802473,-0.0764719,-0.726187,0.248493,-0.205993,-0.734275,-0.133239,1.59609,-0.190134,-0.173044,-0.297742,-0.0764719,-0.761526,-0.0764719,-0.220891,-0.352518,-0.205993,-0.205993,-0.108467,-0.0764719,-0.190134,-0.108467,-0.108467,-0.568927,-0.205993,-0.154311,9.16547,-0.0764719,1.60217
189,0.0,0.0,-0.2,0.0,0.0,0.0,0.0,-0.919688,0.0,0.0,0.0,0.0,0.0,0.0,0.0,0.0,0.0,0.0,-0.979796,-0.619677,0.0,-0.797703,0.0,-0.288926,-0.618147,0.0,-0.8,-0.2,0.0,1.95959,0.0,0.8,0.0,-0.288926,-0.288926,-0.2,-0.288926,0.0,0.0,0.0,0.0,0.0,0.0,0.0,0.0,0.0,0.0,0.633333
101,-0.0764719,-0.133239,-0.190134,-0.0764719,-0.0764719,-0.0764719,-0.0764719,-0.912972,-0.0764719,-0.0764719,2.90694,-0.205993,-0.108467,-0.393061,-0.0764719,-0.0764719,-0.0764719,-0.248493,-0.265965,-0.802473,-0.0764719,-0.726187,0.248493,-0.205993,1.80231,-0.133239,-0.622866,-0.190134,-0.173044,-0.297742,-0.0764719,-0.761526,-0.0764719,-0.220891,-0.352518,-0.205993,-0.205993,-0.108467,-0.0764719,-0.190134,-0.108467,-0.108467,-0.568927,-0.205993,-0.154311,-0.108467,-0.0764719,-1.37578
12,-0.0764719,-0.133239,-0.190134,-0.0764719,-0.0764719,-0.0764719,-0.0764719,1.22563,-0.0764719,-0.0764719,-0.341993,-0.205993,-0.108467,-0.393061,-0.0764719,-0.0764719,-0.0764719,-0.248493,-0.971083,1.69249,-0.0764719,0.479425,0.248493,-0.205993,-0.734275,-0.133239,-0.622866,-0.190134,-0.173044,-0.297742,-0.0764719,-0.761526,-0.0764719,-0.220891,-0.352518,-0.205993,-0.205993,-0.108467,-0.0764719,-0.190134,-0.108467,-0.108467,-0.568927,-0.205993,-0.154311,-0.108467,-0.0764719,-1.37578
130,-0.0764719,-0.133239,-0.190134,-0.0764719,-0.0764719,-0.0764719,-0.0764719,-0.912972,-0.0764719,-0.0764719,-0.341993,-0.205993,-0.108467,-0.393061,-0.0764719,-0.0764719,-0.0764719,4.00073,1.84939,-0.802473,-0.0764719,0.479425,0.248493,-0.205993,-0.734275,-0.133239,1.59609,-0.190134,5.74507,-0.297742,-0.0764719,1.30547,-0.0764719,4.50065,-0.352518,-0.205993,-0.205993,-0.108467,-0.0764719,5.22869,-0.108467,-0.108467,-0.568927,-0.205993,-0.154311,-0.108467,-0.0764719,1.60217
28,-0.0764719,-0.133239,-0.190134,-0.0764719,-0.0764719,-0.0764719,-0.0764719,-0.912972,-0.0764719,-0.0764719,-0.341993,-0.205993,-0.108467,2.52926,-0.0764719,-0.0764719,-0.0764719,-0.248493,-0.971083,-0.802473,-0.0764719,0.479425,0.248493,-0.205993,-0.734275,-0.133239,1.59609,-0.190134,-0.173044,3.33897,-0.0764719,-0.761526,-0.0764719,-0.220891,-0.352518,-0.205993,-0.205993,-0.108467,-0.0764719,-0.190134,-0.108467,-0.108467,-0.568927,-0.205993,-0.154311,-0.108467,-0.0764719,0.113197
106,-0.0764719,-0.133239,-0.190134,-0.0764719,-0.0764719,-0.0764719,-0.0764719,-0.912972,-0.0764719,-0.0764719,-0.341993,-0.205993,-0.108467,-0.393061,-0.0764719,-0.0764719,-0.0764719,-0.248493,0.439152,1.69249,-0.0764719,1.68504,0.248493,-0.205993,0.534018,7.4614,-0.622866,-0.190134,-0.173044,-0.297742,-0.0764719,-0.761526,-0.0764719,-0.220891,-0.352518,-0.205993,-0.205993,-0.108467,-0.0764719,-0.190134,-0.108467,-0.108467,-0.568927,4.82613,-0.154311,-0.108467,-0.0764719,-1.37578
161,-0.0764719,-0.133239,-0.190134,-0.0764719,-0.0764719,-0.0764719,-0.0764719,-0.912972,-0.0764719,-0.0764719,-0.341993,-0.205993,-0.108467,-0.393061,-0.0764719,-0.0764719,-0.0764719,-0.248493,-0.971083,0.445008,-0.0764719,1.68504,0.248493,-0.205993,0.534018,-0.133239,-0.622866,-0.190134,-0.173044,-0.297742,-0.0764719,-0.761526,-0.0764719,-0.220891,2.82014,-0.205993,-0.205993,-0.108467,-0.0764719,-0.190134,-0.108467,-0.108467,-0.568927,-0.205993,-0.154311,-0.108467,-0.0764719,0.609523
150,-0.0764719,-0.133239,-0.190134,-0.0764719,-0.0764719,-0.0764719,-0.0764719,1.22563,-0.0764719,-0.0764719,2.90694,-0.205993,-0.108467,-0.393061,-0.0764719,-0.0764719,-0.0764719,-0.248493,-0.971083,0.445008,-0.0764719,1.68504,0.248493,-0.205993,1.80231,-0.133239,1.59609,-0.190134,-0.173044,3.33897,-0.0764719,-0.761526,-0.0764719,-0.220891,-0.352518,-0.205993,-0.205993,-0.108467,-0.0764719,-0.190134,-0.108467,-0.108467,-0.568927,-0.205993,-0.154311,-0.108467,-0.0764719,0.609523
19,-0.0764719,-0.133239,-0.190134,-0.0764719,-0.0764719,-0.0764719,-0.0764719,-0.912972,-0.0764719,-0.0764719,-0.341993,-0.205993,9.16547,-0.393061,-0.0764719,-0.0764719,-0.0764719,-0.248493,1.14427,-0.802473,-0.0764719,-0.726187,0.248493,-0.205993,-0.734275,-0.133239,1.59609,-0.190134,-0.173044,-0.297742,-0.0764719,1.30547,-0.0764719,-0.220891,-0.352518,-0.205993,-0.205993,-0.108467,-0.0764719,-0.190134,-0.108467,-0.108467,1.74742,-0.205993,-0.154311,-0.108467,-0.0764719,0.113197
151,-0.0764719,-0.133239,-0.190134,-0.0764719,-0.0764719,-0.0764719,-0.0764719,-0.912972,-0.0764719,-0.0764719,-0.341993,-0.205993,-0.108467,-0.393061,-0.0764719,-0.0764719,-0.0764719,-0.248493,0.439152,-0.802473,-0.0764719,-0.726187,0.248493,-0.205993,-0.734275,-0.133239,1.59609,-0.190134,-0.173044,-0.297742,-0.0764719,1.30547,-0.0764719,-0.220891,-0.352518,-0.205993,-0.205993,-0.108467,-0.0764719,-0.190134,-0.108467,-0.108467,-0.568927,-0.205993,-0.154311,-0.108467,13.0002,1.60217
188,0.0,0.0,-0.2,0.0,0.0,0.0,0.0,-0.919688,0.0,0.0,0.0,0.0,0.0,0.0,0.0,0.0,0.0,0.0,-0.979796,-0.619677,0.0,1.54848,0.0,-0.288926,0.786732,0.0,-0.8,-0.2,0.0,-0.489898,0.0,-1.2,0.0,-0.288926,3.32265,4.8,-0.288926,0.0,0.0,0.0,0.0,0.0,0.0,0.0,0.0,0.0,0.0,-1.86667
39,-0.0764719,-0.133239,-0.190134,-0.0764719,-0.0764719,-0.0764719,-0.0764719,1.22563,-0.0764719,-0.0764719,-0.341993,-0.205993,-0.108467,-0.393061,-0.0764719,-0.0764719,-0.0764719,-0.248493,-0.971083,0.445008,-0.0764719,1.68504,0.248493,-0.205993,1.80231,-0.133239,-0.622866,-0.190134,-0.173044,-0.297742,-0.0764719,-0.761526,-0.0764719,-0.220891,-0.352518,-0.205993,-0.205993,-0.108467,-0.0764719,-0.190134,-0.108467,-0.108467,-0.568927,-0.205993,-0.154311,-0.108467,-0.0764719,0.609523
67,-0.0764719,-0.133239,-0.190134,-0.0764719,-0.0764719,-0.0764719,-0.0764719,1.22563,-0.0764719,-0.0764719,-0.341993,-0.205993,-0.108467,-0.393061,-0.0764719,-0.0764719,-0.0764719,-0.248493,-0.971083,0.445008,-0.0764719,-0.726187,0.248493,-0.205993,-0.734275,-0.133239,-0.622866,-0.190134,-0.173044,-0.297742,-0.0764719,-0.761526,-0.0764719,-0.220891,-0.352518,-0.205993,-0.205993,-0.108467,-0.0764719,-0.190134,-0.108467,-0.108467,-0.568927,-0.205993,-0.154311,-0.108467,-0.0764719,0.609523
47,-0.0764719,-0.133239,-0.190134,-0.0764719,-0.0764719,-0.0764719,-0.0764719,-0.200103,-0.0764719,-0.0764719,-0.341993,-0.205993,-0.108467,-0.393061,-0.0764719,-0.0764719,-0.0764719,-0.248493,1.14427,-0.802473,-0.0764719,-0.726187,-4.00073,-0.205993,1.80231,-0.133239,-0.622866,5.22869,-0.173044,-0.297742,-0.0764719,1.30547,-0.0764719,-0.220891,-0.352518,-0.205993,-0.205993,-0.108467,-0.0764719,-0.190134,-0.108467,-0.108467,-0.568927,-0.205993,-0.154311,-0.108467,-0.0764719,0.113197
138,-0.0764719,-0.133239,-0.190134,-0.0764719,-0.0764719,-0.0764719,-0.0764719,-0.912972,-0.0764719,-0.0764719,-0.341993,-0.205993,-0.108467,-0.393061,-0.0764719,-0.0764719,-0.0764719,-0.248493,0.439152,-0.802473,-0.0764719,1.68504,0.248493,-0.205993,0.534018,-0.133239,-0.622866,-0.190134,-0.173044,-0.297742,-0.0764719,1.30547,-0.0764719,-0.220891,-0.352518,4.82613,-0.205993,-0.108467,-0.0764719,-0.190134,-0.108467,-0.108467,-0.568927,-0.205993,-0.154311,-0.108467,-0.0764719,-1.37578
79,-0.0764719,-0.133239,-0.190134,-0.0764719,-0.0764719,-0.0764719,-0.0764719,-0.912972,-0.0764719,-0.0764719,-0.341993,-0.205993,-0.108467,-0.393061,-0.0764719,-0.0764719,-0.0764719,-0.248493,1.84939,-0.802473,-0.0764719,0.479425,0.248493,-0.205993,-0.734275,-0.133239,1.59609,-0.190134,-0.173044,-0.297742,-0.0764719,-0.761526,-0.0764719,-0.220891,-0.352518,-0.205993,-0.205993,-0.108467,-0.0764719,-0.190134,-0.108467,-0.108467,1.74742,-0.205993,-0.154311,-0.108467,-0.0764719,-1.37578
162,-0.0764719,-0.133239,-0.190134,-0.0764719,-0.0764719,-0.0764719,-0.0764719,1.22563,-0.0764719,-0.0764719,-0.341993,-0.205993,-0.108467,-0.393061,-0.0764719,-0.0764719,-0.0764719,-0.248493,0.439152,0.445008,-0.0764719,0.479425,0.248493,-0.205993,-0.734275,-0.133239,-0.622866,-0.190134,-0.173044,-0.297742,-0.0764719,1.30547,-0.0764719,-0.220891,-0.352518,-0.205993,-0.205993,-0.108467,-0.0764719,-0.190134,-0.108467,-0.108467,-0.568927,-0.205993,-0.154311,-0.108467,-0.0764719,0.609523
1,-0.0764719,-0.133239,-0.190134,-0.0764719,-0.0764719,-0.0764719,-0.0764719,-0.200103,-0.0764719,-0.0764719,-0.341993,-0.205993,-0.108467,-0.393061,-0.0764719,-0.0764719,-0.0764719,-0.248493,-0.971083,-0.802473,-0.0764719,-0.726187,0.248493,-0.205993,-0.734275,-0.133239,-0.622866,-0.190134,-0.173044,-0.297742,-0.0764719,-0.761526,-0.0764719,-0.220891,-0.352518,-0.205993,-0.205993,-0.108467,-0.0764719,-0.190134,-0.108467,-0.108467,1.74742,-0.205993,-0.154311,-0.108467,-0.0764719,0.113197
115,-0.0764719,-0.133239,-0.190134,-0.0764719,-0.0764719,-0.0764719,-0.0764719,0.512765,-0.0764719,-0.0764719,-0.341993,-0.205993,-0.108467,-0.393061,-0.0764719,-0.0764719,-0.0764719,-0.248493,1.84939,0.445008,-0.0764719,1.68504,0.248493,-0.205993,0.534018,-0.133239,-0.622866,-0.190134,-0.173044,-0.297742,-0.0764719,-0.761526,-0.0764719,-0.220891,2.82014,-0.205993,-0.205993,-0.108467,-0.0764719,-0.190134,-0.108467,-0.108467,-0.568927,-0.205993,-0.154311,-0.108467,-0.0764719,0.609523
29,-0.0764719,-0.133239,-0.190134,-0.0764719,-0.0764719,-0.0764719,-0.0764719,1.22563,-0.0764719,-0.0764719,-0.341993,-0.205993,-0.108467,-0.393061,-0.0764719,-0.0764719,-0.0764719,-0.248493,-0.971083,-0.802473,-0.0764719,-0.726187,0.248493,-0.205993,-0.734275,-0.133239,-0.622866,-0.190134,-0.173044,-0.297742,-0.0764719,-0.761526,-0.0764719,-0.220891,-0.352518,-0.205993,-0.205993,-0.108467,-0.0764719,-0.190134,-0.108467,-0.108467,-0.568927,-0.205993,-0.154311,-0.108467,-0.0764719,0.113197
64,-0.0764719,-0.133239,-0.190134,-0.0764719,-0.0764719,-0.0764719,-0.0764719,-0.912972,-0.0764719,-0.0764719,-0.341993,-0.205993,-0.108467,-0.393061,-0.0764719,-0.0764719,-0.0764719,-0.248493,0.439152,0.445008,-0.0764719,1.68504,0.248493,-0.205993,0.534018,-0.133239,1.59609,-0.190134,-0.173044,-0.297742,-0.0764719,1.30547,-0.0764719,-0.220891,-0.352518,4.82613,-0.205993,-0.108467,-0.0764719,-0.190134,-0.108467,-0.108467,-0.568927,-0.205993,-0.154311,-0.108467,-0.0764719,-1.37578
157,-0.0764719,-0.133239,-0.190134,-0.0764719,-0.0764719,-0.0764719,-0.0764719,-0.912972,-0.0764719,-0.0764719,-0.341993,-0.205993,-0.108467,-0.393061,-0.0764719,-0.0764719,-0.0764719,-0.248493,-0.971083,0.445008,-0.0764719,1.68504,0.248493,-0.205993,1.80231,7.4614,-0.622866,-0.190134,-0.173044,-0.297742,-0.0764719,-0.761526,-0.0764719,-0.220891,-0.352518,-0.205993,-0.205993,-0.108467,-0.0764719,-0.190134,-0.108467,-0.108467,-0.568927,4.82613,-0.154311,-0.108467,-0.0764719,-1.37578
82,-0.0764719,-0.133239,-0.190134,-0.0764719,-0.0764719,-0.0764719,-0.0764719,-0.912972,-0.0764719,-0.0764719,2.90694,-0.205993,-0.108467,-0.393061,-0.0764719,-0.0764719,-0.0764719,-0.248493,-0.265965,1.69249,-0.0764719,-0.726187,-4.00073,-0.205993,-0.734275,-0.133239,-0.622866,-0.190134,-0.173044,-0.297742,-0.0764719,-0.761526,-0.0764719,4.50065,-0.352518,-0.205993,-0.205993,-0.108467,-0.0764719,-0.190134,-0.108467,-0.108467,-0.568927,4.82613,-0.154311,-0.108467,-0.0764719,-1.37578
133,-0.0764719,-0.133239,-0.190134,-0.0764719,-0.0764719,-0.0764719,-0.0764719,-0.912972,-0.0764719,-0.0764719,-0.341993,-0.205993,-0.108467,2.52926,-0.0764719,-0.0764719,-0.0764719,-0.248493,1.14427,-0.802473,-0.0764719,-0.726187,0.248493,-0.205993,-0.734275,-0.133239,1.59609,-0.190134,5.74507,-0.297742,-0.0764719,1.30547,-0.0764719,-0.220891,-0.352518,-0.205993,-0.205993,-0.108467,-0.0764719,-0.190134,-0.108467,-0.108467,-0.568927,-0.205993,-0.154311,-0.108467,-0.0764719,0.113197
60,-0.0764719,-0.133239,-0.190134,-0.0764719,-0.0764719,-0.0764719,-0.0764719,1.22563,-0.0764719,-0.0764719,-0.341993,-0.205993,-0.108467,-0.393061,-0.0764719,-0.0764719,-0.0764719,-0.248493,-0.971083,1.69249,-0.0764719,0.479425,0.248493,-0.205993,-0.734275,-0.133239,-0.622866,-0.190134,-0.173044,-0.297742,-0.0764719,-0.761526,-0.0764719,-0.220891,-0.352518,-0.205993,-0.205993,-0.108467,-0.0764719,-0.190134,-0.108467,-0.108467,-0.568927,-0.205993,-0.154311,-0.108467,-0.0764719,0.609523
166,-0.0764719,-0.133239,-0.190134,-0.0764719,-0.0764719,-0.0764719,-0.0764719,-0.912972,-0.0764719,-0.0764719,-0.341993,-0.205993,-0.108467,-0.393061,-0.0764719,-0.0764719,-0.0764719,-0.248493,0.439152,-0.802473,-0.0764719,-0.726187,0.248493,-0.205993,1.80231,-0.133239,-0.622866,-0.190134,-0.173044,-0.297742,-0.0764719,1.30547,-0.0764719,-0.220891,-0.352518,-0.205993,4.82613,-0.108467,-0.0764719,-0.190134,-0.108467,-0.108467,-0.568927,-0.205993,-0.154311,-0.108467,-0.0764719,1.60217
107,-0.0764719,-0.133239,5.22869,-0.0764719,-0.0764719,-0.0764719,-0.0764719,1.22563,-0.0764719,-0.0764719,-0.341993,-0.205993,-0.108467,-0.393061,-0.0764719,-0.0764719,-0.0764719,-0.248493,-0.971083,0.445008,-0.0764719,0.479425,0.248493,-0.205993,0.534018,-0.133239,-0.622866,-0.190134,-0.173044,-0.297742,-0.0764719,1.30547,-0.0764719,-0.220891,-0.352518,-0.205993,-0.205993,-0.108467,-0.0764719,-0.190134,-0.108467,-0.108467,-0.568927,-0.205993,-0.154311,-0.108467,-0.0764719,0.609523
134,-0.0764719,-0.133239,-0.190134,-0.0764719,-0.0764719,-0.0764719,-0.0764719,-0.912972,-0.0764719,-0.0764719,-0.341993,-0.205993,-0.108467,-0.393061,-0.0764719,-0.0764719,-0.0764719,-0.248493,1.14427,-0.802473,-0.0764719,-0.726187,0.248493,-0.205993,-0.734275,-0.133239,1.59609,-0.190134,5.74507,-0.297742,-0.0764719,1.30547,-0.0764719,-0.220891,-0.352518,-0.205993,-0.205993,-0.108467,-0.0764719,-0.190134,-0.108467,-0.108467,-0.568927,-0.205993,-0.154311,-0.108467,-0.0764719,0.113197
