170,-0.201436,-0.160884,-0.276688,-0.224962,7.8104,5.47744,-0.168237,-0.261988,-0.246648,-0.160884,-0.188765,-0.230535,-0.160884
358,-0.201436,-0.160884,-0.276688,-0.224962,-0.12774,-0.182147,-0.168237,-0.261988,-0.246648,-0.160884,-0.188765,-0.230535,-0.160884
370,-0.201436,-0.160884,3.60587,4.43497,-0.12774,-0.182147,-0.168237,-0.261988,-0.246648,-0.160884,-0.188765,-0.230535,-0.160884
429,4.95295,-0.160884,-0.276688,-0.224962,-0.12774,-0.182147,-0.168237,-0.261988,-0.246648,-0.160884,-0.188765,-0.230535,-0.160884
63,-0.201436,-0.160884,-0.276688,-0.224962,-0.12774,-0.182147,-0.168237,-0.261988,-0.246648,-0.160884,-0.188765,-0.230535,-0.160884
252,-0.201436,-0.160884,-0.276688,-0.224962,-0.12774,-0.182147,-0.168237,-0.261988,-0.246648,-0.160884,-0.188765,-0.230535,-0.160884
152,-0.201436,-0.160884,-0.276688,-0.224962,-0.12774,-0.182147,-0.168237,-0.261988,-0.246648,-0.160884,-0.188765,-0.230535,-0.160884
33,-0.201436,-0.160884,-0.276688,-0.224962,-0.12774,-0.182147,-0.168237,-0.261988,-0.246648,-0.160884,-0.188765,-0.230535,-0.160884
87,-0.201436,-0.160884,-0.276688,-0.224962,-0.12774,-0.182147,-0.168237,-0.261988,-0.246648,-0.160884,-0.188765,-0.230535,-0.160884
279,-0.201436,-0.160884,-0.276688,-0.224962,-0.12774,-0.182147,-0.168237,-0.261988,-0.246648,-0.160884,-0.188765,-0.230535,-0.160884
431,-0.201436,-0.160884,-0.276688,-0.224962,-0.12774,-0.182147,-0.168237,-0.261988,-0.246648,-0.160884,-0.188765,-0.230535,-0.160884
45,-0.201436,-0.160884,-0.276688,-0.224962,-0.12774,-0.182147,-0.168237,-0.261988,-0.246648,-0.160884,-0.188765,4.32777,-0.160884
139,-0.201436,-0.160884,-0.276688,-0.224962,-0.12774,-0.182147,-0.168237,-0.261988,-0.246648,-0.160884,-0.188765,-0.230535,-0.160884
274,-0.201436,-0.160884,-0.276688,-0.224962,-0.12774,-0.182147,-0.168237,-0.261988,-0.246648,-0.160884,-0.188765,-0.230535,-0.160884
195,-0.201436,-0.160884,-0.276688,-0.224962,-0.12774,-0.182147,-0.168237,-0.261988,-0.246648,-0.160884,-0.188765,-0.230535,-0.160884
422,-0.201436,-0.160884,-0.276688,-0.224962,-0.12774,-0.182147,-0.168237,-0.261988,-0.246648,-0.160884,-0.188765,-0.230535,-0.160884
258,-0.201436,-0.160884,-0.276688,-0.224962,-0.12774,-0.182147,-0.168237,-0.261988,-0.246648,-0.160884,-0.188765,-0.230535,-0.160884
126,-0.201436,-0.160884,-0.276688,-0.224962,-0.12774,-0.182147,-0.168237,-0.261988,-0.246648,-0.160884,-0.188765,-0.230535,-0.160884
23,-0.201436,-0.160884,-0.276688,-0.224962,-0.12774,-0.182147,-0.168237,-0.261988,-0.246648,-0.160884,-0.188765,-0.230535,-0.160884
79,-0.201436,-0.160884,-0.276688,-0.224962,-0.12774,-0.182147,-0.168237,-0.261988,-0.246648,-0.160884,-0.188765,-0.230535,-0.160884
194,-0.201436,-0.160884,-0.276688,-0.224962,-0.12774,-0.182147,-0.168237,-0.261988,-0.246648,-0.160884,5.28542,-0.230535,-0.160884
249,-0.201436,-0.160884,-0.276688,-0.224962,-0.12774,-0.182147,-0.168237,-0.261988,-0.246648,-0.160884,-0.188765,4.32777,-0.160884
28,-0.201436,-0.160884,-0.276688,-0.224962,-0.12774,-0.182147,-0.168237,-0.261988,-0.246648,-0.160884,-0.188765,-0.230535,-0.160884
263,-0.201436,-0.160884,-0.276688,-0.224962,-0.12774,-0.182147,-0.168237,-0.261988,-0.246648,-0.160884,-0.188765,-0.230535,-0.160884
215,-0.201436,-0.160884,-0.276688,-0.224962,-0.12774,-0.182147,-0.168237,-0.261988,-0.246648,-0.160884,-0.188765,-0.230535,-0.160884
243,-0.201436,-0.160884,-0.276688,-0.224962,-0.12774,-0.182147,-0.168237,-0.261988,-0.246648,-0.160884,-0.188765,4.32777,-0.160884
93,-0.201436,-0.160884,-0.276688,-0.224962,-0.12774,-0.182147,-0.168237,-0.261988,-0.246648,-0.160884,-0.188765,-0.230535,-0.160884
193,-0.201436,-0.160884,-0.276688,-0.224962,-0.12774,-0.182147,-0.168237,-0.261988,-0.246648,-0.160884,-0.188765,-0.230535,-0.160884
412,-0.201436,-0.160884,-0.276688,-0.224962,-0.12774,-0.182147,-0.168237,-0.261988,-0.246648,-0.160884,-0.188765,-0.230535,-0.160884
41,-0.201436,-0.160884,-0.276688,-0.224962,-0.12774,-0.182147,-0.168237,-0.261988,-0.246648,-0.160884,-0.188765,-0.230535,-0.160884
397,-0.201436,-0.160884,-0.276688,-0.224962,-0.12774,-0.182147,-0.168237,-0.261988,-0.246648,6.20136,-0.188765,-0.230535,-0.160884
316,-0.201436,-0.160884,-0.276688,-0.224962,-0.12774,-0.182147,-0.168237,-0.261988,-0.246648,-0.160884,-0.188765,-0.230535,-0.160884
19,-0.201436,-0.160884,-0.276688,-0.224962,-0.12774,-0.182147,-0.168237,-0.261988,-0.246648,-0.160884,-0.188765,-0.230535,-0.160884
171,-0.201436,-0.160884,-0.276688,-0.224962,-0.12774,-0.182147,-0.168237,-0.261988,-0.246648,-0.160884,-0.188765,-0.230535,-0.160884
388,-0.201436,-0.160884,-0.276688,-0.224962,-0.12774,-0.182147,-0.168237,-0.261988,-0.246648,-0.160884,-0.188765,-0.230535,-0.160884
109,-0.201436,-0.160884,-0.276688,-0.224962,-0.12774,-0.182147,-0.168237,-0.261988,-0.246648,-0.160884,-0.188765,-0.230535,-0.160884
342,-0.201436,-0.160884,-0.276688,-0.224962,-0.12774,-0.182147,-0.168237,-0.261988,-0.246648,6.20136,-0.188765,-0.230535,-0.160884
320,-0.201436,-0.160884,-0.276688,-0.224962,-0.12774,-0.182147,-0.168237,-0.261988,-0.246648,-0.160884,-0.188765,-0.230535,-0.160884
69,-0.201436,-0.160884,-0.276688,-0.224962,-0.12774,-0.182147,-0.168237,-0.261988,-0.246648,-0.160884,-0.188765,-0.230535,-0.160884
101,-0.201436,-0.160884,-0.276688,-0.224962,-0.12774,-0.182147,-0.168237,-0.261988,-0.246648,-0.160884,-0.188765,-0.230535,-0.160884
102,-0.201436,-0.160884,-0.276688,-0.224962,-0.12774,-0.182147,-0.168237,-0.261988,-0.246648,-0.160884,-0.188765,4.32777,-0.160884
351,-0.201436,-0.160884,-0.276688,-0.224962,-0.12774,-0.182147,-0.168237,-0.261988,-0.246648,-0.160884,-0.188765,-0.230535,-0.160884
266,-0.201436,-0.160884,-0.276688,-0.224962,-0.12774,-0.182147,-0.168237,-0.261988,-0.246648,-0.160884,-0.188765,-0.230535,-0.160884
236,-0.201436,-0.160884,-0.276688,-0.224962,-0.12774,-0.182147,-0.168237,-0.261988,-0.246648,-0.160884,-0.188765,-0.230535,-0.160884
382,-0.201436,-0.160884,-0.276688,-0.224962,-0.12774,-0.182147,-0.168237,-0.261988,-0.246648,-0.160884,-0.188765,-0.230535,-0.160884
418,-0.201436,-0.160884,-0.276688,-0.224962,-0.12774,-0.182147,-0.168237,-0.261988,-0.246648,-0.160884,-0.188765,-0.230535,-0.160884
53,-0.201436,-0.160884,-0.276688,-0.224962,-0.12774,-0.182147,-0.168237,-0.261988,-0.246648,-0.160884,-0.188765,-0.230535,-0.160884
332,-0.201436,-0.160884,-0.276688,-0.224962,-0.12774,-0.182147,-0.168237,-0.261988,-0.246648,-0.160884,-0.188765,-0.230535,-0.160884
113,-0.201436,-0.160884,-0.276688,-0.224962,-0.12774,-0.182147,-0.168237,-0.261988,-0.246648,-0.160884,-0.188765,-0.230535,-0.160884
123,-0.201436,-0.160884,-0.276688,-0.224962,-0.12774,-0.182147,-0.168237,-0.261988,-0.246648,-0.160884,-0.188765,-0.230535,-0.160884
296,-0.201436,-0.160884,-0.276688,-0.224962,-0.12774,-0.182147,-0.168237,-0.261988,-0.246648,-0.160884,-0.188765,-0.230535,-0.160884
242,-0.201436,-0.160884,3.60587,-0.224962,-0.12774,-0.182147,-0.168237,-0.261988,-0.246648,-0.160884,-0.188765,-0.230535,-0.160884
230,-0.201436,-0.160884,-0.276688,-0.224962,-0.12774,-0.182147,-0.168237,-0.261988,-0.246648,-0.160884,-0.188765,-0.230535,-0.160884
288,-0.201436,-0.160884,-0.276688,-0.224962,-0.12774,-0.182147,-0.168237,-0.261988,-0.246648,-0.160884,-0.188765,-0.230535,-0.160884
212,-0.201436,-0.160884,-0.276688,-0.224962,-0.12774,-0.182147,-0.168237,-0.261988,-0.246648,-0.160884,-0.188765,-0.230535,-0.160884
20,-0.201436,-0.160884,-0.276688,-0.224962,-0.12774,-0.182147,-0.168237,-0.261988,-0.246648,6.20136,-0.188765,-0.230535,-0.160884
200,-0.201436,-0.160884,-0.276688,-0.224962,-0.12774,-0.182147,-0.168237,-0.261988,-0.246648,-0.160884,-0.188765,-0.230535,-0.160884
357,-0.201436,-0.160884,-0.276688,-0.224962,-0.12774,-0.182147,-0.168237,-0.261988,-0.246648,-0.160884,-0.188765,-0.230535,-0.160884
270,-0.201436,-0.160884,-0.276688,-0.224962,-0.12774,-0.182147,-0.168237,-0.261988,-0.246648,-0.160884,-0.188765,-0.230535,-0.160884
58,-0.201436,-0.160884,-0.276688,-0.224962,-0.12774,-0.182147,-0.168237,-0.261988,-0.246648,-0.160884,-0.188765,-0.230535,-0.160884
295,4.95295,-0.160884,-0.276688,-0.224962,-0.12774,5.47744,-0.168237,3.80819,4.04503,-0.160884,5.28542,-0.230535,-0.160884
177,-0.201436,-0.160884,3.60587,-0.224962,-0.12774,-0.182147,-0.168237,-0.261988,-0.246648,-0.160884,-0.188765,-0.230535,-0.160884
377,4.95295,-0.160884,3.60587,4.43497,-0.12774,5.47744,-0.168237,3.80819,-0.246648,-0.160884,5.28542,-0.230535,-0.160884
122,-0.201436,-0.160884,-0.276688,-0.224962,-0.12774,-0.182147,-0.168237,-0.261988,-0.246648,-0.160884,-0.188765,-0.230535,-0.160884
10,-0.201436,-0.160884,3.60587,4.43497,-0.12774,-0.182147,-0.168237,-0.261988,-0.246648,-0.160884,-0.188765,-0.230535,-0.160884
423,-0.201436,-0.160884,-0.276688,-0.224962,-0.12774,-0.182147,-0.168237,-0.261988,-0.246648,-0.160884,-0.188765,-0.230535,-0.160884
204,-0.201436,-0.160884,-0.276688,-0.224962,-0.12774,-0.182147,-0.168237,-0.261988,-0.246648,-0.160884,-0.188765,-0.230535,-0.160884
343,-0.201436,-0.160884,-0.276688,-0.224962,-0.12774,-0.182147,-0.168237,-0.261988,-0.246648,-0.160884,-0.188765,-0.230535,-0.160884
173,-0.201436,-0.160884,-0.276688,-0.224962,-0.12774,-0.182147,-0.168237,-0.261988,-0.246648,-0.160884,-0.188765,-0.230535,-0.160884
383,-0.201436,-0.160884,-0.276688,-0.224962,-0.12774,-0.182147,-0.168237,-0.261988,-0.246648,-0.160884,-0.188765,-0.230535,-0.160884
271,-0.201436,-0.160884,-0.276688,4.43497,-0.12774,-0.182147,-0.168237,-0.261988,-0.246648,-0.160884,-0.188765,-0.230535,-0.160884
356,-0.201436,-0.160884,-0.276688,-0.224962,-0.12774,-0.182147,-0.168237,-0.261988,-0.246648,-0.160884,-0.188765,-0.230535,-0.160884
199,-0.201436,-0.160884,-0.276688,-0.224962,-0.12774,-0.182147,-0.168237,-0.261988,-0.246648,-0.160884,-0.188765,4.32777,-0.160884
206,-0.201436,-0.160884,-0.276688,-0.224962,-0.12774,-0.182147,-0.168237,-0.261988,-0.246648,-0.160884,-0.188765,-0.230535,-0.160884
272,-0.201436,-0.160884,-0.276688,-0.224962,-0.12774,-0.182147,-0.168237,-0.261988,-0.246648,-0.160884,-0.188765,-0.230535,-0.160884
229,-0.201436,-0.160884,-0.276688,-0.224962,-0.12774,-0.182147,-0.168237,-0.261988,-0.246648,-0.160884,-0.188765,-0.230535,-0.160884
68,-0.201436,-0.160884,-0.276688,-0.224962,-0.12774,-0.182147,-0.168237,-0.261988,-0.246648,-0.160884,-0.188765,-0.230535,-0.160884
372,-0.201436,-0.160884,-0.276688,-0.224962,-0.12774,-0.182147,-0.168237,-0.261988,4.04503,-0.160884,-0.188765,-0.230535,-0.160884
6,-0.201436,-0.160884,-0.276688,-0.224962,-0.12774,-0.182147,-0.168237,-0.261988,4.04503,-0.160884,-0.188765,-0.230535,-0.160884
142,-0.201436,-0.160884,-0.276688,-0.224962,-0.12774,-0.182147,-0.168237,-0.261988,-0.246648,-0.160884,-0.188765,-0.230535,-0.160884
22,-0.201436,-0.160884,3.60587,-0.224962,-0.12774,-0.182147,-0.168237,-0.261988,-0.246648,-0.160884,-0.188765,-0.230535,-0.160884
97,-0.201436,-0.160884,-0.276688,-0.224962,-0.12774,-0.182147,-0.168237,-0.261988,-0.246648,-0.160884,-0.188765,-0.230535,-0.160884
328,-0.201436,-0.160884,-0.276688,-0.224962,-0.12774,-0.182147,-0.168237,-0.261988,-0.246648,-0.160884,-0.188765,-0.230535,-0.160884
112,-0.201436,-0.160884,-0.276688,-0.224962,-0.12774,-0.182147,-0.168237,-0.261988,-0.246648,-0.160884,-0.188765,-0.230535,-0.160884
201,-0.201436,-0.160884,-0.276688,-0.224962,-0.12774,-0.182147,-0.168237,-0.261988,-0.246648,-0.160884,-0.188765,-0.230535,-0.160884
188,-0.201436,-0.160884,-0.276688,-0.224962,-0.12774,-0.182147,-0.168237,3.80819,4.04503,-0.160884,-0.188765,-0.230535,-0.160884
136,-0.201436,-0.160884,-0.276688,-0.224962,-0.12774,-0.182147,-0.168237,-0.261988,-0.246648,-0.160884,-0.188765,-0.230535,-0.160884
424,-0.201436,-0.160884,-0.276688,-0.224962,-0.12774,-0.182147,-0.168237,-0.261988,4.04503,6.20136,-0.188765,-0.230535,-0.160884
108,-0.201436,-0.160884,-0.276688,-0.224962,-0.12774,-0.182147,-0.168237,-0.261988,-0.246648,-0.160884,-0.188765,-0.230535,-0.160884
284,-0.201436,-0.160884,-0.276688,-0.224962,-0.12774,-0.182147,-0.168237,3.80819,-0.246648,-0.160884,-0.188765,-0.230535,-0.160884
344,-0.201436,-0.160884,-0.276688,-0.224962,-0.12774,-0.182147,-0.168237,-0.261988,-0.246648,-0.160884,-0.188765,-0.230535,-0.160884
322,-0.201436,-0.160884,-0.276688,-0.224962,-0.12774,-0.182147,-0.168237,-0.261988,-0.246648,-0.160884,5.28542,-0.230535,-0.160884
95,4.95295,-0.160884,3.60587,-0.224962,-0.12774,-0.182147,-0.168237,-0.261988,4.04503,-0.160884,5.28542,4.32777,-0.160884
44,-0.201436,-0.160884,-0.276688,-0.224962,-0.12774,-0.182147,-0.168237,-0.261988,-0.246648,-0.160884,-0.188765,-0.230535,-0.160884
29,-0.201436,-0.160884,-0.276688,-0.224962,-0.12774,-0.182147,-0.168237,-0.261988,-0.246648,-0.160884,-0.188765,-0.230535,-0.160884
161,-0.201436,-0.160884,-0.276688,-0.224962,-0.12774,-0.182147,-0.168237,-0.261988,-0.246648,-0.160884,-0.188765,-0.230535,-0.160884
47,-0.201436,-0.160884,-0.276688,-0.224962,-0.12774,-0.182147,-0.168237,-0.261988,-0.246648,-0.160884,-0.188765,4.32777,-0.160884
425,-0.201436,-0.160884,-0.276688,-0.224962,-0.12774,-0.182147,-0.168237,-0.261988,-0.246648,-0.160884,-0.188765,-0.230535,-0.160884
100,-0.201436,-0.160884,-0.276688,-0.224962,-0.12774,-0.182147,-0.168237,-0.261988,-0.246648,-0.160884,-0.188765,-0.230535,-0.160884
399,-0.201436,-0.160884,-0.276688,-0.224962,-0.12774,-0.182147,-0.168237,-0.261988,-0.246648,-0.160884,-0.188765,-0.230535,-0.160884
411,-0.201436,-0.160884,-0.276688,-0.224962,-0.12774,-0.182147,-0.168237,-0.261988,-0.246648,-0.160884,-0.188765,-0.230535,-0.160884
337,-0.201436,-0.160884,-0.276688,-0.224962,-0.12774,-0.182147,-0.168237,-0.261988,-0.246648,-0.160884,-0.188765,-0.230535,-0.160884
175,-0.201436,-0.160884,-0.276688,-0.224962,-0.12774,-0.182147,-0.168237,-0.261988,-0.246648,-0.160884,-0.188765,-0.230535,-0.160884
131,-0.201436,-0.160884,-0.276688,-0.224962,-0.12774,-0.182147,-0.168237,-0.261988,-0.246648,-0.160884,-0.188765,-0.230535,-0.160884
5,-0.201436,-0.160884,-0.276688,-0.224962,-0.12774,-0.182147,-0.168237,-0.261988,-0.246648,-0.160884,-0.188765,-0.230535,-0.160884
86,-0.201436,-0.160884,-0.276688,-0.224962,-0.12774,-0.182147,-0.168237,-0.261988,-0.246648,-0.160884,-0.188765,-0.230535,-0.160884
211,-0.201436,-0.160884,-0.276688,-0.224962,-0.12774,-0.182147,-0.168237,-0.261988,-0.246648,-0.160884,-0.188765,-0.230535,-0.160884
315,4.95295,-0.160884,-0.276688,-0.224962,-0.12774,-0.182147,-0.168237,-0.261988,4.04503,-0.160884,5.28542,-0.230535,-0.160884
339,-0.201436,-0.160884,-0.276688,-0.224962,-0.12774,-0.182147,-0.168237,-0.261988,-0.246648,-0.160884,-0.188765,-0.230535,-0.160884
335,-0.201436,-0.160884,-0.276688,-0.224962,-0.12774,-0.182147,-0.168237,-0.261988,-0.246648,-0.160884,-0.188765,-0.230535,-0.160884
416,-0.201436,-0.160884,-0.276688,-0.224962,-0.12774,-0.182147,-0.168237,-0.261988,-0.246648,-0.160884,-0.188765,-0.230535,-0.160884
49,-0.201436,-0.160884,-0.276688,-0.224962,-0.12774,-0.182147,-0.168237,-0.261988,-0.246648,-0.160884,-0.188765,-0.230535,-0.160884
164,-0.201436,-0.160884,-0.276688,-0.224962,-0.12774,-0.182147,-0.168237,-0.261988,-0.246648,-0.160884,-0.188765,-0.230535,-0.160884
294,-0.201436,-0.160884,-0.276688,-0.224962,-0.12774,-0.182147,-0.168237,-0.261988,-0.246648,-0.160884,-0.188765,-0.230535,-0.160884
338,-0.201436,-0.160884,-0.276688,-0.224962,-0.12774,-0.182147,-0.168237,-0.261988,-0.246648,-0.160884,-0.188765,-0.230535,-0.160884
371,-0.201436,-0.160884,-0.276688,-0.224962,-0.12774,-0.182147,-0.168237,-0.261988,-0.246648,-0.160884,-0.188765,-0.230535,-0.160884
217,-0.201436,-0.160884,-0.276688,-0.224962,-0.12774,-0.182147,-0.168237,-0.261988,-0.246648,-0.160884,-0.188765,-0.230535,-0.160884
354,-0.201436,-0.160884,3.60587,-0.224962,-0.12774,-0.182147,-0.168237,-0.261988,-0.246648,-0.160884,-0.188765,-0.230535,-0.160884
396,-0.201436,-0.160884,-0.276688,-0.224962,-0.12774,-0.182147,-0.168237,-0.261988,-0.246648,-0.160884,-0.188765,-0.230535,-0.160884
321,-0.201436,-0.160884,-0.276688,-0.224962,-0.12774,-0.182147,-0.168237,-0.261988,-0.246648,-0.160884,-0.188765,-0.230535,-0.160884
116,-0.201436,-0.160884,-0.276688,-0.224962,-0.12774,-0.182147,-0.168237,-0.261988,-0.246648,-0.160884,-0.188765,-0.230535,-0.160884
54,-0.201436,-0.160884,-0.276688,-0.224962,-0.12774,5.47744,-0.168237,-0.261988,-0.246648,-0.160884,-0.188765,-0.230535,-0.160884
224,-0.201436,-0.160884,3.60587,-0.224962,-0.12774,-0.182147,-0.168237,-0.261988,-0.246648,-0.160884,-0.188765,-0.230535,-0.160884
66,-0.201436,-0.160884,-0.276688,-0.224962,-0.12774,-0.182147,-0.168237,-0.261988,-0.246648,-0.160884,-0.188765,-0.230535,-0.160884
130,-0.201436,-0.160884,-0.276688,-0.224962,-0.12774,-0.182147,-0.168237,-0.261988,-0.246648,6.20136,-0.188765,-0.230535,-0.160884
207,-0.201436,-0.160884,-0.276688,-0.224962,-0.12774,-0.182147,-0.168237,-0.261988,-0.246648,-0.160884,-0.188765,-0.230535,-0.160884
57,-0.201436,-0.160884,-0.276688,-0.224962,-0.12774,-0.182147,-0.168237,-0.261988,-0.246648,-0.160884,-0.188765,-0.230535,-0.160884
48,-0.201436,-0.160884,-0.276688,-0.224962,-0.12774,-0.182147,-0.168237,-0.261988,-0.246648,-0.160884,-0.188765,-0.230535,-0.160884
182,-0.201436,-0.160884,-0.276688,-0.224962,-0.12774,-0.182147,-0.168237,-0.261988,-0.246648,-0.160884,-0.188765,-0.230535,-0.160884
349,-0.201436,-0.160884,-0.276688,-0.224962,-0.12774,-0.182147,-0.168237,-0.261988,-0.246648,-0.160884,-0.188765,-0.230535,-0.160884
145,-0.201436,-0.160884,-0.276688,-0.224962,-0.12774,-0.182147,-0.168237,3.80819,-0.246648,-0.160884,-0.188765,-0.230535,-0.160884
414,-0.201436,-0.160884,-0.276688,-0.224962,-0.12774,-0.182147,-0.168237,-0.261988,-0.246648,-0.160884,-0.188765,-0.230535,-0.160884
395,-0.201436,6.20136,3.60587,-0.224962,-0.12774,-0.182147,-0.168237,-0.261988,-0.246648,-0.160884,-0.188765,-0.230535,-0.160884
333,-0.201436,-0.160884,-0.276688,-0.224962,-0.12774,-0.182147,-0.168237,-0.261988,-0.246648,-0.160884,-0.188765,-0.230535,-0.160884
273,-0.201436,-0.160884,-0.276688,-0.224962,-0.12774,-0.182147,-0.168237,3.80819,-0.246648,-0.160884,-0.188765,-0.230535,-0.160884
219,-0.201436,-0.160884,-0.276688,-0.224962,-0.12774,-0.182147,-0.168237,-0.261988,-0.246648,-0.160884,-0.188765,-0.230535,-0.160884
163,-0.201436,-0.160884,-0.276688,-0.224962,-0.12774,-0.182147,-0.168237,-0.261988,-0.246648,-0.160884,-0.188765,-0.230535,-0.160884
30,-0.201436,-0.160884,-0.276688,-0.224962,-0.12774,-0.182147,-0.168237,-0.261988,-0.246648,-0.160884,-0.188765,-0.230535,-0.160884
81,-0.201436,-0.160884,-0.276688,-0.224962,-0.12774,-0.182147,-0.168237,-0.261988,-0.246648,-0.160884,-0.188765,4.32777,-0.160884
125,-0.201436,-0.160884,-0.276688,-0.224962,-0.12774,-0.182147,-0.168237,-0.261988,-0.246648,-0.160884,-0.188765,-0.230535,-0.160884
135,-0.201436,-0.160884,-0.276688,-0.224962,-0.12774,-0.182147,-0.168237,-0.261988,-0.246648,-0.160884,-0.188765,-0.230535,-0.160884
172,-0.201436,-0.160884,-0.276688,-0.224962,-0.12774,-0.182147,-0.168237,-0.261988,4.04503,-0.160884,-0.188765,-0.230535,-0.160884
323,-0.201436,-0.160884,-0.276688,-0.224962,-0.12774,-0.182147,-0.168237,-0.261988,-0.246648,-0.160884,-0.188765,4.32777,-0.160884
393,-0.201436,6.20136,-0.276688,-0.224962,-0.12774,-0.182147,5.93034,-0.261988,-0.246648,-0.160884,-0.188765,-0.230535,6.20136
205,-0.201436,-0.160884,-0.276688,-0.224962,-0.12774,-0.182147,-0.168237,-0.261988,-0.246648,-0.160884,-0.188765,-0.230535,-0.160884
275,-0.201436,-0.160884,-0.276688,4.43497,-0.12774,-0.182147,-0.168237,-0.261988,-0.246648,-0.160884,-0.188765,-0.230535,-0.160884
214,-0.201436,-0.160884,-0.276688,-0.224962,-0.12774,-0.182147,-0.168237,-0.261988,-0.246648,-0.160884,-0.188765,-0.230535,-0.160884
15,4.95295,-0.160884,-0.276688,-0.224962,-0.12774,-0.182147,-0.168237,-0.261988,-0.246648,-0.160884,-0.188765,-0.230535,-0.160884
407,-0.201436,-0.160884,-0.276688,-0.224962,-0.12774,-0.182147,-0.168237,-0.261988,-0.246648,-0.160884,-0.188765,-0.230535,-0.160884
239,-0.201436,-0.160884,-0.276688,-0.224962,-0.12774,-0.182147,-0.168237,-0.261988,-0.246648,-0.160884,-0.188765,-0.230535,-0.160884
360,-0.201436,-0.160884,-0.276688,-0.224962,-0.12774,-0.182147,-0.168237,-0.261988,-0.246648,-0.160884,-0.188765,-0.230535,-0.160884
144,-0.201436,-0.160884,-0.276688,-0.224962,-0.12774,-0.182147,-0.168237,-0.261988,-0.246648,-0.160884,-0.188765,-0.230535,-0.160884
176,-0.201436,-0.160884,-0.276688,-0.224962,-0.12774,-0.182147,-0.168237,-0.261988,-0.246648,-0.160884,-0.188765,-0.230535,-0.160884
184,-0.201436,-0.160884,-0.276688,-0.224962,-0.12774,-0.182147,-0.168237,-0.261988,-0.246648,-0.160884,-0.188765,-0.230535,-0.160884
261,4.95295,-0.160884,3.60587,4.43497,-0.12774,-0.182147,-0.168237,3.80819,-0.246648,6.20136,-0.188765,-0.230535,-0.160884
85,-0.201436,-0.160884,-0.276688,-0.224962,-0.12774,-0.182147,-0.168237,-0.261988,-0.246648,-0.160884,-0.188765,-0.230535,-0.160884
340,-0.201436,-0.160884,-0.276688,-0.224962,-0.12774,-0.182147,-0.168237,-0.261988,-0.246648,-0.160884,-0.188765,-0.230535,-0.160884
174,-0.201436,-0.160884,-0.276688,-0.224962,-0.12774,-0.182147,-0.168237,-0.261988,-0.246648,-0.160884,-0.188765,-0.230535,-0.160884
155,-0.201436,-0.160884,-0.276688,-0.224962,-0.12774,-0.182147,-0.168237,-0.261988,-0.246648,-0.160884,5.28542,-0.230535,-0.160884
398,-0.201436,-0.160884,-0.276688,-0.224962,-0.12774,-0.182147,-0.168237,-0.261988,-0.246648,-0.160884,-0.188765,-0.230535,-0.160884
72,-0.201436,-0.160884,-0.276688,-0.224962,-0.12774,-0.182147,-0.168237,-0.261988,-0.246648,-0.160884,-0.188765,-0.230535,-0.160884
325,-0.201436,-0.160884,-0.276688,-0.224962,-0.12774,-0.182147,-0.168237,-0.261988,-0.246648,-0.160884,-0.188765,4.32777,-0.160884
353,-0.201436,-0.160884,-0.276688,-0.224962,-0.12774,-0.182147,-0.168237,-0.261988,-0.246648,-0.160884,-0.188765,-0.230535,-0.160884
124,-0.201436,-0.160884,-0.276688,-0.224962,-0.12774,-0.182147,-0.168237,-0.261988,-0.246648,-0.160884,-0.188765,-0.230535,-0.160884
289,-0.201436,-0.160884,-0.276688,-0.224962,-0.12774,-0.182147,-0.168237,-0.261988,-0.246648,-0.160884,-0.188765,-0.230535,-0.160884
119,-0.201436,-0.160884,-0.276688,-0.224962,-0.12774,-0.182147,-0.168237,-0.261988,-0.246648,-0.160884,-0.188765,-0.230535,-0.160884
419,-0.201436,-0.160884,-0.276688,-0.224962,-0.12774,-0.182147,-0.168237,-0.261988,-0.246648,-0.160884,-0.188765,-0.230535,-0.160884
203,-0.201436,-0.160884,-0.276688,-0.224962,-0.12774,-0.182147,-0.168237,-0.261988,-0.246648,-0.160884,-0.188765,-0.230535,-0.160884
298,-0.201436,-0.160884,-0.276688,-0.224962,-0.12774,-0.182147,-0.168237,-0.261988,-0.246648,-0.160884,-0.188765,-0.230535,-0.160884
138,-0.201436,-0.160884,-0.276688,-0.224962,-0.12774,-0.182147,-0.168237,-0.261988,-0.246648,-0.160884,-0.188765,-0.230535,-0.160884
381,-0.201436,-0.160884,-0.276688,-0.224962,-0.12774,-0.182147,-0.168237,-0.261988,-0.246648,-0.160884,-0.188765,-0.230535,-0.160884
114,-0.201436,-0.160884,-0.276688,-0.224962,-0.12774,-0.182147,-0.168237,-0.261988,-0.246648,-0.160884,-0.188765,-0.230535,-0.160884
222,-0.201436,-0.160884,-0.276688,-0.224962,-0.12774,-0.182147,-0.168237,-0.261988,-0.246648,-0.160884,-0.188765,-0.230535,-0.160884
281,-0.201436,-0.160884,-0.276688,-0.224962,-0.12774,-0.182147,-0.168237,-0.261988,-0.246648,-0.160884,-0.188765,-0.230535,-0.160884
280,-0.201436,-0.160884,-0.276688,-0.224962,-0.12774,-0.182147,-0.168237,-0.261988,-0.246648,-0.160884,-0.188765,-0.230535,-0.160884
250,-0.201436,-0.160884,-0.276688,-0.224962,-0.12774,-0.182147,-0.168237,-0.261988,-0.246648,-0.160884,-0.188765,-0.230535,-0.160884
308,-0.201436,-0.160884,-0.276688,-0.224962,-0.12774,-0.182147,-0.168237,-0.261988,-0.246648,-0.160884,-0.188765,-0.230535,-0.160884
197,-0.201436,-0.160884,-0.276688,-0.224962,-0.12774,-0.182147,-0.168237,-0.261988,-0.246648,-0.160884,-0.188765,-0.230535,-0.160884
40,-0.201436,-0.160884,-0.276688,4.43497,-0.12774,-0.182147,-0.168237,-0.261988,-0.246648,-0.160884,-0.188765,-0.230535,-0.160884
4,-0.201436,-0.160884,3.60587,-0.224962,-0.12774,-0.182147,-0.168237,-0.261988,-0.246648,-0.160884,-0.188765,-0.230535,-0.160884
14,4.95295,-0.160884,-0.276688,-0.224962,-0.12774,-0.182147,-0.168237,-0.261988,4.04503,-0.160884,-0.188765,-0.230535,-0.160884
12,-0.201436,-0.160884,-0.276688,-0.224962,-0.12774,-0.182147,-0.168237,3.80819,-0.246648,-0.160884,-0.188765,-0.230535,-0.160884
218,-0.201436,-0.160884,-0.276688,4.43497,-0.12774,-0.182147,-0.168237,-0.261988,-0.246648,-0.160884,-0.188765,-0.230535,-0.160884
286,-0.201436,-0.160884,-0.276688,-0.224962,-0.12774,5.47744,-0.168237,-0.261988,-0.246648,-0.160884,-0.188765,4.32777,-0.160884
227,-0.201436,-0.160884,-0.276688,-0.224962,-0.12774,-0.182147,-0.168237,3.80819,-0.246648,-0.160884,-0.188765,-0.230535,-0.160884
267,-0.201436,-0.160884,-0.276688,-0.224962,-0.12774,-0.182147,-0.168237,-0.261988,-0.246648,-0.160884,-0.188765,-0.230535,-0.160884
426,-0.201436,-0.160884,-0.276688,-0.224962,-0.12774,-0.182147,-0.168237,-0.261988,-0.246648,-0.160884,-0.188765,-0.230535,-0.160884
314,-0.201436,-0.160884,-0.276688,-0.224962,-0.12774,-0.182147,-0.168237,-0.261988,-0.246648,-0.160884,-0.188765,-0.230535,-0.160884
196,-0.201436,-0.160884,-0.276688,-0.224962,-0.12774,-0.182147,-0.168237,-0.261988,-0.246648,-0.160884,-0.188765,-0.230535,-0.160884
403,-0.201436,-0.160884,-0.276688,-0.224962,-0.12774,-0.182147,-0.168237,-0.261988,4.04503,-0.160884,-0.188765,-0.230535,-0.160884
404,-0.201436,-0.160884,-0.276688,-0.224962,-0.12774,-0.182147,-0.168237,-0.261988,-0.246648,-0.160884,-0.188765,-0.230535,-0.160884
329,-0.201436,-0.160884,-0.276688,-0.224962,-0.12774,-0.182147,-0.168237,-0.261988,-0.246648,-0.160884,-0.188765,-0.230535,-0.160884
166,-0.201436,-0.160884,-0.276688,-0.224962,-0.12774,-0.182147,-0.168237,-0.261988,-0.246648,-0.160884,-0.188765,-0.230535,-0.160884
129,4.95295,-0.160884,3.60587,4.43497,-0.12774,-0.182147,5.93034,3.80819,4.04503,-0.160884,-0.188765,4.32777,-0.160884
374,-0.201436,-0.160884,-0.276688,-0.224962,-0.12774,-0.182147,-0.168237,-0.261988,-0.246648,-0.160884,-0.188765,-0.230535,-0.160884
73,-0.201436,-0.160884,-0.276688,-0.224962,-0.12774,-0.182147,-0.168237,-0.261988,-0.246648,-0.160884,-0.188765,-0.230535,-0.160884
368,-0.201436,-0.160884,-0.276688,-0.224962,-0.12774,-0.182147,-0.168237,-0.261988,-0.246648,-0.160884,-0.188765,-0.230535,-0.160884
221,-0.201436,-0.160884,-0.276688,-0.224962,-0.12774,-0.182147,-0.168237,-0.261988,-0.246648,-0.160884,-0.188765,-0.230535,-0.160884
363,-0.201436,-0.160884,-0.276688,-0.224962,-0.12774,-0.182147,-0.168237,-0.261988,-0.246648,-0.160884,-0.188765,-0.230535,-0.160884
46,-0.201436,-0.160884,-0.276688,-0.224962,-0.12774,-0.182147,-0.168237,-0.261988,-0.246648,-0.160884,-0.188765,-0.230535,-0.160884
18,-0.201436,-0.160884,3.60587,-0.224962,-0.12774,-0.182147,-0.168237,-0.261988,-0.246648,-0.160884,-0.188765,-0.230535,-0.160884
303,-0.201436,-0.160884,-0.276688,-0.224962,-0.12774,-0.182147,-0.168237,-0.261988,-0.246648,-0.160884,-0.188765,-0.230535,-0.160884
365,-0.201436,-0.160884,-0.276688,-0.224962,-0.12774,-0.182147,-0.168237,-0.261988,-0.246648,-0.160884,-0.188765,-0.230535,-0.160884
154,-0.201436,-0.160884,-0.276688,-0.224962,-0.12774,-0.182147,-0.168237,-0.261988,-0.246648,-0.160884,-0.188765,-0.230535,-0.160884
51,-0.201436,-0.160884,-0.276688,-0.224962,-0.12774,-0.182147,-0.168237,-0.261988,-0.246648,-0.160884,5.28542,-0.230535,-0.160884
293,-0.201436,-0.160884,-0.276688,-0.224962,-0.12774,-0.182147,-0.168237,-0.261988,-0.246648,-0.160884,-0.188765,-0.230535,-0.160884
292,-0.201436,-0.160884,-0.276688,-0.224962,-0.12774,-0.182147,-0.168237,-0.261988,-0.246648,-0.160884,-0.188765,-0.230535,-0.160884
150,-0.201436,-0.160884,-0.276688,-0.224962,-0.12774,-0.182147,-0.168237,-0.261988,-0.246648,-0.160884,-0.188765,-0.230535,-0.160884
336,-0.201436,-0.160884,-0.276688,-0.224962,-0.12774,-0.182147,-0.168237,3.80819,-0.246648,-0.160884,-0.188765,-0.230535,-0.160884
165,-0.201436,-0.160884,-0.276688,-0.224962,-0.12774,-0.182147,-0.168237,-0.261988,-0.246648,-0.160884,-0.188765,-0.230535,-0.160884
345,-0.201436,-0.160884,-0.276688,-0.224962,-0.12774,-0.182147,-0.168237,-0.261988,-0.246648,-0.160884,-0.188765,-0.230535,-0.160884
367,-0.201436,-0.160884,-0.276688,-0.224962,-0.12774,-0.182147,-0.168237,-0.261988,-0.246648,-0.160884,-0.188765,-0.230535,-0.160884
89,-0.201436,-0.160884,3.60587,-0.224962,-0.12774,-0.182147,-0.168237,-0.261988,-0.246648,-0.160884,-0.188765,-0.230535,-0.160884
9,-0.201436,-0.160884,-0.276688,-0.224962,-0.12774,-0.182147,-0.168237,3.80819,-0.246648,-0.160884,-0.188765,-0.230535,-0.160884
134,-0.201436,-0.160884,-0.276688,-0.224962,-0.12774,-0.182147,-0.168237,-0.261988,-0.246648,-0.160884,-0.188765,-0.230535,-0.160884
106,-0.201436,-0.160884,-0.276688,-0.224962,-0.12774,-0.182147,-0.168237,-0.261988,-0.246648,-0.160884,-0.188765,-0.230535,-0.160884
245,-0.201436,-0.160884,-0.276688,-0.224962,-0.12774,-0.182147,-0.168237,-0.261988,-0.246648,-0.160884,-0.188765,-0.230535,-0.160884
26,-0.201436,-0.160884,-0.276688,-0.224962,-0.12774,-0.182147,-0.168237,-0.261988,-0.246648,-0.160884,-0.188765,-0.230535,-0.160884
71,-0.201436,-0.160884,-0.276688,-0.224962,-0.12774,-0.182147,-0.168237,-0.261988,-0.246648,-0.160884,-0.188765,-0.230535,-0.160884
401,-0.201436,-0.160884,-0.276688,-0.224962,-0.12774,-0.182147,-0.168237,-0.261988,-0.246648,-0.160884,-0.188765,-0.230535,-0.160884
187,-0.201436,-0.160884,-0.276688,-0.224962,-0.12774,-0.182147,-0.168237,-0.261988,-0.246648,-0.160884,-0.188765,-0.230535,-0.160884
297,-0.201436,-0.160884,-0.276688,-0.224962,-0.12774,-0.182147,-0.168237,-0.261988,4.04503,-0.160884,-0.188765,-0.230535,-0.160884
352,-0.201436,-0.160884,-0.276688,-0.224962,-0.12774,-0.182147,-0.168237,-0.261988,-0.246648,-0.160884,-0.188765,-0.230535,-0.160884
1,-0.201436,-0.160884,-0.276688,-0.224962,-0.12774,-0.182147,-0.168237,-0.261988,-0.246648,-0.160884,-0.188765,-0.230535,-0.160884
290,-0.201436,-0.160884,-0.276688,-0.224962,-0.12774,5.47744,-0.168237,-0.261988,-0.246648,-0.160884,-0.188765,-0.230535,-0.160884
379,-0.201436,-0.160884,-0.276688,-0.224962,-0.12774,-0.182147,-0.168237,-0.261988,-0.246648,-0.160884,-0.188765,-0.230535,-0.160884
305,-0.201436,-0.160884,-0.276688,-0.224962,-0.12774,-0.182147,-0.168237,-0.261988,-0.246648,-0.160884,-0.188765,-0.230535,-0.160884
158,-0.201436,-0.160884,-0.276688,-0.224962,-0.12774,-0.182147,-0.168237,-0.261988,-0.246648,-0.160884,-0.188765,-0.230535,-0.160884
410,-0.201436,-0.160884,-0.276688,-0.224962,-0.12774,-0.182147,-0.168237,-0.261988,-0.246648,-0.160884,-0.188765,-0.230535,-0.160884
147,-0.201436,-0.160884,-0.276688,-0.224962,-0.12774,-0.182147,-0.168237,-0.261988,-0.246648,-0.160884,-0.188765,-0.230535,-0.160884
256,-0.201436,-0.160884,-0.276688,-0.224962,-0.12774,-0.182147,-0.168237,-0.261988,-0.246648,-0.160884,-0.188765,-0.230535,-0.160884
31,-0.201436,-0.160884,-0.276688,-0.224962,-0.12774,-0.182147,-0.168237,-0.261988,-0.246648,-0.160884,-0.188765,-0.230535,-0.160884
430,-0.201436,-0.160884,-0.276688,-0.224962,-0.12774,-0.182147,-0.168237,-0.261988,-0.246648,-0.160884,-0.188765,-0.230535,-0.160884
310,-0.201436,-0.160884,-0.276688,-0.224962,-0.12774,-0.182147,-0.168237,-0.261988,-0.246648,-0.160884,-0.188765,-0.230535,-0.160884
148,-0.201436,-0.160884,-0.276688,-0.224962,-0.12774,-0.182147,-0.168237,-0.261988,-0.246648,-0.160884,-0.188765,-0.230535,-0.160884
378,-0.201436,-0.160884,-0.276688,-0.224962,-0.12774,-0.182147,-0.168237,-0.261988,-0.246648,-0.160884,-0.188765,-0.230535,-0.160884
389,-0.201436,-0.160884,-0.276688,-0.224962,7.8104,-0.182147,-0.168237,-0.261988,-0.246648,-0.160884,-0.188765,-0.230535,-0.160884
313,-0.201436,-0.160884,-0.276688,-0.224962,-0.12774,-0.182147,-0.168237,-0.261988,-0.246648,-0.160884,-0.188765,-0.230535,-0.160884
149,-0.201436,-0.160884,-0.276688,-0.224962,-0.12774,-0.182147,-0.168237,-0.261988,-0.246648,-0.160884,-0.188765,-0.230535,-0.160884
56,-0.201436,-0.160884,-0.276688,-0.224962,-0.12774,-0.182147,-0.168237,-0.261988,-0.246648,-0.160884,-0.188765,-0.230535,-0.160884
405,-0.201436,-0.160884,-0.276688,-0.224962,-0.12774,-0.182147,-0.168237,-0.261988,-0.246648,-0.160884,-0.188765,-0.230535,-0.160884
159,4.95295,-0.160884,-0.276688,-0.224962,-0.12774,-0.182147,-0.168237,-0.261988,-0.246648,-0.160884,-0.188765,-0.230535,-0.160884
3,-0.201436,-0.160884,-0.276688,-0.224962,-0.12774,-0.182147,-0.168237,-0.261988,-0.246648,-0.160884,-0.188765,-0.230535,-0.160884
0,-0.201436,-0.160884,-0.276688,4.43497,-0.12774,-0.182147,-0.168237,-0.261988,-0.246648,-0.160884,-0.188765,-0.230535,-0.160884
16,-0.201436,-0.160884,-0.276688,-0.224962,-0.12774,-0.182147,-0.168237,-0.261988,4.04503,-0.160884,-0.188765,4.32777,-0.160884
32,-0.201436,-0.160884,-0.276688,-0.224962,-0.12774,-0.182147,-0.168237,-0.261988,-0.246648,-0.160884,-0.188765,-0.230535,-0.160884
390,-0.201436,-0.160884,-0.276688,-0.224962,-0.12774,5.47744,5.93034,-0.261988,-0.246648,-0.160884,-0.188765,-0.230535,-0.160884
302,-0.201436,-0.160884,-0.276688,-0.224962,-0.12774,-0.182147,-0.168237,-0.261988,-0.246648,-0.160884,-0.188765,-0.230535,-0.160884
241,-0.201436,-0.160884,-0.276688,-0.224962,-0.12774,-0.182147,-0.168237,-0.261988,-0.246648,-0.160884,-0.188765,-0.230535,-0.160884
186,-0.201436,-0.160884,-0.276688,-0.224962,-0.12774,-0.182147,-0.168237,-0.261988,-0.246648,-0.160884,-0.188765,-0.230535,-0.160884
394,-0.201436,6.20136,-0.276688,-0.224962,-0.12774,-0.182147,-0.168237,-0.261988,-0.246648,-0.160884,-0.188765,-0.230535,6.20136
240,-0.201436,-0.160884,-0.276688,-0.224962,-0.12774,-0.182147,-0.168237,-0.261988,-0.246648,-0.160884,5.28542,-0.230535,-0.160884
151,-0.201436,-0.160884,3.60587,-0.224962,-0.12774,-0.182147,-0.168237,-0.261988,-0.246648,-0.160884,-0.188765,-0.230535,6.20136
373,-0.201436,6.20136,-0.276688,4.43497,-0.12774,-0.182147,-0.168237,3.80819,-0.246648,-0.160884,-0.188765,-0.230535,-0.160884
25,-0.201436,-0.160884,-0.276688,-0.224962,-0.12774,-0.182147,-0.168237,-0.261988,-0.246648,-0.160884,-0.188765,-0.230535,-0.160884
376,-0.201436,-0.160884,-0.276688,-0.224962,-0.12774,-0.182147,-0.168237,-0.261988,-0.246648,-0.160884,-0.188765,-0.230535,-0.160884
213,-0.201436,-0.160884,-0.276688,-0.224962,-0.12774,-0.182147,-0.168237,-0.261988,-0.246648,-0.160884,-0.188765,-0.230535,-0.160884
364,-0.201436,-0.160884,-0.276688,-0.224962,-0.12774,-0.182147,-0.168237,-0.261988,-0.246648,-0.160884,-0.188765,-0.230535,-0.160884
427,-0.201436,-0.160884,-0.276688,-0.224962,-0.12774,-0.182147,-0.168237,-0.261988,-0.246648,-0.160884,-0.188765,-0.230535,-0.160884
225,-0.201436,-0.160884,-0.276688,-0.224962,-0.12774,-0.182147,-0.168237,-0.261988,-0.246648,-0.160884,-0.188765,-0.230535,-0.160884
319,-0.201436,-0.160884,-0.276688,-0.224962,-0.12774,-0.182147,-0.168237,-0.261988,-0.246648,-0.160884,-0.188765,-0.230535,-0.160884
191,-0.201436,-0.160884,-0.276688,-0.224962,-0.12774,-0.182147,-0.168237,-0.261988,-0.246648,-0.160884,5.28542,-0.230535,-0.160884
103,-0.201436,-0.160884,-0.276688,-0.224962,-0.12774,5.47744,-0.168237,3.80819,-0.246648,-0.160884,-0.188765,4.32777,-0.160884
223,-0.201436,-0.160884,-0.276688,-0.224962,-0.12774,-0.182147,-0.168237,-0.261988,-0.246648,-0.160884,-0.188765,-0.230535,-0.160884
67,-0.201436,-0.160884,-0.276688,-0.224962,-0.12774,-0.182147,-0.168237,-0.261988,-0.246648,-0.160884,-0.188765,-0.230535,-0.160884
208,-0.201436,-0.160884,3.60587,-0.224962,-0.12774,-0.182147,-0.168237,-0.261988,-0.246648,-0.160884,-0.188765,-0.230535,-0.160884
65,-0.201436,-0.160884,-0.276688,-0.224962,-0.12774,-0.182147,-0.168237,-0.261988,-0.246648,-0.160884,-0.188765,-0.230535,-0.160884
346,-0.201436,-0.160884,-0.276688,-0.224962,-0.12774,-0.182147,-0.168237,-0.261988,-0.246648,-0.160884,-0.188765,-0.230535,-0.160884
94,-0.201436,-0.160884,-0.276688,-0.224962,-0.12774,-0.182147,-0.168237,-0.261988,-0.246648,-0.160884,-0.188765,-0.230535,-0.160884
178,-0.201436,-0.160884,3.60587,-0.224962,-0.12774,-0.182147,5.93034,-0.261988,-0.246648,-0.160884,-0.188765,-0.230535,-0.160884
387,-0.201436,-0.160884,-0.276688,-0.224962,-0.12774,-0.182147,-0.168237,-0.261988,-0.246648,-0.160884,-0.188765,-0.230535,-0.160884
409,-0.201436,-0.160884,-0.276688,-0.224962,-0.12774,-0.182147,-0.168237,-0.261988,-0.246648,-0.160884,-0.188765,-0.230535,-0.160884
128,-0.201436,-0.160884,-0.276688,-0.224962,-0.12774,-0.182147,-0.168237,-0.261988,-0.246648,-0.160884,-0.188765,-0.230535,-0.160884
70,-0.201436,-0.160884,-0.276688,-0.224962,-0.12774,-0.182147,-0.168237,-0.261988,-0.246648,-0.160884,-0.188765,-0.230535,-0.160884
157,4.95295,-0.160884,-0.276688,-0.224962,-0.12774,-0.182147,-0.168237,3.80819,4.04503,-0.160884,-0.188765,-0.230535,-0.160884
127,-0.201436,-0.160884,-0.276688,-0.224962,-0.12774,-0.182147,-0.168237,-0.261988,-0.246648,-0.160884,-0.188765,-0.230535,-0.160884
369,-0.201436,-0.160884,-0.276688,-0.224962,-0.12774,-0.182147,-0.168237,-0.261988,-0.246648,-0.160884,-0.188765,-0.230535,-0.160884
428,-0.201436,-0.160884,-0.276688,-0.224962,-0.12774,-0.182147,5.93034,-0.261988,-0.246648,-0.160884,-0.188765,-0.230535,6.20136
433,-0.201436,-0.160884,-0.276688,-0.224962,7.8104,5.47744,-0.168237,-0.261988,-0.246648,-0.160884,5.28542,4.32777,-0.160884
99,-0.201436,-0.160884,-0.276688,4.43497,-0.12774,-0.182147,-0.168237,-0.261988,-0.246648,-0.160884,-0.188765,-0.230535,-0.160884
408,-0.201436,-0.160884,-0.276688,-0.224962,-0.12774,-0.182147,-0.168237,-0.261988,4.04503,-0.160884,-0.188765,-0.230535,-0.160884
265,-0.201436,-0.160884,-0.276688,-0.224962,-0.12774,-0.182147,-0.168237,-0.261988,-0.246648,-0.160884,-0.188765,-0.230535,-0.160884
268,-0.201436,-0.160884,-0.276688,-0.224962,-0.12774,-0.182147,-0.168237,-0.261988,-0.246648,-0.160884,-0.188765,-0.230535,-0.160884
42,-0.201436,-0.160884,-0.276688,-0.224962,-0.12774,-0.182147,-0.168237,-0.261988,-0.246648,-0.160884,-0.188765,-0.230535,-0.160884
111,-0.201436,-0.160884,-0.276688,-0.224962,-0.12774,-0.182147,-0.168237,-0.261988,-0.246648,-0.160884,-0.188765,-0.230535,-0.160884
8,-0.201436,-0.160884,-0.276688,-0.224962,-0.12774,-0.182147,-0.168237,-0.261988,-0.246648,-0.160884,-0.188765,-0.230535,-0.160884
355,-0.201436,-0.160884,-0.276688,-0.224962,-0.12774,-0.182147,-0.168237,-0.261988,-0.246648,-0.160884,-0.188765,-0.230535,-0.160884
153,-0.201436,-0.160884,-0.276688,-0.224962,-0.12774,-0.182147,-0.168237,-0.261988,-0.246648,-0.160884,-0.188765,-0.230535,-0.160884
220,-0.201436,-0.160884,-0.276688,-0.224962,-0.12774,-0.182147,-0.168237,-0.261988,-0.246648,-0.160884,-0.188765,-0.230535,-0.160884
210,-0.201436,-0.160884,-0.276688,-0.224962,-0.12774,-0.182147,-0.168237,-0.261988,-0.246648,-0.160884,-0.188765,-0.230535,-0.160884
121,-0.201436,-0.160884,-0.276688,-0.224962,-0.12774,-0.182147,-0.168237,-0.261988,-0.246648,-0.160884,-0.188765,-0.230535,-0.160884
156,-0.201436,-0.160884,-0.276688,-0.224962,-0.12774,-0.182147,-0.168237,-0.261988,-0.246648,-0.160884,-0.188765,-0.230535,-0.160884
304,-0.201436,-0.160884,-0.276688,-0.224962,-0.12774,-0.182147,-0.168237,-0.261988,-0.246648,-0.160884,-0.188765,-0.230535,-0.160884
251,-0.201436,-0.160884,-0.276688,-0.224962,-0.12774,-0.182147,-0.168237,-0.261988,-0.246648,-0.160884,-0.188765,-0.230535,-0.160884
91,-0.201436,-0.160884,-0.276688,-0.224962,-0.12774,-0.182147,-0.168237,-0.261988,-0.246648,-0.160884,-0.188765,-0.230535,-0.160884
35,-0.201436,-0.160884,-0.276688,-0.224962,-0.12774,-0.182147,-0.168237,-0.261988,-0.246648,-0.160884,-0.188765,-0.230535,-0.160884
282,-0.201436,-0.160884,3.60587,-0.224962,-0.12774,-0.182147,-0.168237,-0.261988,-0.246648,-0.160884,-0.188765,-0.230535,-0.160884
59,-0.201436,-0.160884,-0.276688,-0.224962,-0.12774,-0.182147,-0.168237,-0.261988,-0.246648,-0.160884,-0.188765,-0.230535,-0.160884
391,-0.201436,-0.160884,-0.276688,-0.224962,-0.12774,-0.182147,-0.168237,-0.261988,-0.246648,-0.160884,-0.188765,-0.230535,-0.160884
13,-0.201436,-0.160884,3.60587,-0.224962,-0.12774,-0.182147,-0.168237,-0.261988,-0.246648,-0.160884,-0.188765,4.32777,-0.160884
120,-0.201436,-0.160884,-0.276688,-0.224962,-0.12774,-0.182147,-0.168237,3.80819,-0.246648,-0.160884,-0.188765,-0.230535,6.20136
301,-0.201436,-0.160884,-0.276688,-0.224962,-0.12774,-0.182147,-0.168237,-0.261988,-0.246648,-0.160884,-0.188765,-0.230535,6.20136
80,-0.201436,-0.160884,-0.276688,-0.224962,-0.12774,-0.182147,-0.168237,-0.261988,-0.246648,-0.160884,-0.188765,-0.230535,-0.160884
246,-0.201436,-0.160884,-0.276688,-0.224962,-0.12774,-0.182147,-0.168237,3.80819,-0.246648,-0.160884,-0.188765,-0.230535,-0.160884
233,-0.201436,-0.160884,-0.276688,-0.224962,-0.12774,-0.182147,-0.168237,-0.261988,-0.246648,-0.160884,-0.188765,-0.230535,-0.160884
52,-0.201436,-0.160884,-0.276688,-0.224962,-0.12774,-0.182147,-0.168237,3.80819,-0.246648,-0.160884,-0.188765,-0.230535,-0.160884
324,-0.201436,-0.160884,-0.276688,-0.224962,-0.12774,-0.182147,-0.168237,-0.261988,-0.246648,-0.160884,-0.188765,-0.230535,-0.160884
331,-0.201436,-0.160884,-0.276688,-0.224962,-0.12774,-0.182147,-0.168237,-0.261988,-0.246648,-0.160884,-0.188765,-0.230535,-0.160884
402,-0.201436,-0.160884,-0.276688,-0.224962,-0.12774,-0.182147,5.93034,-0.261988,-0.246648,-0.160884,-0.188765,-0.230535,-0.160884
198,-0.201436,-0.160884,-0.276688,-0.224962,-0.12774,-0.182147,-0.168237,-0.261988,4.04503,-0.160884,-0.188765,-0.230535,-0.160884
117,-0.201436,-0.160884,-0.276688,-0.224962,-0.12774,-0.182147,-0.168237,-0.261988,-0.246648,-0.160884,-0.188765,-0.230535,-0.160884
386,-0.201436,-0.160884,-0.276688,-0.224962,-0.12774,-0.182147,-0.168237,-0.261988,-0.246648,-0.160884,-0.188765,-0.230535,-0.160884
92,4.95295,-0.160884,-0.276688,-0.224962,-0.12774,-0.182147,-0.168237,-0.261988,-0.246648,-0.160884,-0.188765,-0.230535,-0.160884
132,-0.201436,-0.160884,-0.276688,-0.224962,-0.12774,-0.182147,-0.168237,-0.261988,-0.246648,-0.160884,-0.188765,-0.230535,-0.160884
34,-0.201436,-0.160884,-0.276688,-0.224962,-0.12774,-0.182147,-0.168237,-0.261988,-0.246648,-0.160884,-0.188765,-0.230535,-0.160884
277,-0.201436,-0.160884,-0.276688,-0.224962,-0.12774,-0.182147,-0.168237,-0.261988,-0.246648,-0.160884,-0.188765,-0.230535,-0.160884
238,-0.201436,-0.160884,-0.276688,-0.224962,-0.12774,-0.182147,-0.168237,-0.261988,-0.246648,-0.160884,-0.188765,4.32777,-0.160884
327,-0.201436,-0.160884,-0.276688,-0.224962,-0.12774,-0.182147,-0.168237,-0.261988,-0.246648,-0.160884,-0.188765,-0.230535,-0.160884
262,-0.201436,-0.160884,-0.276688,-0.224962,-0.12774,-0.182147,-0.168237,-0.261988,4.04503,-0.160884,-0.188765,-0.230535,-0.160884
7,-0.201436,-0.160884,-0.276688,-0.224962,-0.12774,-0.182147,-0.168237,3.80819,-0.246648,-0.160884,-0.188765,-0.230535,-0.160884
291,-0.201436,-0.160884,3.60587,-0.224962,-0.12774,-0.182147,-0.168237,-0.261988,-0.246648,-0.160884,-0.188765,-0.230535,-0.160884
183,4.95295,6.20136,3.60587,4.43497,7.8104,5.47744,5.93034,3.80819,4.04503,6.20136,5.28542,-0.230535,6.20136
366,-0.201436,-0.160884,-0.276688,-0.224962,-0.12774,-0.182147,-0.168237,-0.261988,-0.246648,-0.160884,-0.188765,-0.230535,-0.160884
434,-0.201436,-0.160884,-0.276688,-0.224962,-0.12774,-0.182147,-0.168237,3.80819,-0.246648,-0.160884,-0.188765,-0.230535,-0.160884
110,-0.201436,-0.160884,-0.276688,-0.224962,-0.12774,-0.182147,-0.168237,-0.261988,-0.246648,-0.160884,-0.188765,-0.230535,-0.160884
283,-0.201436,-0.160884,-0.276688,-0.224962,-0.12774,-0.182147,-0.168237,-0.261988,-0.246648,-0.160884,-0.188765,-0.230535,-0.160884
84,-0.201436,-0.160884,-0.276688,-0.224962,-0.12774,-0.182147,-0.168237,-0.261988,-0.246648,-0.160884,-0.188765,-0.230535,-0.160884
21,4.95295,-0.160884,-0.276688,-0.224962,-0.12774,-0.182147,-0.168237,-0.261988,4.04503,-0.160884,-0.188765,-0.230535,-0.160884
420,-0.201436,-0.160884,-0.276688,-0.224962,-0.12774,-0.182147,-0.168237,-0.261988,-0.246648,-0.160884,-0.188765,-0.230535,-0.160884
140,-0.201436,-0.160884,-0.276688,-0.224962,-0.12774,-0.182147,-0.168237,-0.261988,-0.246648,-0.160884,-0.188765,-0.230535,-0.160884
24,-0.201436,-0.160884,-0.276688,-0.224962,-0.12774,-0.182147,-0.168237,-0.261988,-0.246648,-0.160884,-0.188765,-0.230535,-0.160884
181,-0.201436,-0.160884,-0.276688,-0.224962,-0.12774,-0.182147,-0.168237,-0.261988,-0.246648,-0.160884,-0.188765,-0.230535,-0.160884
60,-0.201436,-0.160884,-0.276688,-0.224962,-0.12774,-0.182147,-0.168237,-0.261988,-0.246648,6.20136,-0.188765,-0.230535,-0.160884
244,-0.201436,-0.160884,-0.276688,-0.224962,-0.12774,-0.182147,-0.168237,-0.261988,-0.246648,-0.160884,-0.188765,-0.230535,-0.160884
62,-0.201436,-0.160884,-0.276688,-0.224962,-0.12774,-0.182147,-0.168237,-0.261988,-0.246648,-0.160884,-0.188765,-0.230535,-0.160884
98,-0.201436,-0.160884,-0.276688,-0.224962,-0.12774,-0.182147,-0.168237,-0.261988,-0.246648,-0.160884,-0.188765,-0.230535,-0.160884
257,-0.201436,-0.160884,-0.276688,-0.224962,-0.12774,-0.182147,-0.168237,3.80819,-0.246648,-0.160884,-0.188765,-0.230535,-0.160884
361,-0.201436,-0.160884,-0.276688,-0.224962,-0.12774,-0.182147,-0.168237,-0.261988,-0.246648,-0.160884,-0.188765,-0.230535,-0.160884
380,-0.201436,-0.160884,-0.276688,-0.224962,-0.12774,5.47744,-0.168237,-0.261988,-0.246648,-0.160884,-0.188765,-0.230535,-0.160884
421,-0.201436,-0.160884,-0.276688,-0.224962,-0.12774,-0.182147,-0.168237,-0.261988,-0.246648,-0.160884,-0.188765,-0.230535,-0.160884
415,-0.201436,-0.160884,-0.276688,-0.224962,-0.12774,-0.182147,-0.168237,-0.261988,-0.246648,-0.160884,-0.188765,4.32777,-0.160884
43,-0.201436,-0.160884,-0.276688,-0.224962,-0.12774,-0.182147,-0.168237,-0.261988,-0.246648,-0.160884,-0.188765,-0.230535,-0.160884
311,-0.201436,-0.160884,-0.276688,-0.224962,-0.12774,-0.182147,-0.168237,-0.261988,-0.246648,-0.160884,-0.188765,-0.230535,-0.160884
276,-0.201436,-0.160884,-0.276688,-0.224962,-0.12774,-0.182147,-0.168237,-0.261988,-0.246648,-0.160884,-0.188765,-0.230535,-0.160884
37,-0.201436,-0.160884,-0.276688,-0.224962,-0.12774,-0.182147,-0.168237,-0.261988,-0.246648,-0.160884,-0.188765,-0.230535,-0.160884
400,-0.201436,-0.160884,3.60587,4.43497,-0.12774,-0.182147,-0.168237,-0.261988,4.04503,-0.160884,5.28542,-0.230535,-0.160884
17,-0.201436,-0.160884,-0.276688,-0.224962,-0.12774,-0.182147,-0.168237,-0.261988,-0.246648,-0.160884,-0.188765,-0.230535,-0.160884
312,-0.201436,-0.160884,-0.276688,-0.224962,-0.12774,-0.182147,-0.168237,-0.261988,-0.246648,-0.160884,-0.188765,-0.230535,-0.160884
232,-0.201436,-0.160884,-0.276688,-0.224962,-0.12774,-0.182147,-0.168237,-0.261988,-0.246648,-0.160884,-0.188765,-0.230535,-0.160884
247,-0.201436,-0.160884,3.60587,-0.224962,-0.12774,5.47744,-0.168237,-0.261988,-0.246648,-0.160884,-0.188765,-0.230535,-0.160884
189,-0.201436,-0.160884,-0.276688,-0.224962,-0.12774,-0.182147,-0.168237,-0.261988,-0.246648,-0.160884,-0.188765,-0.230535,-0.160884
104,-0.201436,6.20136,-0.276688,4.43497,-0.12774,-0.182147,5.93034,-0.261988,-0.246648,-0.160884,-0.188765,-0.230535,6.20136
234,-0.201436,-0.160884,-0.276688,-0.224962,-0.12774,-0.182147,-0.168237,-0.261988,-0.246648,-0.160884,-0.188765,-0.230535,-0.160884
330,-0.201436,-0.160884,-0.276688,-0.224962,-0.12774,-0.182147,-0.168237,-0.261988,-0.246648,-0.160884,-0.188765,-0.230535,-0.160884
347,-0.201436,-0.160884,-0.276688,-0.224962,-0.12774,-0.182147,-0.168237,-0.261988,-0.246648,-0.160884,-0.188765,-0.230535,-0.160884
77,-0.201436,-0.160884,-0.276688,-0.224962,-0.12774,-0.182147,-0.168237,-0.261988,-0.246648,-0.160884,-0.188765,-0.230535,-0.160884
107,-0.201436,6.20136,3.60587,4.43497,7.8104,5.47744,-0.168237,3.80819,4.04503,6.20136,5.28542,4.32777,6.20136
235,-0.201436,-0.160884,-0.276688,-0.224962,-0.12774,-0.182147,-0.168237,-0.261988,-0.246648,-0.160884,-0.188765,-0.230535,-0.160884
2,-0.201436,6.20136,-0.276688,-0.224962,-0.12774,-0.182147,5.93034,-0.261988,-0.246648,-0.160884,-0.188765,-0.230535,-0.160884
226,-0.201436,-0.160884,-0.276688,-0.224962,-0.12774,-0.182147,-0.168237,-0.261988,-0.246648,-0.160884,-0.188765,-0.230535,-0.160884
141,-0.201436,-0.160884,-0.276688,-0.224962,-0.12774,-0.182147,-0.168237,3.80819,-0.246648,-0.160884,-0.188765,-0.230535,-0.160884
216,-0.201436,-0.160884,-0.276688,-0.224962,-0.12774,-0.182147,-0.168237,-0.261988,-0.246648,-0.160884,-0.188765,4.32777,-0.160884
137,-0.201436,-0.160884,-0.276688,-0.224962,-0.12774,-0.182147,-0.168237,-0.261988,-0.246648,-0.160884,-0.188765,-0.230535,-0.160884
406,-0.201436,-0.160884,-0.276688,-0.224962,-0.12774,-0.182147,-0.168237,-0.261988,-0.246648,-0.160884,-0.188765,-0.230535,-0.160884
285,-0.201436,-0.160884,-0.276688,-0.224962,-0.12774,-0.182147,-0.168237,-0.261988,-0.246648,-0.160884,-0.188765,-0.230535,-0.160884
133,-0.201436,-0.160884,-0.276688,-0.224962,-0.12774,-0.182147,-0.168237,-0.261988,-0.246648,-0.160884,-0.188765,-0.230535,-0.160884
306,-0.201436,-0.160884,-0.276688,-0.224962,-0.12774,-0.182147,-0.168237,-0.261988,-0.246648,-0.160884,-0.188765,-0.230535,-0.160884
384,-0.201436,-0.160884,-0.276688,-0.224962,-0.12774,-0.182147,-0.168237,-0.261988,-0.246648,-0.160884,-0.188765,-0.230535,-0.160884
118,-0.201436,-0.160884,-0.276688,-0.224962,-0.12774,-0.182147,-0.168237,-0.261988,-0.246648,-0.160884,-0.188765,-0.230535,-0.160884
115,-0.201436,-0.160884,3.60587,4.43497,-0.12774,-0.182147,-0.168237,-0.261988,-0.246648,6.20136,-0.188765,-0.230535,-0.160884
160,-0.201436,-0.160884,-0.276688,-0.224962,-0.12774,-0.182147,-0.168237,-0.261988,-0.246648,-0.160884,-0.188765,-0.230535,-0.160884
269,-0.201436,-0.160884,-0.276688,-0.224962,-0.12774,-0.182147,-0.168237,-0.261988,-0.246648,-0.160884,-0.188765,-0.230535,-0.160884
162,-0.201436,-0.160884,-0.276688,-0.224962,-0.12774,-0.182147,-0.168237,-0.261988,-0.246648,-0.160884,-0.188765,-0.230535,-0.160884
259,-0.201436,-0.160884,-0.276688,-0.224962,-0.12774,-0.182147,-0.168237,-0.261988,-0.246648,-0.160884,-0.188765,-0.230535,-0.160884
64,-0.201436,-0.160884,3.60587,-0.224962,-0.12774,-0.182147,-0.168237,-0.261988,-0.246648,-0.160884,-0.188765,-0.230535,-0.160884
74,-0.201436,-0.160884,-0.276688,-0.224962,-0.12774,-0.182147,-0.168237,-0.261988,-0.246648,-0.160884,-0.188765,-0.230535,-0.160884
417,-0.201436,-0.160884,-0.276688,-0.224962,-0.12774,-0.182147,-0.168237,-0.261988,-0.246648,-0.160884,-0.188765,-0.230535,-0.160884
309,-0.201436,-0.160884,-0.276688,-0.224962,-0.12774,-0.182147,-0.168237,-0.261988,-0.246648,-0.160884,-0.188765,-0.230535,-0.160884
237,-0.201436,-0.160884,-0.276688,-0.224962,-0.12774,-0.182147,-0.168237,-0.261988,-0.246648,-0.160884,-0.188765,-0.230535,-0.160884
76,-0.201436,-0.160884,-0.276688,-0.224962,-0.12774,-0.182147,-0.168237,-0.261988,-0.246648,-0.160884,-0.188765,-0.230535,-0.160884
248,4.95295,6.20136,3.60587,4.43497,7.8104,5.47744,5.93034,3.80819,4.04503,6.20136,5.28542,4.32777,6.20136
179,-0.201436,-0.160884,-0.276688,-0.224962,-0.12774,-0.182147,-0.168237,-0.261988,-0.246648,-0.160884,-0.188765,-0.230535,-0.160884
78,-0.201436,-0.160884,-0.276688,-0.224962,-0.12774,-0.182147,-0.168237,-0.261988,-0.246648,-0.160884,-0.188765,-0.230535,-0.160884
169,-0.201436,-0.160884,-0.276688,-0.224962,-0.12774,-0.182147,-0.168237,-0.261988,-0.246648,-0.160884,-0.188765,-0.230535,-0.160884
392,-0.201436,-0.160884,-0.276688,-0.224962,-0.12774,-0.182147,-0.168237,-0.261988,-0.246648,-0.160884,-0.188765,-0.230535,-0.160884
350,-0.201436,-0.160884,-0.276688,-0.224962,-0.12774,-0.182147,-0.168237,-0.261988,-0.246648,-0.160884,-0.188765,-0.230535,-0.160884
143,-0.201436,-0.160884,-0.276688,-0.224962,-0.12774,-0.182147,5.93034,-0.261988,-0.246648,-0.160884,-0.188765,-0.230535,-0.160884
264,-0.201436,-0.160884,-0.276688,-0.224962,-0.12774,-0.182147,-0.168237,-0.261988,-0.246648,-0.160884,-0.188765,-0.230535,-0.160884
88,-0.201436,-0.160884,-0.276688,-0.224962,-0.12774,-0.182147,-0.168237,-0.261988,-0.246648,-0.160884,-0.188765,-0.230535,-0.160884
326,-0.201436,-0.160884,-0.276688,-0.224962,-0.12774,-0.182147,-0.168237,-0.261988,-0.246648,-0.160884,-0.188765,-0.230535,-0.160884
168,-0.201436,-0.160884,-0.276688,-0.224962,-0.12774,-0.182147,-0.168237,-0.261988,-0.246648,-0.160884,-0.188765,-0.230535,-0.160884
146,-0.201436,-0.160884,-0.276688,-0.224962,-0.12774,-0.182147,-0.168237,-0.261988,-0.246648,-0.160884,-0.188765,-0.230535,-0.160884
105,-0.201436,-0.160884,-0.276688,-0.224962,-0.12774,-0.182147,-0.168237,-0.261988,-0.246648,-0.160884,-0.188765,-0.230535,-0.160884
38,-0.201436,-0.160884,-0.276688,-0.224962,-0.12774,-0.182147,-0.168237,-0.261988,-0.246648,-0.160884,-0.188765,-0.230535,-0.160884
318,-0.201436,-0.160884,-0.276688,-0.224962,-0.12774,-0.182147,-0.168237,-0.261988,-0.246648,-0.160884,-0.188765,-0.230535,-0.160884
180,-0.201436,-0.160884,-0.276688,4.43497,7.8104,-0.182147,5.93034,3.80819,-0.246648,-0.160884,-0.188765,-0.230535,-0.160884
190,-0.201436,-0.160884,-0.276688,-0.224962,-0.12774,-0.182147,-0.168237,-0.261988,-0.246648,-0.160884,-0.188765,-0.230535,-0.160884
90,-0.201436,-0.160884,-0.276688,-0.224962,-0.12774,-0.182147,-0.168237,-0.261988,-0.246648,-0.160884,-0.188765,-0.230535,-0.160884
307,-0.201436,-0.160884,-0.276688,-0.224962,-0.12774,-0.182147,-0.168237,-0.261988,-0.246648,-0.160884,-0.188765,-0.230535,-0.160884
375,-0.201436,-0.160884,-0.276688,-0.224962,-0.12774,-0.182147,-0.168237,-0.261988,-0.246648,-0.160884,-0.188765,-0.230535,-0.160884
185,-0.201436,-0.160884,3.60587,-0.224962,-0.12774,-0.182147,-0.168237,-0.261988,-0.246648,-0.160884,-0.188765,-0.230535,-0.160884
36,-0.201436,-0.160884,-0.276688,-0.224962,-0.12774,-0.182147,-0.168237,-0.261988,4.04503,-0.160884,-0.188765,-0.230535,-0.160884
61,-0.201436,-0.160884,-0.276688,-0.224962,-0.12774,-0.182147,-0.168237,-0.261988,-0.246648,-0.160884,-0.188765,-0.230535,-0.160884
253,-0.201436,-0.160884,-0.276688,-0.224962,-0.12774,-0.182147,-0.168237,-0.261988,-0.246648,-0.160884,-0.188765,-0.230535,-0.160884
202,-0.201436,-0.160884,-0.276688,-0.224962,-0.12774,-0.182147,-0.168237,-0.261988,-0.246648,-0.160884,-0.188765,-0.230535,-0.160884
192,-0.201436,-0.160884,-0.276688,-0.224962,-0.12774,-0.182147,-0.168237,-0.261988,-0.246648,-0.160884,-0.188765,-0.230535,-0.160884
432,-0.201436,-0.160884,-0.276688,-0.224962,-0.12774,-0.182147,-0.168237,-0.261988,-0.246648,-0.160884,-0.188765,-0.230535,-0.160884
334,-0.201436,-0.160884,-0.276688,-0.224962,-0.12774,-0.182147,-0.168237,-0.261988,-0.246648,-0.160884,-0.188765,4.32777,-0.160884
359,-0.201436,-0.160884,-0.276688,4.43497,-0.12774,-0.182147,-0.168237,-0.261988,-0.246648,-0.160884,-0.188765,-0.230535,-0.160884
278,-0.201436,-0.160884,-0.276688,-0.224962,-0.12774,-0.182147,-0.168237,-0.261988,-0.246648,-0.160884,-0.188765,-0.230535,-0.160884
55,-0.201436,-0.160884,-0.276688,-0.224962,-0.12774,-0.182147,-0.168237,-0.261988,-0.246648,-0.160884,-0.188765,-0.230535,-0.160884
167,-0.201436,-0.160884,-0.276688,-0.224962,-0.12774,-0.182147,-0.168237,-0.261988,-0.246648,-0.160884,-0.188765,-0.230535,-0.160884
82,-0.201436,-0.160884,-0.276688,-0.224962,-0.12774,-0.182147,-0.168237,-0.261988,-0.246648,-0.160884,-0.188765,-0.230535,-0.160884
341,4.95295,6.20136,-0.276688,-0.224962,-0.12774,-0.182147,-0.168237,-0.261988,4.04503,-0.160884,-0.188765,-0.230535,-0.160884
50,-0.201436,-0.160884,-0.276688,-0.224962,-0.12774,-0.182147,-0.168237,-0.261988,-0.246648,-0.160884,-0.188765,-0.230535,-0.160884
300,-0.201436,-0.160884,-0.276688,-0.224962,-0.12774,-0.182147,-0.168237,-0.261988,-0.246648,-0.160884,-0.188765,-0.230535,-0.160884
348,-0.201436,-0.160884,-0.276688,-0.224962,-0.12774,-0.182147,-0.168237,-0.261988,-0.246648,-0.160884,-0.188765,-0.230535,-0.160884
254,-0.201436,-0.160884,-0.276688,-0.224962,-0.12774,-0.182147,-0.168237,-0.261988,-0.246648,-0.160884,-0.188765,-0.230535,-0.160884
413,-0.201436,-0.160884,3.60587,4.43497,-0.12774,-0.182147,-0.168237,-0.261988,4.04503,-0.160884,-0.188765,-0.230535,-0.160884
231,-0.201436,-0.160884,-0.276688,-0.224962,-0.12774,-0.182147,-0.168237,-0.261988,-0.246648,-0.160884,-0.188765,-0.230535,-0.160884
83,-0.201436,-0.160884,-0.276688,-0.224962,-0.12774,-0.182147,-0.168237,-0.261988,-0.246648,-0.160884,-0.188765,-0.230535,-0.160884
260,-0.201436,-0.160884,-0.276688,-0.224962,-0.12774,-0.182147,-0.168237,-0.261988,-0.246648,-0.160884,-0.188765,-0.230535,-0.160884
385,-0.201436,-0.160884,-0.276688,-0.224962,-0.12774,-0.182147,-0.168237,-0.261988,-0.246648,-0.160884,-0.188765,-0.230535,-0.160884
255,-0.201436,-0.160884,-0.276688,-0.224962,-0.12774,-0.182147,-0.168237,-0.261988,-0.246648,-0.160884,-0.188765,-0.230535,-0.160884
228,4.95295,-0.160884,-0.276688,-0.224962,-0.12774,-0.182147,-0.168237,-0.261988,-0.246648,-0.160884,-0.188765,-0.230535,-0.160884
209,-0.201436,-0.160884,-0.276688,-0.224962,-0.12774,-0.182147,-0.168237,-0.261988,-0.246648,-0.160884,-0.188765,-0.230535,-0.160884
299,-0.201436,-0.160884,-0.276688,-0.224962,-0.12774,-0.182147,-0.168237,-0.261988,-0.246648,-0.160884,-0.188765,-0.230535,-0.160884
27,-0.201436,-0.160884,-0.276688,-0.224962,-0.12774,-0.182147,-0.168237,-0.261988,-0.246648,-0.160884,-0.188765,-0.230535,-0.160884
362,-0.201436,-0.160884,-0.276688,-0.224962,-0.12774,-0.182147,-0.168237,-0.261988,-0.246648,-0.160884,-0.188765,-0.230535,-0.160884
75,-0.201436,-0.160884,-0.276688,-0.224962,-0.12774,-0.182147,-0.168237,-0.261988,-0.246648,-0.160884,-0.188765,-0.230535,-0.160884
11,-0.201436,-0.160884,3.60587,-0.224962,-0.12774,-0.182147,-0.168237,3.80819,-0.246648,-0.160884,-0.188765,-0.230535,-0.160884
317,-0.201436,-0.160884,-0.276688,-0.224962,-0.12774,-0.182147,-0.168237,-0.261988,-0.246648,-0.160884,-0.188765,-0.230535,-0.160884
