498,1.22333,-0.998842,1.34009,0.998842
200,-1.22333,-0.998842,0.446696,0.998842
61,1.47618,0.740391,0.970018,0.800453
390,0.0,-0.998842,-0.446696,0.998842
440,1.22333,-0.998842,0.446696,0.998842
526,1.22333,-0.998842,-0.446696,-0.998842
131,-1.22333,0.998842,1.34009,-0.998842
391,0.0,0.998842,-0.446696,0.998842
199,-1.22333,0.998842,-0.446696,0.998842
414,1.22333,-0.998842,-0.446696,-0.998842
544,1.22333,-0.998842,0.446696,0.998842
335,0.0,0.998842,-0.446696,-0.998842
309,0.0,0.998842,-1.34009,0.998842
399,0.0,0.998842,-0.446696,0.998842
106,2.49815,0.740391,2.50219,2.18919
247,-1.22333,0.998842,-0.446696,0.998842
190,-1.22333,-0.998842,-0.446696,-0.998842
165,-1.22333,0.998842,-1.34009,0.998842
381,0.0,0.998842,-1.34009,-0.998842
490,1.22333,-0.998842,1.34009,0.998842
172,-1.22333,-0.998842,-1.34009,-0.998842
91,2.49815,2.07309,0.970018,0.800453
548,1.22333,-0.998842,-1.34009,0.998842
463,1.22333,0.998842,-0.446696,-0.998842
92,2.49815,0.740391,0.203934,2.18919
4,0.45421,0.740391,0.970018,2.18919
5,0.45421,2.07309,0.970018,2.18919
402,0.0,-0.998842,1.34009,0.998842
379,0.0,0.998842,1.34009,-0.998842
280,0.0,-0.998842,0.446696,-0.998842
432,1.22333,-0.998842,0.446696,-0.998842
449,1.22333,0.998842,0.446696,0.998842
257,-1.22333,0.998842,0.446696,0.998842
429,1.22333,0.998842,-1.34009,-0.998842
32,0.45421,0.740391,1.7361,0.800453
183,-1.22333,0.998842,-0.446696,-0.998842
499,1.22333,0.998842,1.34009,0.998842
524,1.22333,-0.998842,-1.34009,-0.998842
53,1.47618,0.740391,2.50219,0.800453
166,-1.22333,-0.998842,-0.446696,0.998842
182,-1.22333,-0.998842,-0.446696,-0.998842
288,0.0,-0.998842,0.446696,-0.998842
397,0.0,0.998842,-1.34009,0.998842
268,0.0,-0.998842,-1.34009,-0.998842
179,-1.22333,0.998842,1.34009,-0.998842
539,1.22333,0.998842,1.34009,0.998842
333,0.0,0.998842,-1.34009,-0.998842
224,-1.22333,-0.998842,0.446696,-0.998842
145,-1.22333,0.998842,0.446696,-0.998842
404,0.0,-0.998842,-1.34009,0.998842
121,2.49815,2.07309,0.970018,2.18919
419,1.22333,0.998842,1.34009,-0.998842
146,-1.22333,-0.998842,1.34009,-0.998842
112,2.49815,2.07309,0.203934,0.800453
536,1.22333,-0.998842,0.446696,0.998842
508,1.22333,-0.998842,-1.34009,-0.998842
343,0.0,0.998842,-0.446696,0.998842
109,2.49815,2.07309,2.50219,0.800453
72,1.47618,0.740391,2.50219,2.18919
211,-1.22333,0.998842,1.34009,0.998842
427,1.22333,0.998842,1.34009,-0.998842
303,0.0,0.998842,-0.446696,0.998842
217,-1.22333,0.998842,0.446696,0.998842
25,0.45421,2.07309,1.7361,2.18919
42,0.45421,0.740391,0.970018,2.18919
485,1.22333,0.998842,-1.34009,0.998842
444,1.22333,-0.998842,-1.34009,0.998842
269,0.0,0.998842,-1.34009,-0.998842
396,0.0,-0.998842,-1.34009,0.998842
497,1.22333,0.998842,0.446696,0.998842
161,-1.22333,0.998842,0.446696,0.998842
324,0.0,-0.998842,-1.34009,-0.998842
527,1.22333,0.998842,-0.446696,-0.998842
488,1.22333,-0.998842,0.446696,0.998842
341,0.0,0.998842,-1.34009,0.998842
413,1.22333,0.998842,-1.34009,-0.998842
362,0.0,-0.998842,1.34009,0.998842
57,1.47618,0.740391,1.7361,2.18919
477,1.22333,0.998842,-1.34009,-0.998842
482,1.22333,-0.998842,1.34009,-0.998842
127,-1.22333,0.998842,-0.446696,-0.998842
468,1.22333,-0.998842,-1.34009,-0.998842
392,0.0,-0.998842,0.446696,0.998842
377,0.0,0.998842,0.446696,-0.998842
387,0.0,0.998842,1.34009,-0.998842
3,0.45421,2.07309,1.7361,0.800453
30,0.45421,2.07309,0.203934,0.800453
76,1.47618,0.740391,0.203934,0.800453
169,-1.22333,0.998842,0.446696,0.998842
538,1.22333,-0.998842,1.34009,0.998842
236,-1.22333,-0.998842,-1.34009,-0.998842
344,0.0,-0.998842,0.446696,0.998842
67,1.47618,2.07309,0.970018,0.800453
220,-1.22333,-0.998842,-1.34009,-0.998842
416,1.22333,-0.998842,0.446696,-0.998842
493,1.22333,0.998842,-1.34009,0.998842
238,-1.22333,-0.998842,-0.446696,-0.998842
79,1.47618,2.07309,0.203934,0.800453
147,-1.22333,0.998842,1.34009,-0.998842
83,1.47618,0.740391,0.203934,2.18919
244,-1.22333,-0.998842,-1.34009,0.998842
489,1.22333,0.998842,0.446696,0.998842
371,0.0,0.998842,1.34009,-0.998842
422,1.22333,-0.998842,-0.446696,-0.998842
54,1.47618,2.07309,0.970018,2.18919
393,0.0,0.998842,0.446696,0.998842
96,2.49815,2.07309,0.970018,2.18919
534,1.22333,-0.998842,-0.446696,0.998842
480,1.22333,-0.998842,0.446696,-0.998842
457,1.22333,0.998842,0.446696,0.998842
460,1.22333,-0.998842,-1.34009,-0.998842
472,1.22333,-0.998842,0.446696,-0.998842
118,2.49815,0.740391,2.50219,2.18919
348,0.0,-0.998842,-1.34009,0.998842
284,0.0,-0.998842,-1.34009,-0.998842
191,-1.22333,0.998842,-0.446696,-0.998842
101,2.49815,0.740391,0.203934,2.18919
58,1.47618,2.07309,2.50219,2.18919
226,-1.22333,-0.998842,1.34009,-0.998842
479,1.22333,0.998842,-0.446696,-0.998842
537,1.22333,0.998842,0.446696,0.998842
445,1.22333,0.998842,-1.34009,0.998842
243,-1.22333,0.998842,1.34009,-0.998842
403,0.0,0.998842,1.34009,0.998842
435,1.22333,0.998842,1.34009,-0.998842
406,0.0,-0.998842,-0.446696,0.998842
528,1.22333,-0.998842,0.446696,-0.998842
143,-1.22333,0.998842,-0.446696,-0.998842
117,2.49815,2.07309,1.7361,2.18919
246,-1.22333,-0.998842,-0.446696,0.998842
113,2.49815,0.740391,0.970018,0.800453
175,-1.22333,0.998842,-0.446696,-0.998842
378,0.0,-0.998842,1.34009,-0.998842
375,0.0,0.998842,-0.446696,-0.998842
194,-1.22333,-0.998842,1.34009,-0.998842
357,0.0,0.998842,-1.34009,0.998842
386,0.0,-0.998842,1.34009,-0.998842
401,0.0,0.998842,0.446696,0.998842
134,-1.22333,-0.998842,-0.446696,-0.998842
223,-1.22333,0.998842,-0.446696,-0.998842
80,1.47618,0.740391,1.7361,0.800453
510,1.22333,-0.998842,-0.446696,-0.998842
437,1.22333,0.998842,-1.34009,0.998842
24,0.45421,0.740391,1.7361,2.18919
132,-1.22333,-0.998842,-1.34009,-0.998842
160,-1.22333,-0.998842,0.446696,0.998842
74,1.47618,0.740391,0.970018,2.18919
313,0.0,0.998842,0.446696,0.998842
301,0.0,0.998842,-1.34009,0.998842
455,1.22333,0.998842,-0.446696,0.998842
474,1.22333,-0.998842,1.34009,-0.998842
317,0.0,0.998842,-1.34009,-0.998842
451,1.22333,0.998842,1.34009,0.998842
116,2.49815,0.740391,0.203934,2.18919
369,0.0,0.998842,0.446696,-0.998842
254,-1.22333,-0.998842,-0.446696,0.998842
221,-1.22333,0.998842,-1.34009,-0.998842
84,1.47618,2.07309,0.203934,2.18919
86,1.47618,2.07309,1.7361,2.18919
11,0.45421,0.740391,1.7361,0.800453
323,0.0,0.998842,1.34009,-0.998842
9,0.45421,2.07309,0.203934,0.800453
193,-1.22333,0.998842,0.446696,-0.998842
43,0.45421,0.740391,2.50219,2.18919
141,-1.22333,0.998842,-1.34009,-0.998842
294,0.0,-0.998842,-0.446696,0.998842
314,0.0,-0.998842,1.34009,0.998842
212,-1.22333,-0.998842,-1.34009,0.998842
181,-1.22333,0.998842,-1.34009,-0.998842
55,1.47618,0.740391,1.7361,2.18919
363,0.0,0.998842,1.34009,0.998842
550,1.22333,-0.998842,-0.446696,0.998842
516,1.22333,-0.998842,-1.34009,-0.998842
380,0.0,-0.998842,-1.34009,-0.998842
531,1.22333,0.998842,1.34009,-0.998842
209,-1.22333,0.998842,0.446696,0.998842
420,1.22333,-0.998842,-1.34009,-0.998842
282,0.0,-0.998842,1.34009,-0.998842
355,0.0,0.998842,1.34009,0.998842
520,1.22333,-0.998842,0.446696,-0.998842
228,-1.22333,-0.998842,-1.34009,-0.998842
430,1.22333,-0.998842,-0.446696,-0.998842
545,1.22333,0.998842,0.446696,0.998842
40,0.45421,2.07309,2.50219,2.18919
417,1.22333,0.998842,0.446696,-0.998842
376,0.0,-0.998842,0.446696,-0.998842
509,1.22333,0.998842,-1.34009,-0.998842
31,0.45421,2.07309,0.970018,0.800453
158,-1.22333,-0.998842,-0.446696,0.998842
330,0.0,-0.998842,1.34009,-0.998842
287,0.0,0.998842,-0.446696,-0.998842
337,0.0,0.998842,0.446696,-0.998842
418,1.22333,-0.998842,1.34009,-0.998842
156,-1.22333,-0.998842,-1.34009,0.998842
492,1.22333,-0.998842,-1.34009,0.998842
448,1.22333,-0.998842,0.446696,0.998842
0,0.45421,0.740391,1.7361,0.800453
340,0.0,-0.998842,-1.34009,0.998842
407,0.0,0.998842,-0.446696,0.998842
222,-1.22333,-0.998842,-0.446696,-0.998842
51,1.47618,0.740391,2.50219,0.800453
476,1.22333,-0.998842,-1.34009,-0.998842
232,-1.22333,-0.998842,0.446696,-0.998842
395,0.0,0.998842,1.34009,0.998842
159,-1.22333,0.998842,-0.446696,0.998842
261,-1.22333,0.998842,-1.34009,0.998842
218,-1.22333,-0.998842,1.34009,0.998842
216,-1.22333,-0.998842,0.446696,0.998842
541,1.22333,0.998842,-1.34009,0.998842
44,0.45421,2.07309,2.50219,2.18919
278,0.0,-0.998842,-0.446696,-0.998842
525,1.22333,0.998842,-1.34009,-0.998842
136,-1.22333,-0.998842,0.446696,-0.998842
506,1.22333,-0.998842,1.34009,0.998842
123,2.49815,2.07309,2.50219,2.18919
307,0.0,0.998842,1.34009,0.998842
164,-1.22333,-0.998842,-1.34009,0.998842
388,0.0,-0.998842,-1.34009,0.998842
75,1.47618,0.740391,2.50219,2.18919
105,2.49815,0.740391,0.970018,2.18919
21,0.45421,0.740391,2.50219,2.18919
553,1.22333,0.998842,0.446696,0.998842
345,0.0,0.998842,0.446696,0.998842
515,1.22333,0.998842,1.34009,-0.998842
81,1.47618,2.07309,2.50219,0.800453
481,1.22333,0.998842,0.446696,-0.998842
276,0.0,-0.998842,-1.34009,-0.998842
382,0.0,-0.998842,-0.446696,-0.998842
446,1.22333,-0.998842,-0.446696,0.998842
237,-1.22333,0.998842,-1.34009,-0.998842
441,1.22333,0.998842,0.446696,0.998842
265,-1.22333,0.998842,0.446696,0.998842
372,0.0,-0.998842,-1.34009,-0.998842
103,2.49815,2.07309,1.7361,2.18919
52,1.47618,2.07309,2.50219,0.800453
10,0.45421,0.740391,0.970018,0.800453
126,-1.22333,-0.998842,-0.446696,-0.998842
125,-1.22333,0.998842,-1.34009,-0.998842
465,1.22333,0.998842,0.446696,-0.998842
359,0.0,0.998842,-0.446696,0.998842
219,-1.22333,0.998842,1.34009,0.998842
364,0.0,-0.998842,-1.34009,-0.998842
285,0.0,0.998842,-1.34009,-0.998842
36,0.45421,2.07309,0.203934,2.18919
152,-1.22333,-0.998842,0.446696,0.998842
195,-1.22333,0.998842,1.34009,-0.998842
102,2.49815,2.07309,0.203934,2.18919
99,2.49815,2.07309,0.203934,0.800453
38,0.45421,2.07309,1.7361,2.18919
339,0.0,0.998842,1.34009,-0.998842
233,-1.22333,0.998842,0.446696,-0.998842
331,0.0,0.998842,1.34009,-0.998842
33,0.45421,0.740391,2.50219,0.800453
411,0.0,0.998842,1.34009,0.998842
298,0.0,-0.998842,1.34009,0.998842
400,0.0,-0.998842,0.446696,0.998842
192,-1.22333,-0.998842,0.446696,-0.998842
162,-1.22333,-0.998842,1.34009,0.998842
85,1.47618,0.740391,0.970018,2.18919
63,1.47618,0.740391,1.7361,0.800453
504,1.22333,-0.998842,0.446696,0.998842
281,0.0,0.998842,0.446696,-0.998842
207,-1.22333,0.998842,-0.446696,0.998842
231,-1.22333,0.998842,-0.446696,-0.998842
332,0.0,-0.998842,-1.34009,-0.998842
478,1.22333,-0.998842,-0.446696,-0.998842
306,0.0,-0.998842,1.34009,0.998842
466,1.22333,-0.998842,1.34009,-0.998842
270,0.0,-0.998842,-0.446696,-0.998842
310,0.0,-0.998842,-0.446696,0.998842
129,-1.22333,0.998842,0.446696,-0.998842
450,1.22333,-0.998842,1.34009,0.998842
368,0.0,-0.998842,0.446696,-0.998842
115,2.49815,2.07309,2.50219,0.800453
198,-1.22333,-0.998842,-0.446696,0.998842
383,0.0,0.998842,-0.446696,-0.998842
137,-1.22333,0.998842,0.446696,-0.998842
305,0.0,0.998842,0.446696,0.998842
484,1.22333,-0.998842,-1.34009,0.998842
533,1.22333,0.998842,-1.34009,0.998842
289,0.0,0.998842,0.446696,-0.998842
366,0.0,-0.998842,-0.446696,-0.998842
177,-1.22333,0.998842,0.446696,-0.998842
47,1.47618,0.740391,0.203934,0.800453
336,0.0,-0.998842,0.446696,-0.998842
60,1.47618,0.740391,2.50219,2.18919
467,1.22333,0.998842,1.34009,-0.998842
554,1.22333,-0.998842,1.34009,0.998842
275,0.0,0.998842,1.34009,-0.998842
256,-1.22333,-0.998842,0.446696,0.998842
108,2.49815,0.740391,0.970018,0.800453
153,-1.22333,0.998842,0.446696,0.998842
326,0.0,-0.998842,-0.446696,-0.998842
273,0.0,0.998842,0.446696,-0.998842
523,1.22333,0.998842,1.34009,-0.998842
186,-1.22333,-0.998842,1.34009,-0.998842
170,-1.22333,-0.998842,1.34009,0.998842
500,1.22333,-0.998842,-1.34009,0.998842
2,0.45421,0.740391,0.970018,0.800453
266,-1.22333,-0.998842,1.34009,0.998842
318,0.0,-0.998842,-0.446696,-0.998842
543,1.22333,0.998842,-0.446696,0.998842
71,1.47618,2.07309,1.7361,2.18919
456,1.22333,-0.998842,0.446696,0.998842
530,1.22333,-0.998842,1.34009,-0.998842
37,0.45421,2.07309,0.970018,2.18919
547,1.22333,0.998842,1.34009,0.998842
155,-1.22333,0.998842,1.34009,0.998842
89,2.49815,0.740391,0.203934,0.800453
197,-1.22333,0.998842,-1.34009,0.998842
351,0.0,0.998842,-0.446696,0.998842
203,-1.22333,0.998842,1.34009,0.998842
130,-1.22333,-0.998842,1.34009,-0.998842
346,0.0,-0.998842,1.34009,0.998842
311,0.0,0.998842,-0.446696,0.998842
503,1.22333,0.998842,-0.446696,0.998842
18,0.45421,2.07309,2.50219,0.800453
462,1.22333,-0.998842,-0.446696,-0.998842
204,-1.22333,-0.998842,-1.34009,0.998842
240,-1.22333,-0.998842,0.446696,-0.998842
87,2.49815,0.740391,0.203934,0.800453
239,-1.22333,0.998842,-0.446696,-0.998842
157,-1.22333,0.998842,-1.34009,0.998842
230,-1.22333,-0.998842,-0.446696,-0.998842
73,1.47618,2.07309,2.50219,2.18919
374,0.0,-0.998842,-0.446696,-0.998842
353,0.0,0.998842,0.446696,0.998842
542,1.22333,-0.998842,-0.446696,0.998842
412,1.22333,-0.998842,-1.34009,-0.998842
213,-1.22333,0.998842,-1.34009,0.998842
361,0.0,0.998842,0.446696,0.998842
149,-1.22333,0.998842,-1.34009,0.998842
518,1.22333,-0.998842,-0.446696,-0.998842
473,1.22333,0.998842,0.446696,-0.998842
111,2.49815,2.07309,2.50219,0.800453
144,-1.22333,-0.998842,0.446696,-0.998842
39,0.45421,0.740391,2.50219,2.18919
22,0.45421,2.07309,2.50219,2.18919
452,1.22333,-0.998842,-1.34009,0.998842
297,0.0,0.998842,0.446696,0.998842
540,1.22333,-0.998842,-1.34009,0.998842
274,0.0,-0.998842,1.34009,-0.998842
26,0.45421,0.740391,0.970018,0.800453
173,-1.22333,0.998842,-1.34009,-0.998842
426,1.22333,-0.998842,1.34009,-0.998842
1,0.45421,2.07309,1.7361,0.800453
16,0.45421,2.07309,2.50219,0.800453
438,1.22333,-0.998842,-0.446696,0.998842
546,1.22333,-0.998842,1.34009,0.998842
140,-1.22333,-0.998842,-1.34009,-0.998842
98,2.49815,2.07309,2.50219,0.800453
241,-1.22333,0.998842,0.446696,-0.998842
267,-1.22333,0.998842,1.34009,0.998842
349,0.0,0.998842,-1.34009,0.998842
304,0.0,-0.998842,0.446696,0.998842
253,-1.22333,0.998842,-1.34009,0.998842
350,0.0,-0.998842,-0.446696,0.998842
163,-1.22333,0.998842,1.34009,0.998842
235,-1.22333,0.998842,1.34009,-0.998842
77,1.47618,0.740391,0.203934,0.800453
491,1.22333,0.998842,1.34009,0.998842
436,1.22333,-0.998842,-1.34009,0.998842
325,0.0,0.998842,-1.34009,-0.998842
114,2.49815,2.07309,0.970018,0.800453
95,2.49815,2.07309,1.7361,2.18919
23,0.45421,2.07309,0.970018,2.18919
12,0.45421,2.07309,2.50219,0.800453
184,-1.22333,-0.998842,0.446696,-0.998842
97,2.49815,0.740391,0.203934,0.800453
425,1.22333,0.998842,0.446696,-0.998842
171,-1.22333,0.998842,1.34009,0.998842
49,1.47618,2.07309,0.970018,0.800453
302,0.0,-0.998842,-0.446696,0.998842
292,0.0,-0.998842,-1.34009,0.998842
315,0.0,0.998842,1.34009,0.998842
189,-1.22333,0.998842,-1.34009,-0.998842
258,-1.22333,-0.998842,1.34009,0.998842
327,0.0,0.998842,-0.446696,-0.998842
255,-1.22333,0.998842,-0.446696,0.998842
398,0.0,-0.998842,-0.446696,0.998842
122,2.49815,2.07309,1.7361,2.18919
283,0.0,0.998842,1.34009,-0.998842
104,2.49815,0.740391,0.203934,2.18919
555,1.22333,0.998842,1.34009,0.998842
56,1.47618,2.07309,2.50219,2.18919
410,0.0,-0.998842,1.34009,0.998842
522,1.22333,-0.998842,1.34009,-0.998842
367,0.0,0.998842,-0.446696,-0.998842
329,0.0,0.998842,0.446696,-0.998842
264,-1.22333,-0.998842,0.446696,0.998842
229,-1.22333,0.998842,-1.34009,-0.998842
316,0.0,-0.998842,-1.34009,-0.998842
519,1.22333,0.998842,-0.446696,-0.998842
424,1.22333,-0.998842,0.446696,-0.998842
35,0.45421,2.07309,0.970018,2.18919
245,-1.22333,0.998842,-1.34009,0.998842
409,0.0,0.998842,0.446696,0.998842
319,0.0,0.998842,-0.446696,-0.998842
206,-1.22333,-0.998842,-0.446696,0.998842
475,1.22333,0.998842,1.34009,-0.998842
338,0.0,-0.998842,1.34009,-0.998842
69,1.47618,2.07309,2.50219,0.800453
59,1.47618,2.07309,0.970018,2.18919
507,1.22333,0.998842,1.34009,0.998842
423,1.22333,0.998842,-0.446696,-0.998842
458,1.22333,-0.998842,1.34009,0.998842
188,-1.22333,-0.998842,-1.34009,-0.998842
486,1.22333,-0.998842,-0.446696,0.998842
45,1.47618,0.740391,1.7361,0.800453
272,0.0,-0.998842,0.446696,-0.998842
286,0.0,-0.998842,-0.446696,-0.998842
512,1.22333,-0.998842,0.446696,-0.998842
250,-1.22333,-0.998842,1.34009,0.998842
389,0.0,0.998842,-1.34009,0.998842
168,-1.22333,-0.998842,0.446696,0.998842
511,1.22333,0.998842,-0.446696,-0.998842
290,0.0,-0.998842,1.34009,-0.998842
210,-1.22333,-0.998842,1.34009,0.998842
453,1.22333,0.998842,-1.34009,0.998842
100,2.49815,2.07309,2.50219,0.800453
356,0.0,-0.998842,-1.34009,0.998842
259,-1.22333,0.998842,1.34009,0.998842
443,1.22333,0.998842,1.34009,0.998842
90,2.49815,2.07309,0.970018,0.800453
277,0.0,0.998842,-1.34009,-0.998842
459,1.22333,0.998842,1.34009,0.998842
365,0.0,0.998842,-1.34009,-0.998842
415,1.22333,0.998842,-0.446696,-0.998842
133,-1.22333,0.998842,-1.34009,-0.998842
517,1.22333,0.998842,-1.34009,-0.998842
501,1.22333,0.998842,-1.34009,0.998842
360,0.0,-0.998842,0.446696,0.998842
70,1.47618,0.740391,0.203934,2.18919
334,0.0,-0.998842,-0.446696,-0.998842
94,2.49815,2.07309,0.970018,2.18919
358,0.0,-0.998842,-0.446696,0.998842
242,-1.22333,-0.998842,1.34009,-0.998842
262,-1.22333,-0.998842,-0.446696,0.998842
202,-1.22333,-0.998842,1.34009,0.998842
447,1.22333,0.998842,-0.446696,0.998842
227,-1.22333,0.998842,1.34009,-0.998842
128,-1.22333,-0.998842,0.446696,-0.998842
7,0.45421,0.740391,2.50219,2.18919
138,-1.22333,-0.998842,1.34009,-0.998842
178,-1.22333,-0.998842,1.34009,-0.998842
408,0.0,-0.998842,0.446696,0.998842
470,1.22333,-0.998842,-0.446696,-0.998842
496,1.22333,-0.998842,0.446696,0.998842
148,-1.22333,-0.998842,-1.34009,0.998842
483,1.22333,0.998842,1.34009,-0.998842
208,-1.22333,-0.998842,0.446696,0.998842
187,-1.22333,0.998842,1.34009,-0.998842
279,0.0,0.998842,-0.446696,-0.998842
196,-1.22333,-0.998842,-1.34009,0.998842
68,1.47618,2.07309,1.7361,0.800453
505,1.22333,0.998842,0.446696,0.998842
174,-1.22333,-0.998842,-0.446696,-0.998842
370,0.0,-0.998842,1.34009,-0.998842
119,2.49815,2.07309,2.50219,2.18919
29,0.45421,0.740391,2.50219,0.800453
19,0.45421,2.07309,0.970018,2.18919
27,0.45421,0.740391,2.50219,0.800453
185,-1.22333,0.998842,0.446696,-0.998842
205,-1.22333,0.998842,-1.34009,0.998842
434,1.22333,-0.998842,1.34009,-0.998842
180,-1.22333,-0.998842,-1.34009,-0.998842
322,0.0,-0.998842,1.34009,-0.998842
107,2.49815,0.740391,0.203934,0.800453
312,0.0,-0.998842,0.446696,0.998842
521,1.22333,0.998842,0.446696,-0.998842
64,1.47618,2.07309,1.7361,0.800453
41,0.45421,0.740391,0.203934,2.18919
201,-1.22333,0.998842,0.446696,0.998842
352,0.0,-0.998842,0.446696,0.998842
495,1.22333,0.998842,-0.446696,0.998842
234,-1.22333,-0.998842,1.34009,-0.998842
442,1.22333,-0.998842,1.34009,0.998842
28,0.45421,0.740391,0.970018,0.800453
215,-1.22333,0.998842,-0.446696,0.998842
502,1.22333,-0.998842,-0.446696,0.998842
14,0.45421,0.740391,1.7361,0.800453
139,-1.22333,0.998842,1.34009,-0.998842
291,0.0,0.998842,1.34009,-0.998842
428,1.22333,-0.998842,-1.34009,-0.998842
82,1.47618,2.07309,1.7361,2.18919
142,-1.22333,-0.998842,-0.446696,-0.998842
251,-1.22333,0.998842,1.34009,0.998842
384,0.0,-0.998842,0.446696,-0.998842
6,0.45421,0.740391,1.7361,2.18919
551,1.22333,0.998842,-0.446696,0.998842
549,1.22333,0.998842,-1.34009,0.998842
299,0.0,0.998842,1.34009,0.998842
151,-1.22333,0.998842,-0.446696,0.998842
34,0.45421,2.07309,2.50219,0.800453
514,1.22333,-0.998842,1.34009,-0.998842
120,2.49815,2.07309,0.203934,2.18919
308,0.0,-0.998842,-1.34009,0.998842
471,1.22333,0.998842,-0.446696,-0.998842
167,-1.22333,0.998842,-0.446696,0.998842
320,0.0,-0.998842,0.446696,-0.998842
214,-1.22333,-0.998842,-0.446696,0.998842
46,1.47618,2.07309,1.7361,0.800453
321,0.0,0.998842,0.446696,-0.998842
260,-1.22333,-0.998842,-1.34009,0.998842
135,-1.22333,0.998842,-0.446696,-0.998842
17,0.45421,0.740391,0.970018,0.800453
20,0.45421,2.07309,1.7361,2.18919
373,0.0,0.998842,-1.34009,-0.998842
124,-1.22333,-0.998842,-1.34009,-0.998842
487,1.22333,0.998842,-0.446696,0.998842
78,1.47618,0.740391,1.7361,0.800453
300,0.0,-0.998842,-1.34009,0.998842
295,0.0,0.998842,-0.446696,0.998842
66,1.47618,2.07309,0.203934,0.800453
552,1.22333,-0.998842,0.446696,0.998842
154,-1.22333,-0.998842,1.34009,0.998842
342,0.0,-0.998842,-0.446696,0.998842
354,0.0,-0.998842,1.34009,0.998842
50,1.47618,0.740391,1.7361,0.800453
13,0.45421,0.740391,0.203934,0.800453
405,0.0,0.998842,-1.34009,0.998842
248,-1.22333,-0.998842,0.446696,0.998842
293,0.0,0.998842,-1.34009,0.998842
150,-1.22333,-0.998842,-0.446696,0.998842
88,2.49815,2.07309,0.203934,0.800453
529,1.22333,0.998842,0.446696,-0.998842
252,-1.22333,-0.998842,-1.34009,0.998842
62,1.47618,2.07309,0.970018,0.800453
535,1.22333,0.998842,-0.446696,0.998842
532,1.22333,-0.998842,-1.34009,0.998842
433,1.22333,0.998842,0.446696,-0.998842
271,0.0,0.998842,-0.446696,-0.998842
461,1.22333,0.998842,-1.34009,-0.998842
249,-1.22333,0.998842,0.446696,0.998842
431,1.22333,0.998842,-0.446696,-0.998842
110,2.49815,2.07309,1.7361,0.800453
263,-1.22333,0.998842,-0.446696,0.998842
8,0.45421,2.07309,0.203934,2.18919
421,1.22333,0.998842,-1.34009,-0.998842
176,-1.22333,-0.998842,0.446696,-0.998842
394,0.0,-0.998842,1.34009,0.998842
494,1.22333,-0.998842,-0.446696,0.998842
48,1.47618,2.07309,0.203934,0.800453
385,0.0,0.998842,0.446696,-0.998842
454,1.22333,-0.998842,-0.446696,0.998842
15,0.45421,2.07309,1.7361,0.800453
93,2.49815,2.07309,0.970018,2.18919
328,0.0,-0.998842,0.446696,-0.998842
464,1.22333,-0.998842,0.446696,-0.998842
439,1.22333,0.998842,-0.446696,0.998842
347,0.0,0.998842,1.34009,0.998842
296,0.0,-0.998842,0.446696,0.998842
225,-1.22333,0.998842,0.446696,-0.998842
513,1.22333,0.998842,0.446696,-0.998842
