621,0.506946,-1.22439,-0.447084,-0.447084
399,1.18287,1.22439,1.34125,-1.34125
38,-0.168982,0.0,-1.34125,-1.34125
346,-1.52084,1.22439,1.34125,-1.34125
467,-0.168982,-1.22439,-1.34125,-0.447084
1286,0.506946,0.0,1.34125,0.447084
1036,1.18287,0.0,-0.447084,0.447084
696,-0.168982,1.22439,0.447084,-0.447084
599,1.18287,-1.22439,-0.447084,-0.447084
1341,-0.168982,1.22439,-1.34125,1.34125
276,1.18287,-1.22439,0.447084,-1.34125
1482,1.18287,1.22439,-0.447084,1.34125
1454,-0.168982,1.22439,-0.447084,1.34125
694,-0.168982,1.22439,0.447084,-0.447084
1594,0.506946,-1.22439,0.447084,1.34125
898,-0.168982,-1.22439,-1.34125,0.447084
824,1.18287,0.0,1.34125,-0.447084
596,1.18287,-1.22439,-0.447084,-0.447084
1388,0.506946,0.0,-1.34125,1.34125
575,-0.168982,-1.22439,-0.447084,-0.447084
1298,-1.52084,-1.22439,-1.34125,1.34125
34,-0.168982,-1.22439,-1.34125,-1.34125
624,0.506946,-1.22439,-0.447084,-0.447084
1146,1.18287,0.0,0.447084,0.447084
1693,1.18287,1.22439,1.34125,1.34125
239,-1.52084,1.22439,0.447084,-1.34125
111,-1.52084,-1.22439,-0.447084,-1.34125
1206,-1.52084,1.22439,1.34125,0.447084
729,0.506946,-1.22439,0.447084,-0.447084
547,-1.52084,-1.22439,-0.447084,-0.447084
1185,0.506946,1.22439,0.447084,0.447084
1214,-1.52084,1.22439,1.34125,0.447084
855,0.506946,1.22439,1.34125,-0.447084
285,1.18287,0.0,0.447084,-1.34125
98,0.506946,0.0,-1.34125,-1.34125
556,-1.52084,0.0,-0.447084,-0.447084
748,0.506946,1.22439,0.447084,-0.447084
193,0.506946,-1.22439,-0.447084,-1.34125
949,0.506946,-1.22439,-1.34125,0.447084
350,-1.52084,1.22439,1.34125,-1.34125
687,-0.168982,0.0,0.447084,-0.447084
640,0.506946,1.22439,-0.447084,-0.447084
1632,-1.52084,0.0,1.34125,1.34125
758,-1.52084,-1.22439,1.34125,-0.447084
753,0.506946,1.22439,0.447084,-0.447084
314,0.506946,0.0,0.447084,-1.34125
402,1.18287,1.22439,1.34125,-1.34125
1188,-1.52084,-1.22439,1.34125,0.447084
601,1.18287,-1.22439,-0.447084,-0.447084
367,-0.168982,0.0,1.34125,-1.34125
171,1.18287,0.0,-0.447084,-1.34125
46,-0.168982,1.22439,-1.34125,-1.34125
1207,-1.52084,1.22439,1.34125,0.447084
921,1.18287,-1.22439,-1.34125,0.447084
1344,-0.168982,1.22439,-1.34125,1.34125
455,-1.52084,1.22439,-1.34125,-0.447084
1663,-0.168982,0.0,1.34125,1.34125
1262,1.18287,1.22439,1.34125,0.447084
918,1.18287,-1.22439,-1.34125,0.447084
1148,1.18287,0.0,0.447084,0.447084
413,0.506946,-1.22439,1.34125,-1.34125
669,-1.52084,1.22439,0.447084,-0.447084
899,-0.168982,-1.22439,-1.34125,0.447084
1152,1.18287,1.22439,0.447084,0.447084
1387,0.506946,0.0,-1.34125,1.34125
1190,-1.52084,-1.22439,1.34125,0.447084
1168,0.506946,-1.22439,0.447084,0.447084
398,1.18287,1.22439,1.34125,-1.34125
1274,0.506946,-1.22439,1.34125,0.447084
1249,1.18287,-1.22439,1.34125,0.447084
1552,-0.168982,0.0,0.447084,1.34125
590,-0.168982,1.22439,-0.447084,-0.447084
1013,-0.168982,0.0,-0.447084,0.447084
1167,0.506946,-1.22439,0.447084,0.447084
1170,0.506946,0.0,0.447084,0.447084
203,0.506946,0.0,-0.447084,-1.34125
361,-0.168982,0.0,1.34125,-1.34125
1174,0.506946,0.0,0.447084,0.447084
1651,-0.168982,-1.22439,1.34125,1.34125
985,-1.52084,0.0,-0.447084,0.447084
1683,1.18287,0.0,1.34125,1.34125
663,-1.52084,0.0,0.447084,-0.447084
735,0.506946,-1.22439,0.447084,-0.447084
966,0.506946,1.22439,-1.34125,0.447084
851,0.506946,0.0,1.34125,-0.447084
421,0.506946,0.0,1.34125,-1.34125
1494,0.506946,0.0,-0.447084,1.34125
79,1.18287,1.22439,-1.34125,-1.34125
365,-0.168982,0.0,1.34125,-1.34125
915,-0.168982,1.22439,-1.34125,0.447084
1708,0.506946,-1.22439,1.34125,1.34125
1235,-0.168982,1.22439,1.34125,0.447084
1406,-1.52084,-1.22439,-0.447084,1.34125
72,1.18287,1.22439,-1.34125,-1.34125
1200,-1.52084,0.0,1.34125,0.447084
1479,1.18287,1.22439,-0.447084,1.34125
212,0.506946,1.22439,-0.447084,-1.34125
1442,-0.168982,0.0,-0.447084,1.34125
919,1.18287,-1.22439,-1.34125,0.447084
1608,0.506946,0.0,0.447084,1.34125
631,0.506946,0.0,-0.447084,-0.447084
661,-1.52084,0.0,0.447084,-0.447084
1710,0.506946,0.0,1.34125,1.34125
65,1.18287,0.0,-1.34125,-1.34125
1033,1.18287,-1.22439,-0.447084,0.447084
463,-0.168982,-1.22439,-1.34125,-0.447084
1322,-1.52084,1.22439,-1.34125,1.34125
1290,0.506946,1.22439,1.34125,0.447084
511,1.18287,1.22439,-1.34125,-0.447084
464,-0.168982,-1.22439,-1.34125,-0.447084
242,-1.52084,1.22439,0.447084,-1.34125
388,1.18287,0.0,1.34125,-1.34125
671,-1.52084,1.22439,0.447084,-0.447084
589,-0.168982,1.22439,-0.447084,-0.447084
1658,-0.168982,0.0,1.34125,1.34125
502,1.18287,0.0,-1.34125,-0.447084
942,1.18287,1.22439,-1.34125,0.447084
214,0.506946,1.22439,-0.447084,-1.34125
738,0.506946,0.0,0.447084,-0.447084
1147,1.18287,0.0,0.447084,0.447084
1112,-0.168982,-1.22439,0.447084,0.447084
1182,0.506946,1.22439,0.447084,0.447084
1418,-1.52084,0.0,-0.447084,1.34125
1297,-1.52084,-1.22439,-1.34125,1.34125
859,0.506946,1.22439,1.34125,-0.447084
1311,-1.52084,0.0,-1.34125,1.34125
343,-1.52084,1.22439,1.34125,-1.34125
1034,1.18287,-1.22439,-0.447084,0.447084
1586,1.18287,1.22439,0.447084,1.34125
1498,0.506946,0.0,-0.447084,1.34125
1028,1.18287,-1.22439,-0.447084,0.447084
1131,-0.168982,1.22439,0.447084,0.447084
1521,-1.52084,0.0,0.447084,1.34125
1134,1.18287,-1.22439,0.447084,0.447084
254,-0.168982,0.0,0.447084,-1.34125
1213,-1.52084,1.22439,1.34125,0.447084
1243,1.18287,-1.22439,1.34125,0.447084
161,-0.168982,1.22439,-0.447084,-1.34125
387,1.18287,0.0,1.34125,-1.34125
670,-1.52084,1.22439,0.447084,-0.447084
440,-1.52084,-1.22439,-1.34125,-0.447084
677,-0.168982,-1.22439,0.447084,-0.447084
1518,-1.52084,-1.22439,0.447084,1.34125
429,0.506946,1.22439,1.34125,-1.34125
52,-0.168982,1.22439,-1.34125,-1.34125
634,0.506946,0.0,-0.447084,-0.447084
892,-0.168982,-1.22439,-1.34125,0.447084
852,0.506946,0.0,1.34125,-0.447084
54,1.18287,-1.22439,-1.34125,-1.34125
1659,-0.168982,0.0,1.34125,1.34125
1525,-1.52084,0.0,0.447084,1.34125
1566,1.18287,-1.22439,0.447084,1.34125
653,-1.52084,-1.22439,0.447084,-0.447084
1273,0.506946,-1.22439,1.34125,0.447084
348,-1.52084,1.22439,1.34125,-1.34125
83,0.506946,-1.22439,-1.34125,-1.34125
833,1.18287,1.22439,1.34125,-0.447084
685,-0.168982,0.0,0.447084,-0.447084
1101,-1.52084,1.22439,0.447084,0.447084
500,1.18287,0.0,-1.34125,-0.447084
11,-1.52084,0.0,-1.34125,-1.34125
1649,-0.168982,-1.22439,1.34125,1.34125
1394,0.506946,0.0,-1.34125,1.34125
1720,0.506946,1.22439,1.34125,1.34125
347,-1.52084,1.22439,1.34125,-1.34125
1236,-0.168982,1.22439,1.34125,0.447084
58,1.18287,-1.22439,-1.34125,-1.34125
1701,0.506946,-1.22439,1.34125,1.34125
1160,1.18287,1.22439,0.447084,0.447084
515,0.506946,-1.22439,-1.34125,-0.447084
1676,1.18287,-1.22439,1.34125,1.34125
328,-1.52084,-1.22439,1.34125,-1.34125
297,0.506946,-1.22439,0.447084,-1.34125
1070,0.506946,0.0,-0.447084,0.447084
560,-1.52084,1.22439,-0.447084,-0.447084
208,0.506946,1.22439,-0.447084,-1.34125
953,0.506946,-1.22439,-1.34125,0.447084
1244,1.18287,-1.22439,1.34125,0.447084
1076,0.506946,1.22439,-0.447084,0.447084
1373,1.18287,1.22439,-1.34125,1.34125
513,0.506946,-1.22439,-1.34125,-0.447084
1080,-1.52084,-1.22439,0.447084,0.447084
149,-0.168982,0.0,-0.447084,-1.34125
267,-0.168982,1.22439,0.447084,-1.34125
237,-1.52084,1.22439,0.447084,-1.34125
493,1.18287,-1.22439,-1.34125,-0.447084
623,0.506946,-1.22439,-0.447084,-0.447084
521,0.506946,-1.22439,-1.34125,-0.447084
355,-0.168982,-1.22439,1.34125,-1.34125
1680,1.18287,-1.22439,1.34125,1.34125
273,1.18287,-1.22439,0.447084,-1.34125
18,-1.52084,1.22439,-1.34125,-1.34125
1563,-0.168982,1.22439,0.447084,1.34125
963,0.506946,1.22439,-1.34125,0.447084
453,-1.52084,1.22439,-1.34125,-0.447084
967,0.506946,1.22439,-1.34125,0.447084
660,-1.52084,0.0,0.447084,-0.447084
1126,-0.168982,1.22439,0.447084,0.447084
298,0.506946,-1.22439,0.447084,-1.34125
1630,-1.52084,0.0,1.34125,1.34125
1291,0.506946,1.22439,1.34125,0.447084
44,-0.168982,0.0,-1.34125,-1.34125
1294,0.506946,1.22439,1.34125,0.447084
75,1.18287,1.22439,-1.34125,-1.34125
1204,-1.52084,0.0,1.34125,0.447084
1183,0.506946,1.22439,0.447084,0.447084
90,0.506946,0.0,-1.34125,-1.34125
1165,0.506946,-1.22439,0.447084,0.447084
1590,1.18287,1.22439,0.447084,1.34125
257,-0.168982,0.0,0.447084,-1.34125
1123,-0.168982,0.0,0.447084,0.447084
799,-0.168982,0.0,1.34125,-0.447084
1543,-0.168982,-1.22439,0.447084,1.34125
1481,1.18287,1.22439,-0.447084,1.34125
1115,-0.168982,-1.22439,0.447084,0.447084
460,-0.168982,-1.22439,-1.34125,-0.447084
305,0.506946,-1.22439,0.447084,-1.34125
1553,-0.168982,0.0,0.447084,1.34125
281,1.18287,0.0,0.447084,-1.34125
1667,-0.168982,1.22439,1.34125,1.34125
930,1.18287,0.0,-1.34125,0.447084
271,1.18287,-1.22439,0.447084,-1.34125
1510,0.506946,1.22439,-0.447084,1.34125
162,1.18287,-1.22439,-0.447084,-1.34125
1342,-0.168982,1.22439,-1.34125,1.34125
1120,-0.168982,0.0,0.447084,0.447084
449,-1.52084,0.0,-1.34125,-0.447084
1181,0.506946,1.22439,0.447084,0.447084
1398,0.506946,1.22439,-1.34125,1.34125
1105,-1.52084,1.22439,0.447084,0.447084
1140,1.18287,-1.22439,0.447084,0.447084
191,0.506946,-1.22439,-0.447084,-1.34125
944,1.18287,1.22439,-1.34125,0.447084
978,-1.52084,-1.22439,-0.447084,0.447084
514,0.506946,-1.22439,-1.34125,-0.447084
1662,-0.168982,0.0,1.34125,1.34125
406,0.506946,-1.22439,1.34125,-1.34125
96,0.506946,0.0,-1.34125,-1.34125
1343,-0.168982,1.22439,-1.34125,1.34125
465,-0.168982,-1.22439,-1.34125,-0.447084
1465,1.18287,-1.22439,-0.447084,1.34125
119,-1.52084,0.0,-0.447084,-1.34125
617,1.18287,1.22439,-0.447084,-0.447084
1055,0.506946,-1.22439,-0.447084,0.447084
1544,-0.168982,-1.22439,0.447084,1.34125
135,-0.168982,-1.22439,-0.447084,-1.34125
345,-1.52084,1.22439,1.34125,-1.34125
1509,0.506946,1.22439,-0.447084,1.34125
573,-0.168982,-1.22439,-0.447084,-0.447084
871,-1.52084,-1.22439,-1.34125,0.447084
674,-1.52084,1.22439,0.447084,-0.447084
646,0.506946,1.22439,-0.447084,-0.447084
443,-1.52084,0.0,-1.34125,-0.447084
220,-1.52084,-1.22439,0.447084,-1.34125
287,1.18287,0.0,0.447084,-1.34125
410,0.506946,-1.22439,1.34125,-1.34125
229,-1.52084,0.0,0.447084,-1.34125
458,-1.52084,1.22439,-1.34125,-0.447084
1074,0.506946,1.22439,-0.447084,0.447084
1620,-1.52084,-1.22439,1.34125,1.34125
138,-0.168982,-1.22439,-0.447084,-1.34125
486,1.18287,-1.22439,-1.34125,-0.447084
1376,1.18287,1.22439,-1.34125,1.34125
318,0.506946,1.22439,0.447084,-1.34125
1415,-1.52084,0.0,-0.447084,1.34125
982,-1.52084,0.0,-0.447084,0.447084
206,0.506946,0.0,-0.447084,-1.34125
87,0.506946,-1.22439,-1.34125,-1.34125
840,0.506946,-1.22439,1.34125,-0.447084
1173,0.506946,0.0,0.447084,0.447084
1528,-1.52084,0.0,0.447084,1.34125
868,-1.52084,-1.22439,-1.34125,0.447084
1064,0.506946,0.0,-0.447084,0.447084
1351,1.18287,-1.22439,-1.34125,1.34125
1201,-1.52084,0.0,1.34125,0.447084
651,-1.52084,-1.22439,0.447084,-0.447084
528,0.506946,0.0,-1.34125,-0.447084
12,-1.52084,0.0,-1.34125,-1.34125
1533,-1.52084,1.22439,0.447084,1.34125
917,-0.168982,1.22439,-1.34125,0.447084
990,-1.52084,1.22439,-0.447084,0.447084
312,0.506946,0.0,0.447084,-1.34125
1093,-1.52084,0.0,0.447084,0.447084
561,-1.52084,1.22439,-0.447084,-0.447084
473,-0.168982,0.0,-1.34125,-0.447084
1349,-0.168982,1.22439,-1.34125,1.34125
999,-0.168982,-1.22439,-0.447084,0.447084
747,0.506946,1.22439,0.447084,-0.447084
1443,-0.168982,0.0,-0.447084,1.34125
1011,-0.168982,0.0,-0.447084,0.447084
1337,-0.168982,0.0,-1.34125,1.34125
1385,0.506946,-1.22439,-1.34125,1.34125
1067,0.506946,0.0,-0.447084,0.447084
1329,-0.168982,-1.22439,-1.34125,1.34125
682,-0.168982,-1.22439,0.447084,-0.447084
426,0.506946,1.22439,1.34125,-1.34125
1125,-0.168982,1.22439,0.447084,0.447084
74,1.18287,1.22439,-1.34125,-1.34125
535,0.506946,1.22439,-1.34125,-0.447084
926,1.18287,-1.22439,-1.34125,0.447084
1546,-0.168982,-1.22439,0.447084,1.34125
259,-0.168982,0.0,0.447084,-1.34125
380,1.18287,-1.22439,1.34125,-1.34125
630,0.506946,0.0,-0.447084,-0.447084
603,1.18287,0.0,-0.447084,-0.447084
1369,1.18287,1.22439,-1.34125,1.34125
1104,-1.52084,1.22439,0.447084,0.447084
602,1.18287,-1.22439,-0.447084,-0.447084
1106,-1.52084,1.22439,0.447084,0.447084
916,-0.168982,1.22439,-1.34125,0.447084
445,-1.52084,0.0,-1.34125,-0.447084
563,-1.52084,1.22439,-0.447084,-0.447084
1618,0.506946,1.22439,0.447084,1.34125
552,-1.52084,0.0,-0.447084,-0.447084
635,0.506946,0.0,-0.447084,-0.447084
728,1.18287,1.22439,0.447084,-0.447084
167,1.18287,-1.22439,-0.447084,-1.34125
228,-1.52084,0.0,0.447084,-1.34125
492,1.18287,-1.22439,-1.34125,-0.447084
142,-0.168982,-1.22439,-0.447084,-1.34125
1327,-0.168982,-1.22439,-1.34125,1.34125
425,0.506946,1.22439,1.34125,-1.34125
1400,0.506946,1.22439,-1.34125,1.34125
1504,0.506946,1.22439,-0.447084,1.34125
1333,-0.168982,0.0,-1.34125,1.34125
847,0.506946,0.0,1.34125,-0.447084
487,1.18287,-1.22439,-1.34125,-0.447084
1252,1.18287,0.0,1.34125,0.447084
862,0.506946,1.22439,1.34125,-0.447084
759,-1.52084,-1.22439,1.34125,-0.447084
1475,1.18287,0.0,-0.447084,1.34125
776,-1.52084,1.22439,1.34125,-0.447084
652,-1.52084,-1.22439,0.447084,-0.447084
320,0.506946,1.22439,0.447084,-1.34125
1401,0.506946,1.22439,-1.34125,1.34125
433,-1.52084,-1.22439,-1.34125,-0.447084
1084,-1.52084,-1.22439,0.447084,0.447084
1372,1.18287,1.22439,-1.34125,1.34125
108,-1.52084,-1.22439,-0.447084,-1.34125
1043,1.18287,0.0,-0.447084,0.447084
577,-0.168982,0.0,-0.447084,-0.447084
785,-0.168982,-1.22439,1.34125,-0.447084
1122,-0.168982,0.0,0.447084,0.447084
116,-1.52084,-1.22439,-0.447084,-1.34125
1713,0.506946,0.0,1.34125,1.34125
1502,0.506946,0.0,-0.447084,1.34125
1002,-0.168982,-1.22439,-0.447084,0.447084
103,0.506946,1.22439,-1.34125,-1.34125
1636,-1.52084,0.0,1.34125,1.34125
1264,1.18287,1.22439,1.34125,0.447084
1431,-0.168982,-1.22439,-0.447084,1.34125
700,-0.168982,1.22439,0.447084,-0.447084
127,-1.52084,1.22439,-0.447084,-1.34125
806,-0.168982,1.22439,1.34125,-0.447084
939,1.18287,1.22439,-1.34125,0.447084
1664,-0.168982,0.0,1.34125,1.34125
553,-1.52084,0.0,-0.447084,-0.447084
1539,-0.168982,-1.22439,0.447084,1.34125
1331,-0.168982,-1.22439,-1.34125,1.34125
61,1.18287,-1.22439,-1.34125,-1.34125
878,-1.52084,0.0,-1.34125,0.447084
1175,0.506946,0.0,0.447084,0.447084
745,0.506946,0.0,0.447084,-0.447084
1559,-0.168982,1.22439,0.447084,1.34125
434,-1.52084,-1.22439,-1.34125,-0.447084
40,-0.168982,0.0,-1.34125,-1.34125
491,1.18287,-1.22439,-1.34125,-0.447084
998,-1.52084,1.22439,-0.447084,0.447084
1414,-1.52084,0.0,-0.447084,1.34125
858,0.506946,1.22439,1.34125,-0.447084
422,0.506946,0.0,1.34125,-1.34125
1332,-0.168982,0.0,-1.34125,1.34125
29,-0.168982,-1.22439,-1.34125,-1.34125
1493,0.506946,-1.22439,-0.447084,1.34125
462,-0.168982,-1.22439,-1.34125,-0.447084
408,0.506946,-1.22439,1.34125,-1.34125
638,0.506946,0.0,-0.447084,-0.447084
1315,-1.52084,1.22439,-1.34125,1.34125
280,1.18287,0.0,0.447084,-1.34125
469,-0.168982,0.0,-1.34125,-0.447084
689,-0.168982,0.0,0.447084,-0.447084
931,1.18287,0.0,-1.34125,0.447084
540,-1.52084,-1.22439,-0.447084,-0.447084
435,-1.52084,-1.22439,-1.34125,-0.447084
822,1.18287,0.0,1.34125,-0.447084
197,0.506946,-1.22439,-0.447084,-1.34125
174,1.18287,0.0,-0.447084,-1.34125
1266,1.18287,1.22439,1.34125,0.447084
1138,1.18287,-1.22439,0.447084,0.447084
1707,0.506946,-1.22439,1.34125,1.34125
1358,1.18287,-1.22439,-1.34125,1.34125
1248,1.18287,-1.22439,1.34125,0.447084
1139,1.18287,-1.22439,0.447084,0.447084
9,-1.52084,0.0,-1.34125,-1.34125
503,1.18287,0.0,-1.34125,-0.447084
977,-1.52084,-1.22439,-0.447084,0.447084
173,1.18287,0.0,-0.447084,-1.34125
1317,-1.52084,1.22439,-1.34125,1.34125
1534,-1.52084,1.22439,0.447084,1.34125
1060,0.506946,-1.22439,-0.447084,0.447084
1439,-0.168982,-1.22439,-0.447084,1.34125
1413,-1.52084,0.0,-0.447084,1.34125
1614,0.506946,1.22439,0.447084,1.34125
1569,1.18287,-1.22439,0.447084,1.34125
78,1.18287,1.22439,-1.34125,-1.34125
508,1.18287,1.22439,-1.34125,-0.447084
1653,-0.168982,-1.22439,1.34125,1.34125
889,-1.52084,1.22439,-1.34125,0.447084
888,-1.52084,1.22439,-1.34125,0.447084
269,-0.168982,1.22439,0.447084,-1.34125
339,-1.52084,0.0,1.34125,-1.34125
145,-0.168982,0.0,-0.447084,-1.34125
404,1.18287,1.22439,1.34125,-1.34125
1177,0.506946,0.0,0.447084,0.447084
779,-1.52084,1.22439,1.34125,-0.447084
726,1.18287,1.22439,0.447084,-0.447084
783,-0.168982,-1.22439,1.34125,-0.447084
164,1.18287,-1.22439,-0.447084,-1.34125
882,-1.52084,1.22439,-1.34125,0.447084
666,-1.52084,1.22439,0.447084,-0.447084
1420,-1.52084,0.0,-0.447084,1.34125
965,0.506946,1.22439,-1.34125,0.447084
1019,-0.168982,1.22439,-0.447084,0.447084
626,0.506946,-1.22439,-0.447084,-0.447084
319,0.506946,1.22439,0.447084,-1.34125
771,-1.52084,0.0,1.34125,-0.447084
1346,-0.168982,1.22439,-1.34125,1.34125
1129,-0.168982,1.22439,0.447084,0.447084
1020,-0.168982,1.22439,-0.447084,0.447084
130,-1.52084,1.22439,-0.447084,-1.34125
470,-0.168982,0.0,-1.34125,-0.447084
906,-0.168982,0.0,-1.34125,0.447084
1688,1.18287,0.0,1.34125,1.34125
55,1.18287,-1.22439,-1.34125,-1.34125
884,-1.52084,1.22439,-1.34125,0.447084
1354,1.18287,-1.22439,-1.34125,1.34125
1234,-0.168982,1.22439,1.34125,0.447084
1635,-1.52084,0.0,1.34125,1.34125
1575,1.18287,0.0,0.447084,1.34125
146,-0.168982,0.0,-0.447084,-1.34125
301,0.506946,-1.22439,0.447084,-1.34125
113,-1.52084,-1.22439,-0.447084,-1.34125
678,-0.168982,-1.22439,0.447084,-0.447084
252,-0.168982,0.0,0.447084,-1.34125
604,1.18287,0.0,-0.447084,-0.447084
649,-1.52084,-1.22439,0.447084,-0.447084
27,-0.168982,-1.22439,-1.34125,-1.34125
189,0.506946,-1.22439,-0.447084,-1.34125
0,-1.52084,-1.22439,-1.34125,-1.34125
941,1.18287,1.22439,-1.34125,0.447084
877,-1.52084,0.0,-1.34125,0.447084
1096,-1.52084,0.0,0.447084,0.447084
1296,-1.52084,-1.22439,-1.34125,1.34125
665,-1.52084,0.0,0.447084,-0.447084
1478,1.18287,1.22439,-0.447084,1.34125
170,1.18287,-1.22439,-0.447084,-1.34125
1324,-0.168982,-1.22439,-1.34125,1.34125
1531,-1.52084,1.22439,0.447084,1.34125
207,0.506946,1.22439,-0.447084,-1.34125
325,-1.52084,-1.22439,1.34125,-1.34125
1634,-1.52084,0.0,1.34125,1.34125
1703,0.506946,-1.22439,1.34125,1.34125
263,-0.168982,1.22439,0.447084,-1.34125
1573,1.18287,-1.22439,0.447084,1.34125
1142,1.18287,-1.22439,0.447084,0.447084
182,1.18287,1.22439,-0.447084,-1.34125
481,-0.168982,1.22439,-1.34125,-0.447084
2,-1.52084,-1.22439,-1.34125,-1.34125
715,1.18287,0.0,0.447084,-0.447084
51,-0.168982,1.22439,-1.34125,-1.34125
923,1.18287,-1.22439,-1.34125,0.447084
349,-1.52084,1.22439,1.34125,-1.34125
1484,1.18287,1.22439,-0.447084,1.34125
308,0.506946,0.0,0.447084,-1.34125
1648,-0.168982,-1.22439,1.34125,1.34125
1119,-0.168982,0.0,0.447084,0.447084
47,-0.168982,1.22439,-1.34125,-1.34125
376,-0.168982,1.22439,1.34125,-1.34125
697,-0.168982,1.22439,0.447084,-0.447084
1197,-1.52084,0.0,1.34125,0.447084
100,0.506946,1.22439,-1.34125,-1.34125
431,0.506946,1.22439,1.34125,-1.34125
154,-0.168982,1.22439,-0.447084,-1.34125
180,1.18287,1.22439,-0.447084,-1.34125
1404,-1.52084,-1.22439,-0.447084,1.34125
1689,1.18287,0.0,1.34125,1.34125
66,1.18287,0.0,-1.34125,-1.34125
382,1.18287,-1.22439,1.34125,-1.34125
880,-1.52084,0.0,-1.34125,0.447084
477,-0.168982,1.22439,-1.34125,-0.447084
1574,1.18287,-1.22439,0.447084,1.34125
400,1.18287,1.22439,1.34125,-1.34125
397,1.18287,1.22439,1.34125,-1.34125
378,1.18287,-1.22439,1.34125,-1.34125
720,1.18287,1.22439,0.447084,-0.447084
1686,1.18287,0.0,1.34125,1.34125
204,0.506946,0.0,-0.447084,-1.34125
734,0.506946,-1.22439,0.447084,-0.447084
1711,0.506946,0.0,1.34125,1.34125
716,1.18287,0.0,0.447084,-0.447084
952,0.506946,-1.22439,-1.34125,0.447084
265,-0.168982,1.22439,0.447084,-1.34125
1673,-0.168982,1.22439,1.34125,1.34125
1421,-1.52084,0.0,-0.447084,1.34125
1489,0.506946,-1.22439,-0.447084,1.34125
3,-1.52084,-1.22439,-1.34125,-1.34125
1137,1.18287,-1.22439,0.447084,0.447084
829,1.18287,1.22439,1.34125,-0.447084
818,1.18287,-1.22439,1.34125,-0.447084
751,0.506946,1.22439,0.447084,-0.447084
786,-0.168982,-1.22439,1.34125,-0.447084
1345,-0.168982,1.22439,-1.34125,1.34125
1097,-1.52084,0.0,0.447084,0.447084
1396,0.506946,1.22439,-1.34125,1.34125
739,0.506946,0.0,0.447084,-0.447084
835,1.18287,1.22439,1.34125,-0.447084
1041,1.18287,0.0,-0.447084,0.447084
1709,0.506946,-1.22439,1.34125,1.34125
1535,-1.52084,1.22439,0.447084,1.34125
1307,-1.52084,0.0,-1.34125,1.34125
157,-0.168982,1.22439,-0.447084,-1.34125
264,-0.168982,1.22439,0.447084,-1.34125
578,-0.168982,0.0,-0.447084,-0.447084
823,1.18287,0.0,1.34125,-0.447084
1379,0.506946,-1.22439,-1.34125,1.34125
705,1.18287,-1.22439,0.447084,-0.447084
1702,0.506946,-1.22439,1.34125,1.34125
447,-1.52084,0.0,-1.34125,-0.447084
1589,1.18287,1.22439,0.447084,1.34125
1508,0.506946,1.22439,-0.447084,1.34125
109,-1.52084,-1.22439,-0.447084,-1.34125
300,0.506946,-1.22439,0.447084,-1.34125
1623,-1.52084,-1.22439,1.34125,1.34125
1558,-0.168982,1.22439,0.447084,1.34125
73,1.18287,1.22439,-1.34125,-1.34125
1037,1.18287,0.0,-0.447084,0.447084
1208,-1.52084,1.22439,1.34125,0.447084
909,-0.168982,1.22439,-1.34125,0.447084
1233,-0.168982,1.22439,1.34125,0.447084
811,1.18287,-1.22439,1.34125,-0.447084
143,-0.168982,-1.22439,-0.447084,-1.34125
618,1.18287,1.22439,-0.447084,-0.447084
282,1.18287,0.0,0.447084,-1.34125
362,-0.168982,0.0,1.34125,-1.34125
291,1.18287,1.22439,0.447084,-1.34125
793,-0.168982,0.0,1.34125,-0.447084
962,0.506946,0.0,-1.34125,0.447084
1184,0.506946,1.22439,0.447084,0.447084
1487,0.506946,-1.22439,-0.447084,1.34125
150,-0.168982,0.0,-0.447084,-1.34125
121,-1.52084,0.0,-0.447084,-1.34125
518,0.506946,-1.22439,-1.34125,-0.447084
1269,0.506946,-1.22439,1.34125,0.447084
1669,-0.168982,1.22439,1.34125,1.34125
1090,-1.52084,0.0,0.447084,0.447084
773,-1.52084,0.0,1.34125,-0.447084
940,1.18287,1.22439,-1.34125,0.447084
451,-1.52084,1.22439,-1.34125,-0.447084
913,-0.168982,1.22439,-1.34125,0.447084
1436,-0.168982,-1.22439,-0.447084,1.34125
586,-0.168982,1.22439,-0.447084,-0.447084
761,-1.52084,-1.22439,1.34125,-0.447084
1030,1.18287,-1.22439,-0.447084,0.447084
323,0.506946,1.22439,0.447084,-1.34125
567,-0.168982,-1.22439,-0.447084,-0.447084
1366,1.18287,0.0,-1.34125,1.34125
374,-0.168982,1.22439,1.34125,-1.34125
1021,-0.168982,1.22439,-0.447084,0.447084
126,-1.52084,1.22439,-0.447084,-1.34125
1474,1.18287,0.0,-0.447084,1.34125
1717,0.506946,0.0,1.34125,1.34125
1288,0.506946,1.22439,1.34125,0.447084
494,1.18287,-1.22439,-1.34125,-0.447084
30,-0.168982,-1.22439,-1.34125,-1.34125
790,-0.168982,-1.22439,1.34125,-0.447084
911,-0.168982,1.22439,-1.34125,0.447084
1158,1.18287,1.22439,0.447084,0.447084
812,1.18287,-1.22439,1.34125,-0.447084
457,-1.52084,1.22439,-1.34125,-0.447084
1085,-1.52084,-1.22439,0.447084,0.447084
1127,-0.168982,1.22439,0.447084,0.447084
997,-1.52084,1.22439,-0.447084,0.447084
1237,-0.168982,1.22439,1.34125,0.447084
334,-1.52084,0.0,1.34125,-1.34125
238,-1.52084,1.22439,0.447084,-1.34125
474,-0.168982,0.0,-1.34125,-0.447084
260,-0.168982,0.0,0.447084,-1.34125
1375,1.18287,1.22439,-1.34125,1.34125
1109,-0.168982,-1.22439,0.447084,0.447084
76,1.18287,1.22439,-1.34125,-1.34125
662,-1.52084,0.0,0.447084,-0.447084
819,1.18287,0.0,1.34125,-0.447084
843,0.506946,-1.22439,1.34125,-0.447084
336,-1.52084,0.0,1.34125,-1.34125
1027,1.18287,-1.22439,-0.447084,0.447084
1615,0.506946,1.22439,0.447084,1.34125
489,1.18287,-1.22439,-1.34125,-0.447084
1219,-0.168982,-1.22439,1.34125,0.447084
129,-1.52084,1.22439,-0.447084,-1.34125
803,-0.168982,1.22439,1.34125,-0.447084
1644,-1.52084,1.22439,1.34125,1.34125
1408,-1.52084,-1.22439,-0.447084,1.34125
569,-0.168982,-1.22439,-0.447084,-0.447084
158,-0.168982,1.22439,-0.447084,-1.34125
934,1.18287,0.0,-1.34125,0.447084
1040,1.18287,0.0,-0.447084,0.447084
544,-1.52084,-1.22439,-0.447084,-0.447084
572,-0.168982,-1.22439,-0.447084,-0.447084
1392,0.506946,0.0,-1.34125,1.34125
1081,-1.52084,-1.22439,0.447084,0.447084
827,1.18287,0.0,1.34125,-0.447084
1629,-1.52084,0.0,1.34125,1.34125
642,0.506946,1.22439,-0.447084,-0.447084
1515,-1.52084,-1.22439,0.447084,1.34125
148,-0.168982,0.0,-0.447084,-1.34125
1259,1.18287,0.0,1.34125,0.447084
1670,-0.168982,1.22439,1.34125,1.34125
1278,0.506946,0.0,1.34125,0.447084
1153,1.18287,1.22439,0.447084,0.447084
1613,0.506946,1.22439,0.447084,1.34125
1687,1.18287,0.0,1.34125,1.34125
530,0.506946,0.0,-1.34125,-0.447084
754,0.506946,1.22439,0.447084,-0.447084
1169,0.506946,-1.22439,0.447084,0.447084
1626,-1.52084,-1.22439,1.34125,1.34125
1537,-1.52084,1.22439,0.447084,1.34125
1565,-0.168982,1.22439,0.447084,1.34125
1441,-0.168982,0.0,-0.447084,1.34125
1056,0.506946,-1.22439,-0.447084,0.447084
1530,-1.52084,1.22439,0.447084,1.34125
813,1.18287,-1.22439,1.34125,-0.447084
1514,-1.52084,-1.22439,0.447084,1.34125
275,1.18287,-1.22439,0.447084,-1.34125
1661,-0.168982,0.0,1.34125,1.34125
85,0.506946,-1.22439,-1.34125,-1.34125
608,1.18287,0.0,-0.447084,-0.447084
955,0.506946,0.0,-1.34125,0.447084
292,1.18287,1.22439,0.447084,-1.34125
1302,-1.52084,-1.22439,-1.34125,1.34125
1486,0.506946,-1.22439,-0.447084,1.34125
872,-1.52084,-1.22439,-1.34125,0.447084
1425,-1.52084,1.22439,-0.447084,1.34125
354,-0.168982,-1.22439,1.34125,-1.34125
1412,-1.52084,-1.22439,-0.447084,1.34125
169,1.18287,-1.22439,-0.447084,-1.34125
1477,1.18287,1.22439,-0.447084,1.34125
484,-0.168982,1.22439,-1.34125,-0.447084
125,-1.52084,0.0,-0.447084,-1.34125
1384,0.506946,-1.22439,-1.34125,1.34125
1611,0.506946,1.22439,0.447084,1.34125
1419,-1.52084,0.0,-0.447084,1.34125
637,0.506946,0.0,-0.447084,-0.447084
1390,0.506946,0.0,-1.34125,1.34125
746,0.506946,0.0,0.447084,-0.447084
721,1.18287,1.22439,0.447084,-0.447084
1382,0.506946,-1.22439,-1.34125,1.34125
89,0.506946,-1.22439,-1.34125,-1.34125
1501,0.506946,0.0,-0.447084,1.34125
755,0.506946,1.22439,0.447084,-0.447084
1082,-1.52084,-1.22439,0.447084,0.447084
128,-1.52084,1.22439,-0.447084,-1.34125
4,-1.52084,-1.22439,-1.34125,-1.34125
1144,1.18287,0.0,0.447084,0.447084
195,0.506946,-1.22439,-0.447084,-1.34125
562,-1.52084,1.22439,-0.447084,-0.447084
290,1.18287,1.22439,0.447084,-1.34125
856,0.506946,1.22439,1.34125,-0.447084
153,-0.168982,1.22439,-0.447084,-1.34125
1542,-0.168982,-1.22439,0.447084,1.34125
1304,-1.52084,-1.22439,-1.34125,1.34125
310,0.506946,0.0,0.447084,-1.34125
454,-1.52084,1.22439,-1.34125,-0.447084
480,-0.168982,1.22439,-1.34125,-0.447084
496,1.18287,0.0,-1.34125,-0.447084
1149,1.18287,0.0,0.447084,0.447084
1698,1.18287,1.22439,1.34125,1.34125
1203,-1.52084,0.0,1.34125,0.447084
19,-1.52084,1.22439,-1.34125,-1.34125
994,-1.52084,1.22439,-0.447084,0.447084
841,0.506946,-1.22439,1.34125,-0.447084
1457,-0.168982,1.22439,-0.447084,1.34125
202,0.506946,0.0,-0.447084,-1.34125
1582,1.18287,0.0,0.447084,1.34125
1008,-0.168982,0.0,-0.447084,0.447084
585,-0.168982,1.22439,-0.447084,-0.447084
231,-1.52084,0.0,0.447084,-1.34125
1577,1.18287,0.0,0.447084,1.34125
1409,-1.52084,-1.22439,-0.447084,1.34125
1073,0.506946,1.22439,-0.447084,0.447084
801,-0.168982,1.22439,1.34125,-0.447084
789,-0.168982,-1.22439,1.34125,-0.447084
255,-0.168982,0.0,0.447084,-1.34125
983,-1.52084,0.0,-0.447084,0.447084
1690,1.18287,0.0,1.34125,1.34125
1665,-0.168982,1.22439,1.34125,1.34125
820,1.18287,0.0,1.34125,-0.447084
594,1.18287,-1.22439,-0.447084,-0.447084
304,0.506946,-1.22439,0.447084,-1.34125
796,-0.168982,0.0,1.34125,-0.447084
1405,-1.52084,-1.22439,-0.447084,1.34125
1007,-0.168982,-1.22439,-0.447084,0.447084
36,-0.168982,0.0,-1.34125,-1.34125
1050,1.18287,1.22439,-0.447084,0.447084
1505,0.506946,1.22439,-0.447084,1.34125
636,0.506946,0.0,-0.447084,-0.447084
1086,-1.52084,-1.22439,0.447084,0.447084
1402,0.506946,1.22439,-1.34125,1.34125
118,-1.52084,0.0,-0.447084,-1.34125
48,-0.168982,1.22439,-1.34125,-1.34125
415,0.506946,0.0,1.34125,-1.34125
1108,-0.168982,-1.22439,0.447084,0.447084
1016,-0.168982,0.0,-0.447084,0.447084
943,1.18287,1.22439,-1.34125,0.447084
475,-0.168982,0.0,-1.34125,-0.447084
105,0.506946,1.22439,-1.34125,-1.34125
533,0.506946,1.22439,-1.34125,-0.447084
732,0.506946,-1.22439,0.447084,-0.447084
215,0.506946,1.22439,-0.447084,-1.34125
1012,-0.168982,0.0,-0.447084,0.447084
1364,1.18287,0.0,-1.34125,1.34125
1724,0.506946,1.22439,1.34125,1.34125
814,1.18287,-1.22439,1.34125,-0.447084
688,-0.168982,0.0,0.447084,-0.447084
1247,1.18287,-1.22439,1.34125,0.447084
1049,1.18287,1.22439,-0.447084,0.447084
1684,1.18287,0.0,1.34125,1.34125
1272,0.506946,-1.22439,1.34125,0.447084
6,-1.52084,-1.22439,-1.34125,-1.34125
1570,1.18287,-1.22439,0.447084,1.34125
1607,0.506946,0.0,0.447084,1.34125
430,0.506946,1.22439,1.34125,-1.34125
539,0.506946,1.22439,-1.34125,-0.447084
534,0.506946,1.22439,-1.34125,-0.447084
932,1.18287,0.0,-1.34125,0.447084
1360,1.18287,0.0,-1.34125,1.34125
1035,1.18287,0.0,-0.447084,0.447084
1480,1.18287,1.22439,-0.447084,1.34125
1714,0.506946,0.0,1.34125,1.34125
337,-1.52084,0.0,1.34125,-1.34125
828,1.18287,1.22439,1.34125,-0.447084
295,1.18287,1.22439,0.447084,-1.34125
1348,-0.168982,1.22439,-1.34125,1.34125
1151,1.18287,0.0,0.447084,0.447084
711,1.18287,0.0,0.447084,-0.447084
417,0.506946,0.0,1.34125,-1.34125
1519,-1.52084,-1.22439,0.447084,1.34125
951,0.506946,-1.22439,-1.34125,0.447084
699,-0.168982,1.22439,0.447084,-0.447084
778,-1.52084,1.22439,1.34125,-0.447084
441,-1.52084,0.0,-1.34125,-0.447084
1271,0.506946,-1.22439,1.34125,0.447084
894,-0.168982,-1.22439,-1.34125,0.447084
1483,1.18287,1.22439,-0.447084,1.34125
648,-1.52084,-1.22439,0.447084,-0.447084
1453,-0.168982,1.22439,-0.447084,1.34125
1374,1.18287,1.22439,-1.34125,1.34125
1628,-1.52084,-1.22439,1.34125,1.34125
1660,-0.168982,0.0,1.34125,1.34125
1645,-1.52084,1.22439,1.34125,1.34125
583,-0.168982,0.0,-0.447084,-0.447084
522,0.506946,0.0,-1.34125,-0.447084
1316,-1.52084,1.22439,-1.34125,1.34125
1078,0.506946,1.22439,-0.447084,0.447084
1321,-1.52084,1.22439,-1.34125,1.34125
137,-0.168982,-1.22439,-0.447084,-1.34125
867,-1.52084,-1.22439,-1.34125,0.447084
1407,-1.52084,-1.22439,-0.447084,1.34125
1650,-0.168982,-1.22439,1.34125,1.34125
120,-1.52084,0.0,-0.447084,-1.34125
1485,0.506946,-1.22439,-0.447084,1.34125
64,1.18287,0.0,-1.34125,-1.34125
883,-1.52084,1.22439,-1.34125,0.447084
1631,-1.52084,0.0,1.34125,1.34125
1532,-1.52084,1.22439,0.447084,1.34125
695,-0.168982,1.22439,0.447084,-0.447084
730,0.506946,-1.22439,0.447084,-0.447084
1118,-0.168982,0.0,0.447084,0.447084
838,0.506946,-1.22439,1.34125,-0.447084
850,0.506946,0.0,1.34125,-0.447084
414,0.506946,0.0,1.34125,-1.34125
873,-1.52084,0.0,-1.34125,0.447084
964,0.506946,1.22439,-1.34125,0.447084
498,1.18287,0.0,-1.34125,-0.447084
760,-1.52084,-1.22439,1.34125,-0.447084
1063,0.506946,0.0,-0.447084,0.447084
1361,1.18287,0.0,-1.34125,1.34125
1121,-0.168982,0.0,0.447084,0.447084
14,-1.52084,0.0,-1.34125,-1.34125
848,0.506946,0.0,1.34125,-0.447084
1239,-0.168982,1.22439,1.34125,0.447084
597,1.18287,-1.22439,-0.447084,-0.447084
67,1.18287,0.0,-1.34125,-1.34125
1416,-1.52084,0.0,-0.447084,1.34125
1038,1.18287,0.0,-0.447084,0.447084
1287,0.506946,1.22439,1.34125,0.447084
875,-1.52084,0.0,-1.34125,0.447084
744,0.506946,0.0,0.447084,-0.447084
403,1.18287,1.22439,1.34125,-1.34125
879,-1.52084,0.0,-1.34125,0.447084
989,-1.52084,0.0,-0.447084,0.447084
974,-1.52084,-1.22439,-0.447084,0.447084
1456,-0.168982,1.22439,-0.447084,1.34125
1159,1.18287,1.22439,0.447084,0.447084
701,-0.168982,1.22439,0.447084,-0.447084
1087,-1.52084,-1.22439,0.447084,0.447084
1495,0.506946,0.0,-0.447084,1.34125
468,-0.168982,0.0,-1.34125,-0.447084
1198,-1.52084,0.0,1.34125,0.447084
444,-1.52084,0.0,-1.34125,-0.447084
1578,1.18287,0.0,0.447084,1.34125
1275,0.506946,-1.22439,1.34125,0.447084
891,-0.168982,-1.22439,-1.34125,0.447084
866,-1.52084,-1.22439,-1.34125,0.447084
1715,0.506946,0.0,1.34125,1.34125
198,0.506946,0.0,-0.447084,-1.34125
321,0.506946,1.22439,0.447084,-1.34125
1335,-0.168982,0.0,-1.34125,1.34125
450,-1.52084,1.22439,-1.34125,-0.447084
1178,0.506946,0.0,0.447084,0.447084
1326,-0.168982,-1.22439,-1.34125,1.34125
1199,-1.52084,0.0,1.34125,0.447084
394,1.18287,0.0,1.34125,-1.34125
1503,0.506946,1.22439,-0.447084,1.34125
332,-1.52084,-1.22439,1.34125,-1.34125
1191,-1.52084,-1.22439,1.34125,0.447084
1527,-1.52084,0.0,0.447084,1.34125
178,1.18287,0.0,-0.447084,-1.34125
1471,1.18287,0.0,-0.447084,1.34125
244,-0.168982,-1.22439,0.447084,-1.34125
509,1.18287,1.22439,-1.34125,-0.447084
616,1.18287,1.22439,-0.447084,-0.447084
1513,-1.52084,-1.22439,0.447084,1.34125
49,-0.168982,1.22439,-1.34125,-1.34125
972,-1.52084,-1.22439,-0.447084,0.447084
605,1.18287,0.0,-0.447084,-0.447084
188,1.18287,1.22439,-0.447084,-1.34125
1202,-1.52084,0.0,1.34125,0.447084
1359,1.18287,0.0,-1.34125,1.34125
351,-0.168982,-1.22439,1.34125,-1.34125
1270,0.506946,-1.22439,1.34125,0.447084
1356,1.18287,-1.22439,-1.34125,1.34125
1268,1.18287,1.22439,1.34125,0.447084
1305,-1.52084,0.0,-1.34125,1.34125
401,1.18287,1.22439,1.34125,-1.34125
1312,-1.52084,0.0,-1.34125,1.34125
673,-1.52084,1.22439,0.447084,-0.447084
675,-0.168982,-1.22439,0.447084,-0.447084
1029,1.18287,-1.22439,-0.447084,0.447084
854,0.506946,0.0,1.34125,-0.447084
690,-0.168982,0.0,0.447084,-0.447084
1042,1.18287,0.0,-0.447084,0.447084
1330,-0.168982,-1.22439,-1.34125,1.34125
504,1.18287,1.22439,-1.34125,-0.447084
134,-1.52084,1.22439,-0.447084,-1.34125
1257,1.18287,0.0,1.34125,0.447084
639,0.506946,1.22439,-0.447084,-0.447084
719,1.18287,0.0,0.447084,-0.447084
809,-0.168982,1.22439,1.34125,-0.447084
1556,-0.168982,0.0,0.447084,1.34125
807,-0.168982,1.22439,1.34125,-0.447084
392,1.18287,0.0,1.34125,-1.34125
35,-0.168982,-1.22439,-1.34125,-1.34125
532,0.506946,1.22439,-1.34125,-0.447084
681,-0.168982,-1.22439,0.447084,-0.447084
177,1.18287,0.0,-0.447084,-1.34125
1047,1.18287,1.22439,-0.447084,0.447084
1685,1.18287,0.0,1.34125,1.34125
16,-1.52084,0.0,-1.34125,-1.34125
714,1.18287,0.0,0.447084,-0.447084
1437,-0.168982,-1.22439,-0.447084,1.34125
767,-1.52084,0.0,1.34125,-0.447084
306,0.506946,0.0,0.447084,-1.34125
595,1.18287,-1.22439,-0.447084,-0.447084
217,-1.52084,-1.22439,0.447084,-1.34125
1255,1.18287,0.0,1.34125,0.447084
902,-0.168982,0.0,-1.34125,0.447084
15,-1.52084,0.0,-1.34125,-1.34125
960,0.506946,0.0,-1.34125,0.447084
770,-1.52084,0.0,1.34125,-0.447084
1299,-1.52084,-1.22439,-1.34125,1.34125
358,-0.168982,-1.22439,1.34125,-1.34125
389,1.18287,0.0,1.34125,-1.34125
159,-0.168982,1.22439,-0.447084,-1.34125
1280,0.506946,0.0,1.34125,0.447084
1136,1.18287,-1.22439,0.447084,0.447084
172,1.18287,0.0,-0.447084,-1.34125
1189,-1.52084,-1.22439,1.34125,0.447084
261,-0.168982,1.22439,0.447084,-1.34125
1180,0.506946,1.22439,0.447084,0.447084
620,1.18287,1.22439,-0.447084,-0.447084
1560,-0.168982,1.22439,0.447084,1.34125
1380,0.506946,-1.22439,-1.34125,1.34125
1005,-0.168982,-1.22439,-0.447084,0.447084
1467,1.18287,0.0,-0.447084,1.34125
39,-0.168982,0.0,-1.34125,-1.34125
70,1.18287,0.0,-1.34125,-1.34125
1592,1.18287,1.22439,0.447084,1.34125
1083,-1.52084,-1.22439,0.447084,0.447084
1624,-1.52084,-1.22439,1.34125,1.34125
379,1.18287,-1.22439,1.34125,-1.34125
1564,-0.168982,1.22439,0.447084,1.34125
672,-1.52084,1.22439,0.447084,-0.447084
266,-0.168982,1.22439,0.447084,-1.34125
472,-0.168982,0.0,-1.34125,-0.447084
954,0.506946,0.0,-1.34125,0.447084
864,-1.52084,-1.22439,-1.34125,0.447084
680,-0.168982,-1.22439,0.447084,-0.447084
555,-1.52084,0.0,-0.447084,-0.447084
794,-0.168982,0.0,1.34125,-0.447084
1455,-0.168982,1.22439,-0.447084,1.34125
1194,-1.52084,-1.22439,1.34125,0.447084
1612,0.506946,1.22439,0.447084,1.34125
592,-0.168982,1.22439,-0.447084,-0.447084
830,1.18287,1.22439,1.34125,-0.447084
1099,-1.52084,1.22439,0.447084,0.447084
1524,-1.52084,0.0,0.447084,1.34125
386,1.18287,-1.22439,1.34125,-1.34125
1313,-1.52084,0.0,-1.34125,1.34125
1164,0.506946,-1.22439,0.447084,0.447084
1719,0.506946,1.22439,1.34125,1.34125
832,1.18287,1.22439,1.34125,-0.447084
1221,-0.168982,-1.22439,1.34125,0.447084
22,-1.52084,1.22439,-1.34125,-1.34125
1499,0.506946,0.0,-0.447084,1.34125
1427,-1.52084,1.22439,-0.447084,1.34125
1476,1.18287,1.22439,-0.447084,1.34125
80,1.18287,1.22439,-1.34125,-1.34125
114,-1.52084,-1.22439,-0.447084,-1.34125
209,0.506946,1.22439,-0.447084,-1.34125
1430,-1.52084,1.22439,-0.447084,1.34125
1641,-1.52084,1.22439,1.34125,1.34125
1295,0.506946,1.22439,1.34125,0.447084
1654,-0.168982,-1.22439,1.34125,1.34125
1091,-1.52084,0.0,0.447084,0.447084
1010,-0.168982,0.0,-0.447084,0.447084
1310,-1.52084,0.0,-1.34125,1.34125
1355,1.18287,-1.22439,-1.34125,1.34125
342,-1.52084,1.22439,1.34125,-1.34125
1446,-0.168982,0.0,-0.447084,1.34125
123,-1.52084,0.0,-0.447084,-1.34125
60,1.18287,-1.22439,-1.34125,-1.34125
836,1.18287,1.22439,1.34125,-0.447084
1447,-0.168982,0.0,-0.447084,1.34125
582,-0.168982,0.0,-0.447084,-0.447084
416,0.506946,0.0,1.34125,-1.34125
490,1.18287,-1.22439,-1.34125,-0.447084
156,-0.168982,1.22439,-0.447084,-1.34125
1704,0.506946,-1.22439,1.34125,1.34125
548,-1.52084,-1.22439,-0.447084,-0.447084
900,-0.168982,0.0,-1.34125,0.447084
205,0.506946,0.0,-0.447084,-1.34125
587,-0.168982,1.22439,-0.447084,-0.447084
542,-1.52084,-1.22439,-0.447084,-0.447084
1238,-0.168982,1.22439,1.34125,0.447084
1024,-0.168982,1.22439,-0.447084,0.447084
1229,-0.168982,0.0,1.34125,0.447084
1449,-0.168982,1.22439,-0.447084,1.34125
1263,1.18287,1.22439,1.34125,0.447084
359,-0.168982,-1.22439,1.34125,-1.34125
992,-1.52084,1.22439,-0.447084,0.447084
1576,1.18287,0.0,0.447084,1.34125
175,1.18287,0.0,-0.447084,-1.34125
574,-0.168982,-1.22439,-0.447084,-0.447084
724,1.18287,1.22439,0.447084,-0.447084
837,0.506946,-1.22439,1.34125,-0.447084
750,0.506946,1.22439,0.447084,-0.447084
903,-0.168982,0.0,-1.34125,0.447084
194,0.506946,-1.22439,-0.447084,-1.34125
88,0.506946,-1.22439,-1.34125,-1.34125
181,1.18287,1.22439,-0.447084,-1.34125
381,1.18287,-1.22439,1.34125,-1.34125
863,0.506946,1.22439,1.34125,-0.447084
1461,1.18287,-1.22439,-0.447084,1.34125
1059,0.506946,-1.22439,-0.447084,0.447084
307,0.506946,0.0,0.447084,-1.34125
1609,0.506946,0.0,0.447084,1.34125
327,-1.52084,-1.22439,1.34125,-1.34125
505,1.18287,1.22439,-1.34125,-0.447084
1616,0.506946,1.22439,0.447084,1.34125
1647,-0.168982,-1.22439,1.34125,1.34125
45,-0.168982,1.22439,-1.34125,-1.34125
1187,0.506946,1.22439,0.447084,0.447084
168,1.18287,-1.22439,-0.447084,-1.34125
568,-0.168982,-1.22439,-0.447084,-0.447084
1102,-1.52084,1.22439,0.447084,0.447084
1370,1.18287,1.22439,-1.34125,1.34125
356,-0.168982,-1.22439,1.34125,-1.34125
1706,0.506946,-1.22439,1.34125,1.34125
655,-1.52084,-1.22439,0.447084,-0.447084
1230,-0.168982,0.0,1.34125,0.447084
554,-1.52084,0.0,-0.447084,-0.447084
1350,1.18287,-1.22439,-1.34125,1.34125
1722,0.506946,1.22439,1.34125,1.34125
427,0.506946,1.22439,1.34125,-1.34125
115,-1.52084,-1.22439,-0.447084,-1.34125
331,-1.52084,-1.22439,1.34125,-1.34125
802,-0.168982,1.22439,1.34125,-0.447084
122,-1.52084,0.0,-0.447084,-1.34125
1642,-1.52084,1.22439,1.34125,1.34125
1075,0.506946,1.22439,-0.447084,0.447084
712,1.18287,0.0,0.447084,-0.447084
1143,1.18287,0.0,0.447084,0.447084
1224,-0.168982,0.0,1.34125,0.447084
1726,0.506946,1.22439,1.34125,1.34125
912,-0.168982,1.22439,-1.34125,0.447084
240,-1.52084,1.22439,0.447084,-1.34125
1588,1.18287,1.22439,0.447084,1.34125
543,-1.52084,-1.22439,-0.447084,-0.447084
166,1.18287,-1.22439,-0.447084,-1.34125
1045,1.18287,1.22439,-0.447084,0.447084
1397,0.506946,1.22439,-1.34125,1.34125
368,-0.168982,0.0,1.34125,-1.34125
559,-1.52084,1.22439,-0.447084,-0.447084
1092,-1.52084,0.0,0.447084,0.447084
13,-1.52084,0.0,-1.34125,-1.34125
971,0.506946,1.22439,-1.34125,0.447084
795,-0.168982,0.0,1.34125,-0.447084
488,1.18287,-1.22439,-1.34125,-0.447084
1470,1.18287,0.0,-0.447084,1.34125
853,0.506946,0.0,1.34125,-0.447084
227,-1.52084,0.0,0.447084,-1.34125
199,0.506946,0.0,-0.447084,-1.34125
1068,0.506946,0.0,-0.447084,0.447084
1107,-0.168982,-1.22439,0.447084,0.447084
256,-0.168982,0.0,0.447084,-1.34125
792,-0.168982,0.0,1.34125,-0.447084
507,1.18287,1.22439,-1.34125,-0.447084
1463,1.18287,-1.22439,-0.447084,1.34125
210,0.506946,1.22439,-0.447084,-1.34125
136,-0.168982,-1.22439,-0.447084,-1.34125
927,1.18287,0.0,-1.34125,0.447084
740,0.506946,0.0,0.447084,-0.447084
133,-1.52084,1.22439,-0.447084,-1.34125
924,1.18287,-1.22439,-1.34125,0.447084
317,0.506946,1.22439,0.447084,-1.34125
1061,0.506946,-1.22439,-0.447084,0.447084
710,1.18287,-1.22439,0.447084,-0.447084
968,0.506946,1.22439,-1.34125,0.447084
1473,1.18287,0.0,-0.447084,1.34125
1671,-0.168982,1.22439,1.34125,1.34125
831,1.18287,1.22439,1.34125,-0.447084
622,0.506946,-1.22439,-0.447084,-0.447084
436,-1.52084,-1.22439,-1.34125,-0.447084
1492,0.506946,-1.22439,-0.447084,1.34125
17,-1.52084,0.0,-1.34125,-1.34125
787,-0.168982,-1.22439,1.34125,-0.447084
1596,0.506946,-1.22439,0.447084,1.34125
33,-0.168982,-1.22439,-1.34125,-1.34125
262,-0.168982,1.22439,0.447084,-1.34125
461,-0.168982,-1.22439,-1.34125,-0.447084
1411,-1.52084,-1.22439,-0.447084,1.34125
929,1.18287,0.0,-1.34125,0.447084
274,1.18287,-1.22439,0.447084,-1.34125
1216,-0.168982,-1.22439,1.34125,0.447084
1279,0.506946,0.0,1.34125,0.447084
253,-0.168982,0.0,0.447084,-1.34125
885,-1.52084,1.22439,-1.34125,0.447084
1451,-0.168982,1.22439,-0.447084,1.34125
1511,0.506946,1.22439,-0.447084,1.34125
1672,-0.168982,1.22439,1.34125,1.34125
1162,0.506946,-1.22439,0.447084,0.447084
1051,1.18287,1.22439,-0.447084,0.447084
979,-1.52084,-1.22439,-0.447084,0.447084
418,0.506946,0.0,1.34125,-1.34125
615,1.18287,1.22439,-0.447084,-0.447084
1241,-0.168982,1.22439,1.34125,0.447084
1156,1.18287,1.22439,0.447084,0.447084
289,1.18287,1.22439,0.447084,-1.34125
1581,1.18287,0.0,0.447084,1.34125
959,0.506946,0.0,-1.34125,0.447084
1554,-0.168982,0.0,0.447084,1.34125
23,-1.52084,1.22439,-1.34125,-1.34125
777,-1.52084,1.22439,1.34125,-0.447084
1025,-0.168982,1.22439,-0.447084,0.447084
1017,-0.168982,1.22439,-0.447084,0.447084
1697,1.18287,1.22439,1.34125,1.34125
1428,-1.52084,1.22439,-0.447084,1.34125
102,0.506946,1.22439,-1.34125,-1.34125
1705,0.506946,-1.22439,1.34125,1.34125
43,-0.168982,0.0,-1.34125,-1.34125
588,-0.168982,1.22439,-0.447084,-0.447084
1072,0.506946,1.22439,-0.447084,0.447084
396,1.18287,1.22439,1.34125,-1.34125
28,-0.168982,-1.22439,-1.34125,-1.34125
235,-1.52084,1.22439,0.447084,-1.34125
1637,-1.52084,0.0,1.34125,1.34125
225,-1.52084,0.0,0.447084,-1.34125
84,0.506946,-1.22439,-1.34125,-1.34125
1215,-0.168982,-1.22439,1.34125,0.447084
1561,-0.168982,1.22439,0.447084,1.34125
908,-0.168982,0.0,-1.34125,0.447084
537,0.506946,1.22439,-1.34125,-0.447084
1551,-0.168982,0.0,0.447084,1.34125
1336,-0.168982,0.0,-1.34125,1.34125
341,-1.52084,0.0,1.34125,-1.34125
1538,-1.52084,1.22439,0.447084,1.34125
147,-0.168982,0.0,-0.447084,-1.34125
224,-1.52084,-1.22439,0.447084,-1.34125
816,1.18287,-1.22439,1.34125,-0.447084
155,-0.168982,1.22439,-0.447084,-1.34125
1154,1.18287,1.22439,0.447084,0.447084
684,-0.168982,0.0,0.447084,-0.447084
550,-1.52084,0.0,-0.447084,-0.447084
1460,1.18287,-1.22439,-0.447084,1.34125
1643,-1.52084,1.22439,1.34125,1.34125
664,-1.52084,0.0,0.447084,-0.447084
546,-1.52084,-1.22439,-0.447084,-0.447084
757,-1.52084,-1.22439,1.34125,-0.447084
1602,0.506946,0.0,0.447084,1.34125
566,-1.52084,1.22439,-0.447084,-0.447084
1117,-0.168982,0.0,0.447084,0.447084
565,-1.52084,1.22439,-0.447084,-0.447084
784,-0.168982,-1.22439,1.34125,-0.447084
780,-1.52084,1.22439,1.34125,-0.447084
907,-0.168982,0.0,-1.34125,0.447084
1195,-1.52084,-1.22439,1.34125,0.447084
1130,-0.168982,1.22439,0.447084,0.447084
183,1.18287,1.22439,-0.447084,-1.34125
1267,1.18287,1.22439,1.34125,0.447084
904,-0.168982,0.0,-1.34125,0.447084
1417,-1.52084,0.0,-0.447084,1.34125
782,-1.52084,1.22439,1.34125,-0.447084
1545,-0.168982,-1.22439,0.447084,1.34125
545,-1.52084,-1.22439,-0.447084,-0.447084
1094,-1.52084,0.0,0.447084,0.447084
937,1.18287,1.22439,-1.34125,0.447084
1587,1.18287,1.22439,0.447084,1.34125
201,0.506946,0.0,-0.447084,-1.34125
1218,-0.168982,-1.22439,1.34125,0.447084
1227,-0.168982,0.0,1.34125,0.447084
1303,-1.52084,-1.22439,-1.34125,1.34125
558,-1.52084,1.22439,-0.447084,-0.447084
245,-0.168982,-1.22439,0.447084,-1.34125
5,-1.52084,-1.22439,-1.34125,-1.34125
110,-1.52084,-1.22439,-0.447084,-1.34125
656,-1.52084,-1.22439,0.447084,-0.447084
1723,0.506946,1.22439,1.34125,1.34125
1261,1.18287,1.22439,1.34125,0.447084
654,-1.52084,-1.22439,0.447084,-0.447084
1721,0.506946,1.22439,1.34125,1.34125
946,0.506946,-1.22439,-1.34125,0.447084
961,0.506946,0.0,-1.34125,0.447084
160,-0.168982,1.22439,-0.447084,-1.34125
357,-0.168982,-1.22439,1.34125,-1.34125
633,0.506946,0.0,-0.447084,-0.447084
93,0.506946,0.0,-1.34125,-1.34125
221,-1.52084,-1.22439,0.447084,-1.34125
706,1.18287,-1.22439,0.447084,-0.447084
419,0.506946,0.0,1.34125,-1.34125
725,1.18287,1.22439,0.447084,-0.447084
369,-0.168982,1.22439,1.34125,-1.34125
1046,1.18287,1.22439,-0.447084,0.447084
448,-1.52084,0.0,-1.34125,-0.447084
152,-0.168982,0.0,-0.447084,-1.34125
1580,1.18287,0.0,0.447084,1.34125
987,-1.52084,0.0,-0.447084,0.447084
288,1.18287,1.22439,0.447084,-1.34125
1365,1.18287,0.0,-1.34125,1.34125
629,0.506946,-1.22439,-0.447084,-0.447084
1725,0.506946,1.22439,1.34125,1.34125
485,-0.168982,1.22439,-1.34125,-0.447084
769,-1.52084,0.0,1.34125,-0.447084
21,-1.52084,1.22439,-1.34125,-1.34125
1071,0.506946,1.22439,-0.447084,0.447084
20,-1.52084,1.22439,-1.34125,-1.34125
1491,0.506946,-1.22439,-0.447084,1.34125
1077,0.506946,1.22439,-0.447084,0.447084
352,-0.168982,-1.22439,1.34125,-1.34125
993,-1.52084,1.22439,-0.447084,0.447084
483,-0.168982,1.22439,-1.34125,-0.447084
92,0.506946,0.0,-1.34125,-1.34125
980,-1.52084,-1.22439,-0.447084,0.447084
279,1.18287,0.0,0.447084,-1.34125
1065,0.506946,0.0,-0.447084,0.447084
844,0.506946,-1.22439,1.34125,-0.447084
1171,0.506946,0.0,0.447084,0.447084
727,1.18287,1.22439,0.447084,-0.447084
1223,-0.168982,-1.22439,1.34125,0.447084
897,-0.168982,-1.22439,-1.34125,0.447084
846,0.506946,0.0,1.34125,-0.447084
311,0.506946,0.0,0.447084,-1.34125
501,1.18287,0.0,-1.34125,-0.447084
192,0.506946,-1.22439,-0.447084,-1.34125
842,0.506946,-1.22439,1.34125,-0.447084
628,0.506946,-1.22439,-0.447084,-0.447084
991,-1.52084,1.22439,-0.447084,0.447084
1699,1.18287,1.22439,1.34125,1.34125
42,-0.168982,0.0,-1.34125,-1.34125
881,-1.52084,0.0,-1.34125,0.447084
804,-0.168982,1.22439,1.34125,-0.447084
765,-1.52084,0.0,1.34125,-0.447084
756,-1.52084,-1.22439,1.34125,-0.447084
1548,-0.168982,0.0,0.447084,1.34125
704,1.18287,-1.22439,0.447084,-0.447084
1464,1.18287,-1.22439,-0.447084,1.34125
564,-1.52084,1.22439,-0.447084,-0.447084
1386,0.506946,0.0,-1.34125,1.34125
1014,-0.168982,0.0,-0.447084,0.447084
527,0.506946,0.0,-1.34125,-0.447084
1433,-0.168982,-1.22439,-0.447084,1.34125
657,-1.52084,0.0,0.447084,-0.447084
1469,1.18287,0.0,-0.447084,1.34125
219,-1.52084,-1.22439,0.447084,-1.34125
1044,1.18287,1.22439,-0.447084,0.447084
958,0.506946,0.0,-1.34125,0.447084
423,0.506946,1.22439,1.34125,-1.34125
187,1.18287,1.22439,-0.447084,-1.34125
1,-1.52084,-1.22439,-1.34125,-1.34125
479,-0.168982,1.22439,-1.34125,-0.447084
524,0.506946,0.0,-1.34125,-0.447084
1300,-1.52084,-1.22439,-1.34125,1.34125
988,-1.52084,0.0,-0.447084,0.447084
140,-0.168982,-1.22439,-0.447084,-1.34125
797,-0.168982,0.0,1.34125,-0.447084
686,-0.168982,0.0,0.447084,-0.447084
216,-1.52084,-1.22439,0.447084,-1.34125
1095,-1.52084,0.0,0.447084,0.447084
1691,1.18287,0.0,1.34125,1.34125
749,0.506946,1.22439,0.447084,-0.447084
1328,-0.168982,-1.22439,-1.34125,1.34125
1340,-0.168982,0.0,-1.34125,1.34125
763,-1.52084,-1.22439,1.34125,-0.447084
1347,-0.168982,1.22439,-1.34125,1.34125
839,0.506946,-1.22439,1.34125,-0.447084
1621,-1.52084,-1.22439,1.34125,1.34125
1006,-0.168982,-1.22439,-0.447084,0.447084
432,-1.52084,-1.22439,-1.34125,-0.447084
825,1.18287,0.0,1.34125,-0.447084
1681,1.18287,-1.22439,1.34125,1.34125
1161,0.506946,-1.22439,0.447084,0.447084
495,1.18287,0.0,-1.34125,-0.447084
1450,-0.168982,1.22439,-0.447084,1.34125
371,-0.168982,1.22439,1.34125,-1.34125
876,-1.52084,0.0,-1.34125,0.447084
742,0.506946,0.0,0.447084,-0.447084
1242,1.18287,-1.22439,1.34125,0.447084
571,-0.168982,-1.22439,-0.447084,-0.447084
1116,-0.168982,0.0,0.447084,0.447084
517,0.506946,-1.22439,-1.34125,-0.447084
1212,-1.52084,1.22439,1.34125,0.447084
529,0.506946,0.0,-1.34125,-0.447084
1682,1.18287,-1.22439,1.34125,1.34125
1572,1.18287,-1.22439,0.447084,1.34125
139,-0.168982,-1.22439,-0.447084,-1.34125
526,0.506946,0.0,-1.34125,-0.447084
1562,-0.168982,1.22439,0.447084,1.34125
800,-0.168982,0.0,1.34125,-0.447084
1031,1.18287,-1.22439,-0.447084,0.447084
520,0.506946,-1.22439,-1.34125,-0.447084
1172,0.506946,0.0,0.447084,0.447084
1444,-0.168982,0.0,-0.447084,1.34125
693,-0.168982,1.22439,0.447084,-0.447084
733,0.506946,-1.22439,0.447084,-0.447084
1668,-0.168982,1.22439,1.34125,1.34125
375,-0.168982,1.22439,1.34125,-1.34125
97,0.506946,0.0,-1.34125,-1.34125
1277,0.506946,-1.22439,1.34125,0.447084
1601,0.506946,-1.22439,0.447084,1.34125
7,-1.52084,-1.22439,-1.34125,-1.34125
250,-0.168982,-1.22439,0.447084,-1.34125
1132,-0.168982,1.22439,0.447084,0.447084
570,-0.168982,-1.22439,-0.447084,-0.447084
1712,0.506946,0.0,1.34125,1.34125
1646,-1.52084,1.22439,1.34125,1.34125
1371,1.18287,1.22439,-1.34125,1.34125
741,0.506946,0.0,0.447084,-0.447084
340,-1.52084,0.0,1.34125,-1.34125
309,0.506946,0.0,0.447084,-1.34125
302,0.506946,-1.22439,0.447084,-1.34125
1314,-1.52084,1.22439,-1.34125,1.34125
1410,-1.52084,-1.22439,-0.447084,1.34125
910,-0.168982,1.22439,-1.34125,0.447084
223,-1.52084,-1.22439,0.447084,-1.34125
722,1.18287,1.22439,0.447084,-0.447084
1591,1.18287,1.22439,0.447084,1.34125
928,1.18287,0.0,-1.34125,0.447084
613,1.18287,1.22439,-0.447084,-0.447084
1023,-0.168982,1.22439,-0.447084,0.447084
1459,1.18287,-1.22439,-0.447084,1.34125
1114,-0.168982,-1.22439,0.447084,0.447084
658,-1.52084,0.0,0.447084,-0.447084
772,-1.52084,0.0,1.34125,-0.447084
849,0.506946,0.0,1.34125,-0.447084
1001,-0.168982,-1.22439,-0.447084,0.447084
895,-0.168982,-1.22439,-1.34125,0.447084
1231,-0.168982,0.0,1.34125,0.447084
68,1.18287,0.0,-1.34125,-1.34125
1604,0.506946,0.0,0.447084,1.34125
1445,-0.168982,0.0,-0.447084,1.34125
791,-0.168982,-1.22439,1.34125,-0.447084
1141,1.18287,-1.22439,0.447084,0.447084
1353,1.18287,-1.22439,-1.34125,1.34125
200,0.506946,0.0,-0.447084,-1.34125
1633,-1.52084,0.0,1.34125,1.34125
1018,-0.168982,1.22439,-0.447084,0.447084
246,-0.168982,-1.22439,0.447084,-1.34125
1253,1.18287,0.0,1.34125,0.447084
606,1.18287,0.0,-0.447084,-0.447084
1258,1.18287,0.0,1.34125,0.447084
442,-1.52084,0.0,-1.34125,-0.447084
499,1.18287,0.0,-1.34125,-0.447084
1186,0.506946,1.22439,0.447084,0.447084
887,-1.52084,1.22439,-1.34125,0.447084
945,0.506946,-1.22439,-1.34125,0.447084
62,1.18287,-1.22439,-1.34125,-1.34125
1619,0.506946,1.22439,0.447084,1.34125
1500,0.506946,0.0,-0.447084,1.34125
805,-0.168982,1.22439,1.34125,-0.447084
316,0.506946,1.22439,0.447084,-1.34125
1679,1.18287,-1.22439,1.34125,1.34125
437,-1.52084,-1.22439,-1.34125,-0.447084
723,1.18287,1.22439,0.447084,-0.447084
1145,1.18287,0.0,0.447084,0.447084
106,0.506946,1.22439,-1.34125,-1.34125
1595,0.506946,-1.22439,0.447084,1.34125
1517,-1.52084,-1.22439,0.447084,1.34125
294,1.18287,1.22439,0.447084,-1.34125
218,-1.52084,-1.22439,0.447084,-1.34125
95,0.506946,0.0,-1.34125,-1.34125
948,0.506946,-1.22439,-1.34125,0.447084
973,-1.52084,-1.22439,-0.447084,0.447084
99,0.506946,1.22439,-1.34125,-1.34125
176,1.18287,0.0,-0.447084,-1.34125
541,-1.52084,-1.22439,-0.447084,-0.447084
632,0.506946,0.0,-0.447084,-0.447084
611,1.18287,0.0,-0.447084,-0.447084
1440,-0.168982,0.0,-0.447084,1.34125
1163,0.506946,-1.22439,0.447084,0.447084
1039,1.18287,0.0,-0.447084,0.447084
438,-1.52084,-1.22439,-1.34125,-0.447084
335,-1.52084,0.0,1.34125,-1.34125
1598,0.506946,-1.22439,0.447084,1.34125
277,1.18287,-1.22439,0.447084,-1.34125
1205,-1.52084,0.0,1.34125,0.447084
708,1.18287,-1.22439,0.447084,-0.447084
1399,0.506946,1.22439,-1.34125,1.34125
1448,-0.168982,0.0,-0.447084,1.34125
1176,0.506946,0.0,0.447084,0.447084
1606,0.506946,0.0,0.447084,1.34125
1282,0.506946,0.0,1.34125,0.447084
251,-0.168982,-1.22439,0.447084,-1.34125
935,1.18287,0.0,-1.34125,0.447084
1066,0.506946,0.0,-0.447084,0.447084
353,-0.168982,-1.22439,1.34125,-1.34125
117,-1.52084,0.0,-0.447084,-1.34125
124,-1.52084,0.0,-0.447084,-1.34125
610,1.18287,0.0,-0.447084,-0.447084
1496,0.506946,0.0,-0.447084,1.34125
1166,0.506946,-1.22439,0.447084,0.447084
650,-1.52084,-1.22439,0.447084,-0.447084
1393,0.506946,0.0,-1.34125,1.34125
1250,1.18287,-1.22439,1.34125,0.447084
826,1.18287,0.0,1.34125,-0.447084
1309,-1.52084,0.0,-1.34125,1.34125
131,-1.52084,1.22439,-0.447084,-1.34125
1506,0.506946,1.22439,-0.447084,1.34125
821,1.18287,0.0,1.34125,-0.447084
1585,1.18287,1.22439,0.447084,1.34125
1053,0.506946,-1.22439,-0.447084,0.447084
1583,1.18287,0.0,0.447084,1.34125
141,-0.168982,-1.22439,-0.447084,-1.34125
1089,-1.52084,0.0,0.447084,0.447084
383,1.18287,-1.22439,1.34125,-1.34125
869,-1.52084,-1.22439,-1.34125,0.447084
303,0.506946,-1.22439,0.447084,-1.34125
557,-1.52084,0.0,-0.447084,-0.447084
211,0.506946,1.22439,-0.447084,-1.34125
344,-1.52084,1.22439,1.34125,-1.34125
185,1.18287,1.22439,-0.447084,-1.34125
717,1.18287,0.0,0.447084,-0.447084
625,0.506946,-1.22439,-0.447084,-0.447084
1429,-1.52084,1.22439,-0.447084,1.34125
1468,1.18287,0.0,-0.447084,1.34125
1522,-1.52084,0.0,0.447084,1.34125
860,0.506946,1.22439,1.34125,-0.447084
1133,-0.168982,1.22439,0.447084,0.447084
576,-0.168982,0.0,-0.447084,-0.447084
247,-0.168982,-1.22439,0.447084,-1.34125
516,0.506946,-1.22439,-1.34125,-0.447084
32,-0.168982,-1.22439,-1.34125,-1.34125
1696,1.18287,1.22439,1.34125,1.34125
691,-0.168982,0.0,0.447084,-0.447084
1301,-1.52084,-1.22439,-1.34125,1.34125
1325,-0.168982,-1.22439,-1.34125,1.34125
439,-1.52084,-1.22439,-1.34125,-0.447084
478,-0.168982,1.22439,-1.34125,-0.447084
798,-0.168982,0.0,1.34125,-0.447084
1265,1.18287,1.22439,1.34125,0.447084
1196,-1.52084,-1.22439,1.34125,0.447084
1529,-1.52084,0.0,0.447084,1.34125
1352,1.18287,-1.22439,-1.34125,1.34125
692,-0.168982,0.0,0.447084,-0.447084
619,1.18287,1.22439,-0.447084,-0.447084
284,1.18287,0.0,0.447084,-1.34125
861,0.506946,1.22439,1.34125,-0.447084
184,1.18287,1.22439,-0.447084,-1.34125
446,-1.52084,0.0,-1.34125,-0.447084
1488,0.506946,-1.22439,-0.447084,1.34125
338,-1.52084,0.0,1.34125,-1.34125
1363,1.18287,0.0,-1.34125,1.34125
584,-0.168982,0.0,-0.447084,-0.447084
1069,0.506946,0.0,-0.447084,0.447084
1128,-0.168982,1.22439,0.447084,0.447084
243,-0.168982,-1.22439,0.447084,-1.34125
407,0.506946,-1.22439,1.34125,-1.34125
808,-0.168982,1.22439,1.34125,-0.447084
315,0.506946,1.22439,0.447084,-1.34125
50,-0.168982,1.22439,-1.34125,-1.34125
270,1.18287,-1.22439,0.447084,-1.34125
258,-0.168982,0.0,0.447084,-1.34125
668,-1.52084,1.22439,0.447084,-0.447084
788,-0.168982,-1.22439,1.34125,-0.447084
71,1.18287,0.0,-1.34125,-1.34125
370,-0.168982,1.22439,1.34125,-1.34125
222,-1.52084,-1.22439,0.447084,-1.34125
1579,1.18287,0.0,0.447084,1.34125
600,1.18287,-1.22439,-0.447084,-0.447084
1389,0.506946,0.0,-1.34125,1.34125
10,-1.52084,0.0,-1.34125,-1.34125
132,-1.52084,1.22439,-0.447084,-1.34125
579,-0.168982,0.0,-0.447084,-0.447084
1098,-1.52084,1.22439,0.447084,0.447084
956,0.506946,0.0,-1.34125,0.447084
922,1.18287,-1.22439,-1.34125,0.447084
950,0.506946,-1.22439,-1.34125,0.447084
512,1.18287,1.22439,-1.34125,-0.447084
1567,1.18287,-1.22439,0.447084,1.34125
1381,0.506946,-1.22439,-1.34125,1.34125
1155,1.18287,1.22439,0.447084,0.447084
232,-1.52084,0.0,0.447084,-1.34125
817,1.18287,-1.22439,1.34125,-0.447084
612,1.18287,1.22439,-0.447084,-0.447084
165,1.18287,-1.22439,-0.447084,-1.34125
893,-0.168982,-1.22439,-1.34125,0.447084
1557,-0.168982,1.22439,0.447084,1.34125
1458,1.18287,-1.22439,-0.447084,1.34125
471,-0.168982,0.0,-1.34125,-0.447084
659,-1.52084,0.0,0.447084,-0.447084
975,-1.52084,-1.22439,-0.447084,0.447084
1507,0.506946,1.22439,-0.447084,1.34125
1251,1.18287,0.0,1.34125,0.447084
996,-1.52084,1.22439,-0.447084,0.447084
1193,-1.52084,-1.22439,1.34125,0.447084
676,-0.168982,-1.22439,0.447084,-0.447084
1004,-0.168982,-1.22439,-0.447084,0.447084
1547,-0.168982,-1.22439,0.447084,1.34125
995,-1.52084,1.22439,-0.447084,0.447084
1192,-1.52084,-1.22439,1.34125,0.447084
82,0.506946,-1.22439,-1.34125,-1.34125
1026,1.18287,-1.22439,-0.447084,0.447084
1625,-1.52084,-1.22439,1.34125,1.34125
151,-0.168982,0.0,-0.447084,-1.34125
230,-1.52084,0.0,0.447084,-1.34125
1052,1.18287,1.22439,-0.447084,0.447084
1062,0.506946,0.0,-0.447084,0.447084
234,-1.52084,1.22439,0.447084,-1.34125
452,-1.52084,1.22439,-1.34125,-0.447084
1395,0.506946,1.22439,-1.34125,1.34125
456,-1.52084,1.22439,-1.34125,-0.447084
581,-0.168982,0.0,-0.447084,-0.447084
1103,-1.52084,1.22439,0.447084,0.447084
1334,-0.168982,0.0,-1.34125,1.34125
737,0.506946,-1.22439,0.447084,-0.447084
482,-0.168982,1.22439,-1.34125,-0.447084
241,-1.52084,1.22439,0.447084,-1.34125
1424,-1.52084,1.22439,-0.447084,1.34125
1222,-0.168982,-1.22439,1.34125,0.447084
523,0.506946,0.0,-1.34125,-0.447084
31,-0.168982,-1.22439,-1.34125,-1.34125
313,0.506946,0.0,0.447084,-1.34125
1716,0.506946,0.0,1.34125,1.34125
1003,-0.168982,-1.22439,-0.447084,0.447084
643,0.506946,1.22439,-0.447084,-0.447084
1540,-0.168982,-1.22439,0.447084,1.34125
1391,0.506946,0.0,-1.34125,1.34125
775,-1.52084,1.22439,1.34125,-0.447084
1550,-0.168982,0.0,0.447084,1.34125
1338,-0.168982,0.0,-1.34125,1.34125
834,1.18287,1.22439,1.34125,-0.447084
936,1.18287,1.22439,-1.34125,0.447084
976,-1.52084,-1.22439,-0.447084,0.447084
196,0.506946,-1.22439,-0.447084,-1.34125
1088,-1.52084,-1.22439,0.447084,0.447084
506,1.18287,1.22439,-1.34125,-0.447084
8,-1.52084,-1.22439,-1.34125,-1.34125
1432,-0.168982,-1.22439,-0.447084,1.34125
1610,0.506946,0.0,0.447084,1.34125
1677,1.18287,-1.22439,1.34125,1.34125
1260,1.18287,1.22439,1.34125,0.447084
702,1.18287,-1.22439,0.447084,-0.447084
1617,0.506946,1.22439,0.447084,1.34125
1113,-0.168982,-1.22439,0.447084,0.447084
1652,-0.168982,-1.22439,1.34125,1.34125
1727,0.506946,1.22439,1.34125,1.34125
609,1.18287,0.0,-0.447084,-0.447084
330,-1.52084,-1.22439,1.34125,-1.34125
324,-1.52084,-1.22439,1.34125,-1.34125
707,1.18287,-1.22439,0.447084,-0.447084
1694,1.18287,1.22439,1.34125,1.34125
752,0.506946,1.22439,0.447084,-0.447084
1079,0.506946,1.22439,-0.447084,0.447084
299,0.506946,-1.22439,0.447084,-1.34125
1256,1.18287,0.0,1.34125,0.447084
551,-1.52084,0.0,-0.447084,-0.447084
179,1.18287,0.0,-0.447084,-1.34125
360,-0.168982,0.0,1.34125,-1.34125
1048,1.18287,1.22439,-0.447084,0.447084
1000,-0.168982,-1.22439,-0.447084,0.447084
986,-1.52084,0.0,-0.447084,0.447084
63,1.18287,0.0,-1.34125,-1.34125
59,1.18287,-1.22439,-1.34125,-1.34125
373,-0.168982,1.22439,1.34125,-1.34125
1111,-0.168982,-1.22439,0.447084,0.447084
1228,-0.168982,0.0,1.34125,0.447084
1135,1.18287,-1.22439,0.447084,0.447084
598,1.18287,-1.22439,-0.447084,-0.447084
1627,-1.52084,-1.22439,1.34125,1.34125
1597,0.506946,-1.22439,0.447084,1.34125
957,0.506946,0.0,-1.34125,0.447084
459,-0.168982,-1.22439,-1.34125,-0.447084
845,0.506946,-1.22439,1.34125,-0.447084
405,0.506946,-1.22439,1.34125,-1.34125
1638,-1.52084,1.22439,1.34125,1.34125
698,-0.168982,1.22439,0.447084,-0.447084
644,0.506946,1.22439,-0.447084,-0.447084
395,1.18287,0.0,1.34125,-1.34125
1058,0.506946,-1.22439,-0.447084,0.447084
248,-0.168982,-1.22439,0.447084,-1.34125
104,0.506946,1.22439,-1.34125,-1.34125
731,0.506946,-1.22439,0.447084,-0.447084
1240,-0.168982,1.22439,1.34125,0.447084
385,1.18287,-1.22439,1.34125,-1.34125
1367,1.18287,0.0,-1.34125,1.34125
1422,-1.52084,1.22439,-0.447084,1.34125
322,0.506946,1.22439,0.447084,-1.34125
1599,0.506946,-1.22439,0.447084,1.34125
667,-1.52084,1.22439,0.447084,-0.447084
1678,1.18287,-1.22439,1.34125,1.34125
1110,-0.168982,-1.22439,0.447084,0.447084
1438,-0.168982,-1.22439,-0.447084,1.34125
1289,0.506946,1.22439,1.34125,0.447084
683,-0.168982,-1.22439,0.447084,-0.447084
1276,0.506946,-1.22439,1.34125,0.447084
144,-0.168982,0.0,-0.447084,-1.34125
538,0.506946,1.22439,-1.34125,-0.447084
77,1.18287,1.22439,-1.34125,-1.34125
679,-0.168982,-1.22439,0.447084,-0.447084
163,1.18287,-1.22439,-0.447084,-1.34125
1403,0.506946,1.22439,-1.34125,1.34125
384,1.18287,-1.22439,1.34125,-1.34125
774,-1.52084,1.22439,1.34125,-0.447084
272,1.18287,-1.22439,0.447084,-1.34125
283,1.18287,0.0,0.447084,-1.34125
1639,-1.52084,1.22439,1.34125,1.34125
94,0.506946,0.0,-1.34125,-1.34125
1555,-0.168982,0.0,0.447084,1.34125
409,0.506946,-1.22439,1.34125,-1.34125
364,-0.168982,0.0,1.34125,-1.34125
1657,-0.168982,0.0,1.34125,1.34125
914,-0.168982,1.22439,-1.34125,0.447084
981,-1.52084,0.0,-0.447084,0.447084
112,-1.52084,-1.22439,-0.447084,-1.34125
412,0.506946,-1.22439,1.34125,-1.34125
1292,0.506946,1.22439,1.34125,0.447084
645,0.506946,1.22439,-0.447084,-0.447084
1571,1.18287,-1.22439,0.447084,1.34125
476,-0.168982,0.0,-1.34125,-0.447084
709,1.18287,-1.22439,0.447084,-0.447084
1232,-0.168982,0.0,1.34125,0.447084
1536,-1.52084,1.22439,0.447084,1.34125
1124,-0.168982,0.0,0.447084,0.447084
870,-1.52084,-1.22439,-1.34125,0.447084
1226,-0.168982,0.0,1.34125,0.447084
37,-0.168982,0.0,-1.34125,-1.34125
1549,-0.168982,0.0,0.447084,1.34125
1245,1.18287,-1.22439,1.34125,0.447084
1516,-1.52084,-1.22439,0.447084,1.34125
920,1.18287,-1.22439,-1.34125,0.447084
510,1.18287,1.22439,-1.34125,-0.447084
925,1.18287,-1.22439,-1.34125,0.447084
627,0.506946,-1.22439,-0.447084,-0.447084
1675,1.18287,-1.22439,1.34125,1.34125
56,1.18287,-1.22439,-1.34125,-1.34125
614,1.18287,1.22439,-0.447084,-0.447084
411,0.506946,-1.22439,1.34125,-1.34125
213,0.506946,1.22439,-0.447084,-1.34125
1339,-0.168982,0.0,-1.34125,1.34125
886,-1.52084,1.22439,-1.34125,0.447084
905,-0.168982,0.0,-1.34125,0.447084
1015,-0.168982,0.0,-0.447084,0.447084
424,0.506946,1.22439,1.34125,-1.34125
1308,-1.52084,0.0,-1.34125,1.34125
1584,1.18287,1.22439,0.447084,1.34125
278,1.18287,-1.22439,0.447084,-1.34125
57,1.18287,-1.22439,-1.34125,-1.34125
1254,1.18287,0.0,1.34125,0.447084
984,-1.52084,0.0,-0.447084,0.447084
970,0.506946,1.22439,-1.34125,0.447084
420,0.506946,0.0,1.34125,-1.34125
1656,-0.168982,0.0,1.34125,1.34125
26,-1.52084,1.22439,-1.34125,-1.34125
810,1.18287,-1.22439,1.34125,-0.447084
101,0.506946,1.22439,-1.34125,-1.34125
1520,-1.52084,-1.22439,0.447084,1.34125
1217,-0.168982,-1.22439,1.34125,0.447084
1462,1.18287,-1.22439,-0.447084,1.34125
1526,-1.52084,0.0,0.447084,1.34125
1032,1.18287,-1.22439,-0.447084,0.447084
764,-1.52084,-1.22439,1.34125,-0.447084
580,-0.168982,0.0,-0.447084,-0.447084
865,-1.52084,-1.22439,-1.34125,0.447084
1622,-1.52084,-1.22439,1.34125,1.34125
591,-0.168982,1.22439,-0.447084,-0.447084
1605,0.506946,0.0,0.447084,1.34125
519,0.506946,-1.22439,-1.34125,-0.447084
1009,-0.168982,0.0,-0.447084,0.447084
249,-0.168982,-1.22439,0.447084,-1.34125
1306,-1.52084,0.0,-1.34125,1.34125
607,1.18287,0.0,-0.447084,-0.447084
1225,-0.168982,0.0,1.34125,0.447084
226,-1.52084,0.0,0.447084,-1.34125
1377,0.506946,-1.22439,-1.34125,1.34125
1368,1.18287,1.22439,-1.34125,1.34125
1022,-0.168982,1.22439,-0.447084,0.447084
1318,-1.52084,1.22439,-1.34125,1.34125
391,1.18287,0.0,1.34125,-1.34125
1220,-0.168982,-1.22439,1.34125,0.447084
24,-1.52084,1.22439,-1.34125,-1.34125
393,1.18287,0.0,1.34125,-1.34125
1434,-0.168982,-1.22439,-0.447084,1.34125
186,1.18287,1.22439,-0.447084,-1.34125
69,1.18287,0.0,-1.34125,-1.34125
1600,0.506946,-1.22439,0.447084,1.34125
938,1.18287,1.22439,-1.34125,0.447084
1285,0.506946,0.0,1.34125,0.447084
1210,-1.52084,1.22439,1.34125,0.447084
536,0.506946,1.22439,-1.34125,-0.447084
236,-1.52084,1.22439,0.447084,-1.34125
107,0.506946,1.22439,-1.34125,-1.34125
268,-0.168982,1.22439,0.447084,-1.34125
703,1.18287,-1.22439,0.447084,-0.447084
1452,-0.168982,1.22439,-0.447084,1.34125
525,0.506946,0.0,-1.34125,-0.447084
896,-0.168982,-1.22439,-1.34125,0.447084
1383,0.506946,-1.22439,-1.34125,1.34125
366,-0.168982,0.0,1.34125,-1.34125
1426,-1.52084,1.22439,-0.447084,1.34125
1568,1.18287,-1.22439,0.447084,1.34125
81,0.506946,-1.22439,-1.34125,-1.34125
1211,-1.52084,1.22439,1.34125,0.447084
329,-1.52084,-1.22439,1.34125,-1.34125
372,-0.168982,1.22439,1.34125,-1.34125
1319,-1.52084,1.22439,-1.34125,1.34125
815,1.18287,-1.22439,1.34125,-0.447084
713,1.18287,0.0,0.447084,-0.447084
969,0.506946,1.22439,-1.34125,0.447084
296,1.18287,1.22439,0.447084,-1.34125
1603,0.506946,0.0,0.447084,1.34125
293,1.18287,1.22439,0.447084,-1.34125
333,-1.52084,0.0,1.34125,-1.34125
781,-1.52084,1.22439,1.34125,-0.447084
53,-0.168982,1.22439,-1.34125,-1.34125
1283,0.506946,0.0,1.34125,0.447084
890,-1.52084,1.22439,-1.34125,0.447084
41,-0.168982,0.0,-1.34125,-1.34125
1209,-1.52084,1.22439,1.34125,0.447084
1281,0.506946,0.0,1.34125,0.447084
768,-1.52084,0.0,1.34125,-0.447084
1423,-1.52084,1.22439,-0.447084,1.34125
1695,1.18287,1.22439,1.34125,1.34125
1593,0.506946,-1.22439,0.447084,1.34125
874,-1.52084,0.0,-1.34125,0.447084
1472,1.18287,0.0,-0.447084,1.34125
531,0.506946,1.22439,-1.34125,-0.447084
857,0.506946,1.22439,1.34125,-0.447084
428,0.506946,1.22439,1.34125,-1.34125
1666,-0.168982,1.22439,1.34125,1.34125
549,-1.52084,0.0,-0.447084,-0.447084
1490,0.506946,-1.22439,-0.447084,1.34125
901,-0.168982,0.0,-1.34125,0.447084
1497,0.506946,0.0,-0.447084,1.34125
377,-0.168982,1.22439,1.34125,-1.34125
1435,-0.168982,-1.22439,-0.447084,1.34125
1054,0.506946,-1.22439,-0.447084,0.447084
1640,-1.52084,1.22439,1.34125,1.34125
1179,0.506946,1.22439,0.447084,0.447084
933,1.18287,0.0,-1.34125,0.447084
718,1.18287,0.0,0.447084,-0.447084
1655,-0.168982,-1.22439,1.34125,1.34125
286,1.18287,0.0,0.447084,-1.34125
363,-0.168982,0.0,1.34125,-1.34125
736,0.506946,-1.22439,0.447084,-0.447084
326,-1.52084,-1.22439,1.34125,-1.34125
497,1.18287,0.0,-1.34125,-0.447084
647,0.506946,1.22439,-0.447084,-0.447084
233,-1.52084,0.0,0.447084,-1.34125
1357,1.18287,-1.22439,-1.34125,1.34125
1057,0.506946,-1.22439,-0.447084,0.447084
1466,1.18287,-1.22439,-0.447084,1.34125
466,-0.168982,-1.22439,-1.34125,-0.447084
190,0.506946,-1.22439,-0.447084,-1.34125
1157,1.18287,1.22439,0.447084,0.447084
1284,0.506946,0.0,1.34125,0.447084
1378,0.506946,-1.22439,-1.34125,1.34125
1150,1.18287,0.0,0.447084,0.447084
1323,-0.168982,-1.22439,-1.34125,1.34125
1362,1.18287,0.0,-1.34125,1.34125
1523,-1.52084,0.0,0.447084,1.34125
762,-1.52084,-1.22439,1.34125,-0.447084
1541,-0.168982,-1.22439,0.447084,1.34125
1246,1.18287,-1.22439,1.34125,0.447084
91,0.506946,0.0,-1.34125,-1.34125
1293,0.506946,1.22439,1.34125,0.447084
743,0.506946,0.0,0.447084,-0.447084
947,0.506946,-1.22439,-1.34125,0.447084
766,-1.52084,0.0,1.34125,-0.447084
593,-0.168982,1.22439,-0.447084,-0.447084
1512,-1.52084,-1.22439,0.447084,1.34125
1692,1.18287,1.22439,1.34125,1.34125
390,1.18287,0.0,1.34125,-1.34125
641,0.506946,1.22439,-0.447084,-0.447084
1100,-1.52084,1.22439,0.447084,0.447084
86,0.506946,-1.22439,-1.34125,-1.34125
1674,1.18287,-1.22439,1.34125,1.34125
25,-1.52084,1.22439,-1.34125,-1.34125
1700,1.18287,1.22439,1.34125,1.34125
