77,-1.86652
2131,0.965424
1908,0.965424
1029,0.0214443
282,-1.86652
338,-0.922536
1677,0.965424
1566,0.965424
625,0.0214443
1580,0.965424
1243,0.0214443
288,-1.86652
368,-0.922536
47,-1.86652
1051,0.0214443
534,-0.922536
1833,0.965424
575,-0.922536
1489,0.965424
664,0.0214443
1830,0.965424
1428,0.965424
1899,0.965424
1117,0.0214443
2190,0.965424
1445,0.965424
1264,0.0214443
2026,0.965424
363,-0.922536
1957,0.965424
1893,0.965424
1244,0.0214443
1413,0.965424
949,0.0214443
1892,0.965424
1693,0.965424
1964,0.965424
1695,0.965424
1141,0.0214443
666,0.0214443
1960,0.965424
1996,0.965424
56,-1.86652
904,0.0214443
1402,0.965424
1147,0.0214443
1347,0.965424
14,-1.86652
1649,0.965424
1375,0.965424
1617,0.965424
1731,0.965424
423,-0.922536
1976,0.965424
2020,0.965424
1721,0.965424
536,-0.922536
1827,0.965424
411,-0.922536
300,-1.86652
769,0.0214443
149,-1.86652
1013,0.0214443
868,0.0214443
453,-0.922536
1194,0.0214443
370,-0.922536
345,-0.922536
119,-1.86652
2085,0.965424
1044,0.0214443
508,-0.922536
1479,0.965424
1313,0.0214443
1910,0.965424
249,-1.86652
863,0.0214443
2030,0.965424
1963,0.965424
1956,0.965424
2178,0.965424
1684,0.965424
1570,0.965424
1103,0.0214443
1468,0.965424
180,-1.86652
2009,0.965424
515,-0.922536
1078,0.0214443
1998,0.965424
1086,0.0214443
372,-0.922536
775,0.0214443
1809,0.965424
773,0.0214443
2037,0.965424
217,-1.86652
448,-0.922536
2072,0.965424
505,-0.922536
917,0.0214443
800,0.0214443
731,0.0214443
1412,0.965424
1021,0.0214443
1254,0.0214443
1638,0.965424
49,-1.86652
1692,0.965424
830,0.0214443
1632,0.965424
1530,0.965424
891,0.0214443
1355,0.965424
1805,0.965424
1582,0.965424
504,-0.922536
147,-1.86652
714,0.0214443
472,-0.922536
912,0.0214443
898,0.0214443
190,-1.86652
1455,0.965424
808,0.0214443
422,-0.922536
438,-0.922536
1748,0.965424
440,-0.922536
1198,0.0214443
2154,0.965424
947,0.0214443
333,-0.922536
1623,0.965424
1206,0.0214443
970,0.0214443
1339,0.965424
1474,0.965424
1015,0.0214443
25,-1.86652
1758,0.965424
1473,0.965424
2179,0.965424
45,-1.86652
603,-0.922536
826,0.0214443
1338,0.965424
157,-1.86652
1167,0.0214443
1898,0.965424
1981,0.965424
1100,0.0214443
2138,0.965424
988,0.0214443
340,-0.922536
1435,0.965424
992,0.0214443
1794,0.965424
934,0.0214443
1411,0.965424
1257,0.0214443
81,-1.86652
371,-0.922536
1356,0.965424
1583,0.965424
565,-0.922536
1766,0.965424
1253,0.0214443
710,0.0214443
1725,0.965424
50,-1.86652
1548,0.965424
365,-0.922536
1826,0.965424
59,-1.86652
391,-0.922536
674,0.0214443
679,0.0214443
998,0.0214443
1742,0.965424
852,0.0214443
1097,0.0214443
511,-0.922536
1073,0.0214443
1144,0.0214443
2083,0.965424
1299,0.0214443
2130,0.965424
1862,0.965424
1885,0.965424
442,-0.922536
1869,0.965424
993,0.0214443
2080,0.965424
1377,0.965424
299,-1.86652
1997,0.965424
486,-0.922536
1905,0.965424
73,-1.86652
685,0.0214443
746,0.0214443
961,0.0214443
1572,0.965424
690,0.0214443
1763,0.965424
1166,0.0214443
668,0.0214443
1982,0.965424
38,-1.86652
1219,0.0214443
1597,0.965424
676,0.0214443
711,0.0214443
750,0.0214443
1610,0.965424
1644,0.965424
1026,0.0214443
526,-0.922536
1268,0.0214443
2183,0.965424
1418,0.965424
1003,0.0214443
1333,0.965424
1860,0.965424
173,-1.86652
1332,0.965424
2014,0.965424
1025,0.0214443
1944,0.965424
446,-0.922536
1118,0.0214443
971,0.0214443
1978,0.965424
1099,0.0214443
809,0.0214443
1551,0.965424
1803,0.965424
915,0.0214443
1755,0.965424
2047,0.965424
1924,0.965424
1252,0.0214443
754,0.0214443
1320,0.965424
1839,0.965424
224,-1.86652
1,-1.86652
791,0.0214443
1534,0.965424
1884,0.965424
1662,0.965424
414,-0.922536
1767,0.965424
1153,0.0214443
811,0.0214443
1009,0.0214443
327,-0.922536
1796,0.965424
648,0.0214443
182,-1.86652
1123,0.0214443
1343,0.965424
2182,0.965424
1120,0.0214443
1374,0.965424
445,-0.922536
74,-1.86652
1979,0.965424
83,-1.86652
1348,0.965424
66,-1.86652
925,0.0214443
1357,0.965424
1935,0.965424
2034,0.965424
1390,0.965424
647,0.0214443
220,-1.86652
1563,0.965424
2016,0.965424
394,-0.922536
681,0.0214443
1553,0.965424
28,-1.86652
1446,0.965424
1675,0.965424
2064,0.965424
2157,0.965424
997,0.0214443
160,-1.86652
1595,0.965424
1213,0.0214443
1329,0.965424
1046,0.0214443
324,-1.86652
1256,0.0214443
1405,0.965424
1007,0.0214443
1469,0.965424
1016,0.0214443
1452,0.965424
166,-1.86652
1248,0.0214443
1576,0.965424
1427,0.965424
1683,0.965424
80,-1.86652
329,-0.922536
843,0.0214443
2095,0.965424
832,0.0214443
935,0.0214443
671,0.0214443
91,-1.86652
67,-1.86652
284,-1.86652
384,-0.922536
176,-1.86652
317,-1.86652
475,-0.922536
2067,0.965424
974,0.0214443
857,0.0214443
1901,0.965424
618,0.0214443
290,-1.86652
1722,0.965424
362,-0.922536
1882,0.965424
878,0.0214443
2139,0.965424
1744,0.965424
712,0.0214443
1063,0.0214443
1975,0.965424
1627,0.965424
1437,0.965424
184,-1.86652
1537,0.965424
381,-0.922536
659,0.0214443
752,0.0214443
1179,0.0214443
2025,0.965424
1601,0.965424
487,-0.922536
245,-1.86652
1055,0.0214443
1819,0.965424
1358,0.965424
1404,0.965424
1151,0.0214443
1557,0.965424
1169,0.0214443
1228,0.0214443
1525,0.965424
1732,0.965424
1378,0.965424
531,-0.922536
1873,0.965424
1751,0.965424
1949,0.965424
604,-0.922536
1822,0.965424
286,-1.86652
1707,0.965424
1106,0.0214443
823,0.0214443
1091,0.0214443
1773,0.965424
944,0.0214443
764,0.0214443
1084,0.0214443
2177,0.965424
1863,0.965424
1985,0.965424
123,-1.86652
1734,0.965424
1894,0.965424
1160,0.0214443
1686,0.965424
2148,0.965424
1298,0.0214443
529,-0.922536
1280,0.0214443
198,-1.86652
1710,0.965424
382,-0.922536
1672,0.965424
1782,0.965424
1640,0.965424
1193,0.0214443
1741,0.965424
669,0.0214443
2045,0.965424
1439,0.965424
748,0.0214443
1532,0.965424
328,-0.922536
2144,0.965424
1041,0.0214443
1753,0.965424
18,-1.86652
1131,0.0214443
1904,0.965424
2187,0.965424
1818,0.965424
305,-1.86652
209,-1.86652
696,0.0214443
2088,0.965424
550,-0.922536
1943,0.965424
1443,0.965424
1226,0.0214443
567,-0.922536
1953,0.965424
678,0.0214443
1817,0.965424
1424,0.965424
318,-1.86652
207,-1.86652
506,-0.922536
1367,0.965424
1987,0.965424
1928,0.965424
1626,0.965424
577,-0.922536
1297,0.0214443
1465,0.965424
755,0.0214443
1124,0.0214443
1848,0.965424
1291,0.0214443
1400,0.965424
1730,0.965424
2093,0.965424
973,0.0214443
822,0.0214443
633,0.0214443
713,0.0214443
1746,0.965424
493,-0.922536
161,-1.86652
114,-1.86652
31,-1.86652
1018,0.0214443
1293,0.0214443
1285,0.0214443
533,-0.922536
1385,0.965424
943,0.0214443
641,0.0214443
1811,0.965424
1221,0.0214443
133,-1.86652
1911,0.965424
148,-1.86652
2101,0.965424
884,0.0214443
1403,0.965424
760,0.0214443
2079,0.965424
1148,0.0214443
1851,0.965424
436,-0.922536
1042,0.0214443
15,-1.86652
213,-1.86652
1733,0.965424
1344,0.965424
1808,0.965424
86,-1.86652
1926,0.965424
1057,0.0214443
1047,0.0214443
717,0.0214443
34,-1.86652
569,-0.922536
856,0.0214443
501,-0.922536
895,0.0214443
1478,0.965424
761,0.0214443
549,-0.922536
1054,0.0214443
2006,0.965424
127,-1.86652
1845,0.965424
387,-0.922536
1543,0.965424
389,-0.922536
283,-1.86652
1381,0.965424
844,0.0214443
1165,0.0214443
356,-0.922536
1702,0.965424
996,0.0214443
1706,0.965424
1211,0.0214443
1382,0.965424
2038,0.965424
1569,0.965424
2197,0.965424
959,0.0214443
1271,0.0214443
816,0.0214443
231,-1.86652
758,0.0214443
264,-1.86652
383,-0.922536
275,-1.86652
126,-1.86652
1087,0.0214443
417,-0.922536
250,-1.86652
1497,0.965424
2022,0.965424
2094,0.965424
297,-1.86652
522,-0.922536
1225,0.0214443
1890,0.965424
278,-1.86652
1593,0.965424
609,-0.922536
1159,0.0214443
631,0.0214443
738,0.0214443
1604,0.965424
1933,0.965424
1555,0.965424
646,0.0214443
1663,0.965424
2188,0.965424
693,0.0214443
1948,0.965424
995,0.0214443
280,-1.86652
1315,0.0214443
202,-1.86652
403,-0.922536
1850,0.965424
819,0.0214443
787,0.0214443
48,-1.86652
61,-1.86652
560,-0.922536
2039,0.965424
1517,0.965424
2200,0.965424
279,-1.86652
553,-0.922536
204,-1.86652
1164,0.0214443
1942,0.965424
985,0.0214443
918,0.0214443
2127,0.965424
1920,0.965424
741,0.0214443
476,-0.922536
2186,0.965424
1195,0.0214443
314,-1.86652
1023,0.0214443
171,-1.86652
921,0.0214443
146,-1.86652
1813,0.965424
118,-1.86652
1462,0.965424
1528,0.965424
1024,0.0214443
1496,0.965424
966,0.0214443
1093,0.0214443
29,-1.86652
185,-1.86652
63,-1.86652
129,-1.86652
1406,0.965424
1136,0.0214443
1270,0.0214443
2140,0.965424
1688,0.965424
466,-0.922536
1875,0.965424
89,-1.86652
1874,0.965424
1612,0.965424
1669,0.965424
762,0.0214443
1538,0.965424
2066,0.965424
779,0.0214443
1302,0.0214443
573,-0.922536
2108,0.965424
400,-0.922536
523,-0.922536
1227,0.0214443
1486,0.965424
2180,0.965424
1550,0.965424
1295,0.0214443
170,-1.86652
354,-0.922536
409,-0.922536
2135,0.965424
922,0.0214443
1125,0.0214443
1717,0.965424
730,0.0214443
691,0.0214443
44,-1.86652
1760,0.965424
2015,0.965424
1961,0.965424
1821,0.965424
1643,0.965424
158,-1.86652
1205,0.0214443
1449,0.965424
1080,0.0214443
656,0.0214443
1393,0.965424
1622,0.965424
1674,0.965424
1765,0.965424
253,-1.86652
110,-1.86652
375,-0.922536
578,-0.922536
1259,0.0214443
437,-0.922536
871,0.0214443
1505,0.965424
1330,0.965424
1191,0.0214443
1784,0.965424
861,0.0214443
1900,0.965424
1934,0.965424
611,0.0214443
1231,0.0214443
444,-0.922536
1276,0.0214443
1877,0.965424
121,-1.86652
420,-0.922536
1262,0.0214443
1670,0.965424
247,-1.86652
1653,0.965424
1477,0.965424
1200,0.0214443
1832,0.965424
1847,0.965424
1028,0.0214443
1886,0.965424
1503,0.965424
162,-1.86652
977,0.0214443
525,-0.922536
855,0.0214443
1371,0.965424
1207,0.0214443
1493,0.965424
1190,0.0214443
1526,0.965424
222,-1.86652
229,-1.86652
1380,0.965424
879,0.0214443
2167,0.965424
343,-0.922536
228,-1.86652
1245,0.0214443
36,-1.86652
2017,0.965424
552,-0.922536
2086,0.965424
1937,0.965424
1314,0.0214443
115,-1.86652
139,-1.86652
111,-1.86652
165,-1.86652
16,-1.86652
1000,0.0214443
469,-0.922536
2128,0.965424
1880,0.965424
551,-0.922536
135,-1.86652
1681,0.965424
903,0.0214443
1247,0.0214443
419,-0.922536
1560,0.965424
108,-1.86652
1977,0.965424
1066,0.0214443
610,0.0214443
178,-1.86652
2146,0.965424
1993,0.965424
2049,0.965424
1514,0.965424
1092,0.0214443
1384,0.965424
457,-0.922536
225,-1.86652
1448,0.965424
2159,0.965424
1075,0.0214443
461,-0.922536
1966,0.965424
1158,0.0214443
1642,0.965424
2136,0.965424
1282,0.0214443
1613,0.965424
1430,0.965424
1433,0.965424
825,0.0214443
558,-0.922536
254,-1.86652
1994,0.965424
75,-1.86652
1930,0.965424
2151,0.965424
747,0.0214443
546,-0.922536
2090,0.965424
1668,0.965424
2060,0.965424
807,0.0214443
175,-1.86652
751,0.0214443
424,-0.922536
801,0.0214443
307,-1.86652
1546,0.965424
2035,0.965424
2065,0.965424
1709,0.965424
913,0.0214443
192,-1.86652
1410,0.965424
570,-0.922536
1294,0.0214443
456,-0.922536
1423,0.965424
263,-1.86652
1909,0.965424
1006,0.0214443
2063,0.965424
821,0.0214443
620,0.0214443
1463,0.965424
1540,0.965424
26,-1.86652
734,0.0214443
53,-1.86652
380,-0.922536
196,-1.86652
658,0.0214443
1673,0.965424
117,-1.86652
1664,0.965424
78,-1.86652
251,-1.86652
1216,0.0214443
2109,0.965424
1527,0.965424
673,0.0214443
1625,0.965424
818,0.0214443
1687,0.965424
860,0.0214443
1779,0.965424
261,-1.86652
257,-1.86652
1599,0.965424
1855,0.965424
447,-0.922536
1857,0.965424
1565,0.965424
1618,0.965424
2122,0.965424
1138,0.0214443
1788,0.965424
872,0.0214443
1678,0.965424
337,-0.922536
2198,0.965424
390,-0.922536
930,0.0214443
874,0.0214443
896,0.0214443
2070,0.965424
2021,0.965424
1785,0.965424
4,-1.86652
853,0.0214443
1888,0.965424
1273,0.0214443
1558,0.965424
214,-1.86652
1715,0.965424
1641,0.965424
936,0.0214443
1941,0.965424
1053,0.0214443
399,-0.922536
582,-0.922536
617,0.0214443
2124,0.965424
304,-1.86652
2103,0.965424
2099,0.965424
1781,0.965424
1815,0.965424
2123,0.965424
292,-1.86652
2172,0.965424
517,-0.922536
1932,0.965424
1450,0.965424
799,0.0214443
2165,0.965424
1738,0.965424
1646,0.965424
657,0.0214443
877,0.0214443
833,0.0214443
101,-1.86652
1667,0.965424
953,0.0214443
1533,0.965424
689,0.0214443
840,0.0214443
845,0.0214443
1921,0.965424
1178,0.0214443
1547,0.965424
858,0.0214443
1495,0.965424
1973,0.965424
1887,0.965424
1040,0.0214443
886,0.0214443
806,0.0214443
483,-0.922536
88,-1.86652
1487,0.965424
1621,0.965424
1386,0.965424
2106,0.965424
230,-1.86652
599,-0.922536
2174,0.965424
357,-0.922536
1017,0.0214443
572,-0.922536
379,-0.922536
2023,0.965424
2007,0.965424
1814,0.965424
51,-1.86652
1387,0.965424
17,-1.86652
899,0.0214443
2117,0.965424
169,-1.86652
1795,0.965424
1481,0.965424
1629,0.965424
1824,0.965424
2055,0.965424
1777,0.965424
366,-0.922536
1036,0.0214443
1761,0.965424
1436,0.965424
507,-0.922536
888,0.0214443
2069,0.965424
306,-1.86652
1172,0.0214443
1321,0.965424
1867,0.965424
736,0.0214443
827,0.0214443
1705,0.965424
24,-1.86652
1897,0.965424
1027,0.0214443
1639,0.965424
1762,0.965424
824,0.0214443
2046,0.965424
1454,0.965424
1568,0.965424
269,-1.86652
2170,0.965424
2087,0.965424
1628,0.965424
497,-0.922536
1263,0.0214443
2145,0.965424
242,-1.86652
1111,0.0214443
1429,0.965424
597,-0.922536
378,-0.922536
2142,0.965424
705,0.0214443
939,0.0214443
1990,0.965424
309,-1.86652
1630,0.965424
1743,0.965424
227,-1.86652
1199,0.0214443
1249,0.0214443
211,-1.86652
219,-1.86652
1835,0.965424
237,-1.86652
1718,0.965424
1373,0.965424
215,-1.86652
112,-1.86652
1980,0.965424
706,0.0214443
1891,0.965424
1600,0.965424
341,-0.922536
1541,0.965424
151,-1.86652
2196,0.965424
42,-1.86652
1512,0.965424
39,-1.86652
1797,0.965424
990,0.0214443
430,-0.922536
1609,0.965424
1239,0.0214443
1391,0.965424
637,0.0214443
1234,0.0214443
1349,0.965424
584,-0.922536
1636,0.965424
1950,0.965424
1395,0.965424
1360,0.965424
781,0.0214443
235,-1.86652
1654,0.965424
1241,0.0214443
2056,0.965424
1365,0.965424
1925,0.965424
2,-1.86652
1591,0.965424
635,0.0214443
1635,0.965424
586,-0.922536
13,-1.86652
76,-1.86652
1002,0.0214443
1778,0.965424
527,-0.922536
1518,0.965424
697,0.0214443
1914,0.965424
187,-1.86652
952,0.0214443
940,0.0214443
64,-1.86652
289,-1.86652
1432,0.965424
1947,0.965424
715,0.0214443
1740,0.965424
90,-1.86652
1658,0.965424
1045,0.0214443
652,0.0214443
1561,0.965424
1723,0.965424
707,0.0214443
1951,0.965424
1704,0.965424
1319,0.965424
737,0.0214443
1218,0.0214443
364,-0.922536
767,0.0214443
5,-1.86652
1069,0.0214443
336,-0.922536
1931,0.965424
315,-1.86652
1287,0.0214443
785,0.0214443
981,0.0214443
141,-1.86652
909,0.0214443
489,-0.922536
99,-1.86652
1173,0.0214443
1605,0.965424
740,0.0214443
976,0.0214443
2013,0.965424
221,-1.86652
2105,0.965424
2158,0.965424
1962,0.965424
1776,0.965424
1916,0.965424
331,-0.922536
2040,0.965424
405,-0.922536
1750,0.965424
1488,0.965424
1019,0.0214443
836,0.0214443
316,-1.86652
851,0.0214443
2073,0.965424
854,0.0214443
902,0.0214443
588,-0.922536
789,0.0214443
1939,0.965424
102,-1.86652
1286,0.0214443
709,0.0214443
2050,0.965424
479,-0.922536
1680,0.965424
159,-1.86652
1311,0.0214443
1840,0.965424
1397,0.965424
1499,0.965424
142,-1.86652
262,-1.86652
1708,0.965424
492,-0.922536
1208,0.0214443
1067,0.0214443
948,0.0214443
1716,0.965424
543,-0.922536
272,-1.86652
1829,0.965424
1215,0.0214443
667,0.0214443
1014,0.0214443
41,-1.86652
1772,0.965424
1417,0.965424
373,-0.922536
1011,0.0214443
1074,0.0214443
1858,0.965424
55,-1.86652
870,0.0214443
1183,0.0214443
1756,0.965424
557,-0.922536
662,0.0214443
441,-0.922536
2084,0.965424
1946,0.965424
1749,0.965424
1419,0.965424
152,-1.86652
636,0.0214443
1168,0.0214443
1361,0.965424
1229,0.0214443
1490,0.965424
1049,0.0214443
1679,0.965424
638,0.0214443
2199,0.965424
303,-1.86652
1812,0.965424
889,0.0214443
1142,0.0214443
1090,0.0214443
817,0.0214443
513,-0.922536
386,-0.922536
701,0.0214443
1453,0.965424
1331,0.965424
344,-0.922536
226,-1.86652
1575,0.965424
295,-1.86652
1529,0.965424
1182,0.0214443
999,0.0214443
1171,0.0214443
1209,0.0214443
1089,0.0214443
978,0.0214443
1162,0.0214443
2134,0.965424
901,0.0214443
897,0.0214443
1471,0.965424
130,-1.86652
780,0.0214443
540,-0.922536
2004,0.965424
294,-1.86652
585,-0.922536
1176,0.0214443
1192,0.0214443
145,-1.86652
240,-1.86652
1022,0.0214443
1457,0.965424
838,0.0214443
1346,0.965424
1697,0.965424
22,-1.86652
660,0.0214443
1342,0.965424
1726,0.965424
720,0.0214443
757,0.0214443
1001,0.0214443
223,-1.86652
1258,0.0214443
629,0.0214443
40,-1.86652
1251,0.0214443
548,-0.922536
71,-1.86652
2132,0.965424
642,0.0214443
1150,0.0214443
449,-0.922536
2137,0.965424
266,-1.86652
663,0.0214443
2155,0.965424
1010,0.0214443
1846,0.965424
193,-1.86652
1500,0.965424
313,-1.86652
1940,0.965424
1699,0.965424
1974,0.965424
2120,0.965424
1624,0.965424
1480,0.965424
1712,0.965424
900,0.0214443
92,-1.86652
1072,0.0214443
1230,0.0214443
745,0.0214443
665,0.0214443
982,0.0214443
244,-1.86652
1420,0.965424
1115,0.0214443
2156,0.965424
1995,0.965424
2111,0.965424
1859,0.965424
728,0.0214443
460,-0.922536
125,-1.86652
396,-0.922536
1492,0.965424
516,-0.922536
2141,0.965424
477,-0.922536
388,-0.922536
1592,0.965424
810,0.0214443
287,-1.86652
54,-1.86652
87,-1.86652
94,-1.86652
1351,0.965424
1409,0.965424
183,-1.86652
544,-0.922536
1133,0.0214443
1088,0.0214443
1735,0.965424
894,0.0214443
590,-0.922536
1444,0.965424
1844,0.965424
1759,0.965424
1872,0.965424
60,-1.86652
1671,0.965424
65,-1.86652
670,0.0214443
1470,0.965424
1645,0.965424
632,0.0214443
846,0.0214443
1369,0.965424
138,-1.86652
596,-0.922536
1383,0.965424
1786,0.965424
624,0.0214443
732,0.0214443
1394,0.965424
1112,0.0214443
407,-0.922536
598,-0.922536
1775,0.965424
1508,0.965424
1713,0.965424
814,0.0214443
429,-0.922536
1929,0.965424
928,0.0214443
1312,0.0214443
2189,0.965424
1790,0.965424
0,-1.86652
1757,0.965424
1523,0.965424
1196,0.0214443
203,-1.86652
1579,0.965424
464,-0.922536
723,0.0214443
156,-1.86652
348,-0.922536
680,0.0214443
1771,0.965424
2149,0.965424
1037,0.0214443
987,0.0214443
532,-0.922536
937,0.0214443
1186,0.0214443
1324,0.965424
2082,0.965424
401,-0.922536
1058,0.0214443
965,0.0214443
1145,0.0214443
1559,0.965424
704,0.0214443
1203,0.0214443
829,0.0214443
2062,0.965424
1307,0.0214443
1139,0.0214443
1163,0.0214443
1283,0.0214443
10,-1.86652
613,0.0214443
1536,0.965424
1958,0.965424
1440,0.965424
1201,0.0214443
616,0.0214443
72,-1.86652
859,0.0214443
923,0.0214443
1082,0.0214443
1515,0.965424
1816,0.965424
1792,0.965424
1261,0.0214443
1607,0.965424
243,-1.86652
805,0.0214443
725,0.0214443
2193,0.965424
132,-1.86652
1246,0.0214443
1096,0.0214443
188,-1.86652
439,-0.922536
2029,0.965424
2194,0.965424
834,0.0214443
199,-1.86652
1399,0.965424
1370,0.965424
1483,0.965424
873,0.0214443
1838,0.965424
482,-0.922536
1919,0.965424
1422,0.965424
919,0.0214443
427,-0.922536
524,-0.922536
1267,0.0214443
815,0.0214443
35,-1.86652
759,0.0214443
1353,0.965424
458,-0.922536
8,-1.86652
1376,0.965424
1936,0.965424
168,-1.86652
1121,0.0214443
622,0.0214443
1720,0.965424
104,-1.86652
848,0.0214443
776,0.0214443
1615,0.965424
484,-0.922536
1105,0.0214443
1303,0.0214443
1484,0.965424
281,-1.86652
70,-1.86652
2092,0.965424
68,-1.86652
323,-1.86652
594,-0.922536
1289,0.0214443
1606,0.965424
703,0.0214443
1094,0.0214443
765,0.0214443
1325,0.965424
2028,0.965424
587,-0.922536
1868,0.965424
2129,0.965424
358,-0.922536
377,-0.922536
589,-0.922536
1825,0.965424
564,-0.922536
869,0.0214443
1070,0.0214443
355,-0.922536
1398,0.965424
1322,0.965424
927,0.0214443
790,0.0214443
1745,0.965424
95,-1.86652
2150,0.965424
804,0.0214443
2113,0.965424
1459,0.965424
1119,0.0214443
1306,0.0214443
2018,0.965424
1603,0.965424
1633,0.965424
206,-1.86652
608,-0.922536
1204,0.0214443
1800,0.965424
1235,0.0214443
1544,0.965424
957,0.0214443
537,-0.922536
1655,0.965424
910,0.0214443
1903,0.965424
93,-1.86652
1336,0.965424
503,-0.922536
2184,0.965424
181,-1.86652
908,0.0214443
850,0.0214443
1820,0.965424
1475,0.965424
174,-1.86652
2153,0.965424
771,0.0214443
512,-0.922536
1350,0.965424
1129,0.0214443
1431,0.965424
1969,0.965424
837,0.0214443
1466,0.965424
1971,0.965424
1116,0.0214443
2104,0.965424
514,-0.922536
644,0.0214443
876,0.0214443
1972,0.965424
576,-0.922536
788,0.0214443
828,0.0214443
1107,0.0214443
9,-1.86652
1841,0.965424
1272,0.0214443
470,-0.922536
27,-1.86652
1907,0.965424
774,0.0214443
1132,0.0214443
2031,0.965424
1237,0.0214443
968,0.0214443
1866,0.965424
1491,0.965424
1071,0.0214443
619,0.0214443
404,-0.922536
210,-1.86652
1327,0.965424
1896,0.965424
1442,0.965424
571,-0.922536
468,-0.922536
1217,0.0214443
201,-1.86652
1581,0.965424
1345,0.965424
97,-1.86652
124,-1.86652
2008,0.965424
1177,0.0214443
1714,0.965424
581,-0.922536
615,0.0214443
1326,0.965424
128,-1.86652
1059,0.0214443
1152,0.0214443
1077,0.0214443
724,0.0214443
1472,0.965424
1912,0.965424
195,-1.86652
1694,0.965424
1005,0.0214443
1004,0.0214443
239,-1.86652
963,0.0214443
2164,0.965424
1608,0.965424
1737,0.965424
2173,0.965424
1485,0.965424
938,0.0214443
385,-0.922536
1509,0.965424
1637,0.965424
1577,0.965424
1334,0.965424
1109,0.0214443
402,-0.922536
1154,0.0214443
1447,0.965424
626,0.0214443
1542,0.965424
455,-0.922536
1587,0.965424
1052,0.0214443
1959,0.965424
645,0.0214443
1260,0.0214443
695,0.0214443
1214,0.0214443
1275,0.0214443
688,0.0214443
52,-1.86652
2091,0.965424
30,-1.86652
763,0.0214443
893,0.0214443
1656,0.965424
541,-0.922536
1181,0.0214443
654,0.0214443
883,0.0214443
568,-0.922536
842,0.0214443
1999,0.965424
1843,0.965424
2098,0.965424
473,-0.922536
887,0.0214443
1223,0.0214443
1521,0.965424
1085,0.0214443
591,-0.922536
1068,0.0214443
1619,0.965424
661,0.0214443
164,-1.86652
1616,0.965424
1238,0.0214443
1719,0.965424
1318,0.965424
991,0.0214443
1787,0.965424
756,0.0214443
359,-0.922536
434,-0.922536
2001,0.965424
1747,0.965424
351,-0.922536
929,0.0214443
583,-0.922536
1300,0.0214443
1853,0.965424
1415,0.965424
194,-1.86652
743,0.0214443
627,0.0214443
1783,0.965424
1083,0.0214443
1396,0.965424
140,-1.86652
1634,0.965424
246,-1.86652
12,-1.86652
435,-0.922536
1032,0.0214443
2169,0.965424
687,0.0214443
2027,0.965424
1804,0.965424
1284,0.0214443
2002,0.965424
1372,0.965424
994,0.0214443
1768,0.965424
205,-1.86652
1337,0.965424
2195,0.965424
1456,0.965424
413,-0.922536
1647,0.965424
494,-0.922536
1665,0.965424
2032,0.965424
2010,0.965424
1589,0.965424
942,0.0214443
1660,0.965424
1588,0.965424
820,0.0214443
831,0.0214443
1081,0.0214443
1114,0.0214443
1728,0.965424
2115,0.965424
260,-1.86652
2192,0.965424
880,0.0214443
2071,0.965424
595,-0.922536
914,0.0214443
1292,0.0214443
692,0.0214443
1359,0.965424
555,-0.922536
2097,0.965424
684,0.0214443
137,-1.86652
1065,0.0214443
1222,0.0214443
906,0.0214443
1524,0.965424
33,-1.86652
1836,0.965424
890,0.0214443
1828,0.965424
308,-1.86652
1507,0.965424
1079,0.0214443
320,-1.86652
2089,0.965424
956,0.0214443
2011,0.965424
431,-0.922536
1659,0.965424
360,-0.922536
628,0.0214443
189,-1.86652
69,-1.86652
321,-1.86652
1852,0.965424
271,-1.86652
1482,0.965424
1823,0.965424
498,-0.922536
1651,0.965424
98,-1.86652
753,0.0214443
1309,0.0214443
1379,0.965424
1584,0.965424
1549,0.965424
301,-1.86652
234,-1.86652
1703,0.965424
839,0.0214443
1392,0.965424
335,-0.922536
521,-0.922536
742,0.0214443
1240,0.0214443
2175,0.965424
1562,0.965424
905,0.0214443
1366,0.965424
639,0.0214443
1401,0.965424
1552,0.965424
1871,0.965424
682,0.0214443
1736,0.965424
238,-1.86652
21,-1.86652
425,-0.922536
347,-0.922536
428,-0.922536
1188,0.0214443
559,-0.922536
2051,0.965424
285,-1.86652
1700,0.965424
932,0.0214443
113,-1.86652
951,0.0214443
766,0.0214443
236,-1.86652
416,-0.922536
2168,0.965424
862,0.0214443
2121,0.965424
1864,0.965424
699,0.0214443
491,-0.922536
749,0.0214443
1769,0.965424
1691,0.965424
82,-1.86652
218,-1.86652
1388,0.965424
2119,0.965424
2191,0.965424
1274,0.0214443
1352,0.965424
1155,0.0214443
19,-1.86652
134,-1.86652
252,-1.86652
1984,0.965424
950,0.0214443
480,-0.922536
1590,0.965424
1807,0.965424
1364,0.965424
1290,0.0214443
1288,0.0214443
920,0.0214443
607,-0.922536
454,-0.922536
969,0.0214443
1161,0.0214443
739,0.0214443
1698,0.965424
1854,0.965424
2143,0.965424
1986,0.965424
606,-0.922536
1296,0.0214443
1657,0.965424
346,-0.922536
2116,0.965424
1883,0.965424
1968,0.965424
1918,0.965424
1328,0.965424
865,0.0214443
1434,0.965424
614,0.0214443
20,-1.86652
1554,0.965424
847,0.0214443
2125,0.965424
866,0.0214443
1970,0.965424
1915,0.965424
2033,0.965424
374,-0.922536
1861,0.965424
32,-1.86652
397,-0.922536
882,0.0214443
2076,0.965424
2077,0.965424
1180,0.0214443
410,-0.922536
212,-1.86652
1108,0.0214443
1889,0.965424
1535,0.965424
777,0.0214443
2162,0.965424
1531,0.965424
322,-1.86652
62,-1.86652
1174,0.0214443
273,-1.86652
1992,0.965424
2019,0.965424
1506,0.965424
1798,0.965424
57,-1.86652
1739,0.965424
1050,0.0214443
812,0.0214443
1341,0.965424
1317,0.965424
1881,0.965424
155,-1.86652
718,0.0214443
979,0.0214443
291,-1.86652
1879,0.965424
796,0.0214443
349,-0.922536
1035,0.0214443
1938,0.965424
1770,0.965424
1031,0.0214443
298,-1.86652
367,-0.922536
85,-1.86652
733,0.0214443
1110,0.0214443
1476,0.965424
496,-0.922536
1043,0.0214443
545,-0.922536
683,0.0214443
634,0.0214443
452,-0.922536
841,0.0214443
630,0.0214443
361,-0.922536
241,-1.86652
1232,0.0214443
864,0.0214443
233,-1.86652
2185,0.965424
1789,0.965424
653,0.0214443
1363,0.965424
1578,0.965424
721,0.0214443
1266,0.0214443
941,0.0214443
1421,0.965424
593,-0.922536
1991,0.965424
172,-1.86652
1513,0.965424
1504,0.965424
96,-1.86652
443,-0.922536
794,0.0214443
1354,0.965424
729,0.0214443
2112,0.965424
23,-1.86652
462,-0.922536
945,0.0214443
1586,0.965424
802,0.0214443
1137,0.0214443
1197,0.0214443
255,-1.86652
3,-1.86652
2044,0.965424
106,-1.86652
177,-1.86652
675,0.0214443
1277,0.0214443
153,-1.86652
276,-1.86652
574,-0.922536
778,0.0214443
813,0.0214443
803,0.0214443
179,-1.86652
916,0.0214443
2107,0.965424
967,0.0214443
432,-0.922536
1039,0.0214443
694,0.0214443
655,0.0214443
2110,0.965424
1727,0.965424
784,0.0214443
1922,0.965424
1185,0.0214443
783,0.0214443
216,-1.86652
1156,0.0214443
972,0.0214443
258,-1.86652
1988,0.965424
467,-0.922536
1340,0.965424
1038,0.0214443
1212,0.0214443
267,-1.86652
984,0.0214443
1806,0.965424
1362,0.965424
1236,0.0214443
1305,0.0214443
1407,0.965424
881,0.0214443
792,0.0214443
1913,0.965424
352,-0.922536
528,-0.922536
1127,0.0214443
770,0.0214443
2114,0.965424
163,-1.86652
319,-1.86652
1102,0.0214443
1831,0.965424
798,0.0214443
1170,0.0214443
538,-0.922536
1498,0.965424
481,-0.922536
208,-1.86652
1516,0.965424
1130,0.0214443
2081,0.965424
2163,0.965424
600,-0.922536
535,-0.922536
46,-1.86652
2005,0.965424
186,-1.86652
651,0.0214443
958,0.0214443
964,0.0214443
2000,0.965424
79,-1.86652
1101,0.0214443
1849,0.965424
1034,0.0214443
1711,0.965424
1501,0.965424
1389,0.965424
325,-0.922536
892,0.0214443
2096,0.965424
2024,0.965424
1175,0.0214443
392,-0.922536
1451,0.965424
579,-0.922536
107,-1.86652
702,0.0214443
530,-0.922536
907,0.0214443
960,0.0214443
1878,0.965424
451,-0.922536
277,-1.86652
116,-1.86652
2053,0.965424
2042,0.965424
686,0.0214443
983,0.0214443
1279,0.0214443
1220,0.0214443
1856,0.965424
2161,0.965424
1062,0.0214443
122,-1.86652
768,0.0214443
7,-1.86652
2068,0.965424
2176,0.965424
1149,0.0214443
962,0.0214443
103,-1.86652
722,0.0214443
933,0.0214443
1224,0.0214443
518,-0.922536
708,0.0214443
795,0.0214443
2181,0.965424
1682,0.965424
1425,0.965424
1598,0.965424
1157,0.0214443
700,0.0214443
623,0.0214443
1652,0.965424
376,-0.922536
296,-1.86652
1967,0.965424
330,-0.922536
259,-1.86652
1113,0.0214443
1522,0.965424
602,-0.922536
1614,0.965424
353,-0.922536
926,0.0214443
1661,0.965424
1316,0.965424
621,0.0214443
398,-0.922536
719,0.0214443
955,0.0214443
1060,0.0214443
562,-0.922536
1242,0.0214443
1464,0.965424
1729,0.965424
2003,0.965424
1573,0.965424
1250,0.0214443
2041,0.965424
58,-1.86652
672,0.0214443
131,-1.86652
43,-1.86652
1255,0.0214443
1952,0.965424
986,0.0214443
2043,0.965424
1902,0.965424
1780,0.965424
84,-1.86652
519,-0.922536
1834,0.965424
580,-0.922536
1571,0.965424
37,-1.86652
1187,0.0214443
592,-0.922536
332,-0.922536
2054,0.965424
744,0.0214443
1545,0.965424
727,0.0214443
11,-1.86652
412,-0.922536
786,0.0214443
109,-1.86652
268,-1.86652
1837,0.965424
1564,0.965424
547,-0.922536
542,-0.922536
450,-0.922536
1202,0.0214443
302,-1.86652
1696,0.965424
478,-0.922536
2133,0.965424
197,-1.86652
1076,0.0214443
471,-0.922536
716,0.0214443
1965,0.965424
1104,0.0214443
1056,0.0214443
1134,0.0214443
1308,0.0214443
395,-0.922536
566,-0.922536
650,0.0214443
1923,0.965424
495,-0.922536
2078,0.965424
433,-0.922536
510,-0.922536
1146,0.0214443
1184,0.0214443
1310,0.0214443
1030,0.0214443
2126,0.965424
1020,0.0214443
150,-1.86652
954,0.0214443
797,0.0214443
490,-0.922536
1426,0.965424
1126,0.0214443
1620,0.965424
311,-1.86652
1945,0.965424
154,-1.86652
1368,0.965424
350,-0.922536
1774,0.965424
1408,0.965424
1128,0.0214443
1467,0.965424
1539,0.965424
1008,0.0214443
554,-0.922536
989,0.0214443
1810,0.965424
500,-0.922536
975,0.0214443
605,-0.922536
1906,0.965424
2052,0.965424
488,-0.922536
408,-0.922536
1724,0.965424
911,0.0214443
1438,0.965424
1754,0.965424
1269,0.0214443
2036,0.965424
485,-0.922536
1567,0.965424
601,-0.922536
640,0.0214443
980,0.0214443
1876,0.965424
1927,0.965424
1955,0.965424
256,-1.86652
2059,0.965424
1189,0.0214443
312,-1.86652
1048,0.0214443
726,0.0214443
867,0.0214443
393,-0.922536
1585,0.965424
1764,0.965424
1061,0.0214443
369,-0.922536
342,-0.922536
2100,0.965424
1414,0.965424
946,0.0214443
265,-1.86652
2160,0.965424
1574,0.965424
2152,0.965424
1281,0.0214443
793,0.0214443
499,-0.922536
421,-0.922536
2061,0.965424
1140,0.0214443
1335,0.965424
931,0.0214443
849,0.0214443
248,-1.86652
1870,0.965424
463,-0.922536
200,-1.86652
136,-1.86652
2102,0.965424
1954,0.965424
2171,0.965424
1791,0.965424
2012,0.965424
100,-1.86652
2057,0.965424
1631,0.965424
1689,0.965424
539,-0.922536
326,-0.922536
1323,0.965424
698,0.0214443
339,-0.922536
1460,0.965424
1095,0.0214443
474,-0.922536
677,0.0214443
1301,0.0214443
1793,0.965424
1611,0.965424
1799,0.965424
649,0.0214443
406,-0.922536
556,-0.922536
502,-0.922536
1265,0.0214443
1983,0.965424
1666,0.965424
1511,0.965424
772,0.0214443
1556,0.965424
2048,0.965424
1895,0.965424
1520,0.965424
415,-0.922536
1510,0.965424
1685,0.965424
1135,0.0214443
1122,0.0214443
835,0.0214443
782,0.0214443
1064,0.0214443
1676,0.965424
6,-1.86652
2058,0.965424
1441,0.965424
293,-1.86652
1416,0.965424
1594,0.965424
274,-1.86652
2074,0.965424
1461,0.965424
120,-1.86652
143,-1.86652
612,0.0214443
1752,0.965424
270,-1.86652
1519,0.965424
334,-0.922536
459,-0.922536
1143,0.0214443
1701,0.965424
1801,0.965424
418,-0.922536
2075,0.965424
875,0.0214443
735,0.0214443
426,-0.922536
924,0.0214443
232,-1.86652
1865,0.965424
2166,0.965424
563,-0.922536
1596,0.965424
2147,0.965424
1458,0.965424
1602,0.965424
465,-0.922536
1304,0.0214443
1233,0.0214443
643,0.0214443
1278,0.0214443
1802,0.965424
105,-1.86652
1989,0.965424
885,0.0214443
1210,0.0214443
144,-1.86652
1648,0.965424
1502,0.965424
1012,0.0214443
1690,0.965424
1098,0.0214443
1033,0.0214443
2118,0.965424
509,-0.922536
310,-1.86652
1917,0.965424
167,-1.86652
191,-1.86652
561,-0.922536
1650,0.965424
1842,0.965424
