1099,-0.246026,-0.810999,0.80727,-0.099098,0.436118,0.404016
314,-0.527741,-0.665117,-1.96185,-0.099098,-0.292218,-1.20987
866,-0.527741,0.283112,0.230371,-0.099098,-0.000883426,0.968876
387,0.880835,-0.154532,-0.231148,-0.099098,0.581785,-0.402928
951,-0.527741,0.428994,-0.231148,-0.099098,-1.16622,-0.241539
972,-1.09117,-0.592176,0.230371,-0.099098,-1.02055,0.48471
968,0.035689,-0.665117,1.03803,-0.099098,0.800286,0.242627
68,-0.527741,-0.810999,1.03803,-0.099098,-0.219384,-0.887095
664,-0.527741,0.793697,-2.07723,-0.099098,2.25696,2.34068
193,-0.0582161,2.03369,0.114991,-0.099098,0.144784,0.0812382
219,-0.527741,-0.0815914,0.92265,-0.099098,2.03846,1.93721
960,-0.152121,-0.810999,0.114991,-0.099098,-0.94772,-1.61334
169,1.81989,-1.10276,-2.30799,-0.099098,-1.74889,-0.483623
1404,-0.246026,0.0642901,0.345751,-0.099098,-0.219384,-0.725706
838,-0.527741,-0.95688,-0.231148,-0.099098,0.144784,-1.04848
1288,2.66503,1.96075,-1.03881,-0.099098,0.654619,-0.160845
515,-0.527741,-0.592176,0.80727,-0.099098,-1.02055,-0.483623
1383,0.317404,-0.592176,-1.50033,-0.099098,-0.510719,-0.725706
494,1.25645,2.17957,0.461131,-0.099098,0.217617,0.000543763
714,-0.527741,-0.738058,0.69189,-0.099098,0.581785,0.0812382
568,-0.527741,-0.810999,-0.115769,-0.099098,1.31012,1.45304
1356,-0.527741,0.720757,-2.42337,-0.099098,3.6408,2.42138
1331,-0.527741,-1.24864,-0.000388746,-0.099098,0.363284,-0.483623
1315,1.53817,-0.519236,-0.461908,-0.099098,0.654619,1.61443
450,-0.527741,-1.1757,0.345751,-0.099098,0.144784,0.000543763
8,-0.527741,0.720757,1.84569,-0.099098,0.363284,0.000543763
409,-1.09117,1.88781,0.57651,-0.099098,-0.802053,-0.887095
119,-0.527741,-0.00865065,1.84569,-0.099098,-0.219384,-0.725706
529,-0.527741,-0.300414,-0.346528,-0.099098,0.217617,-0.483623
757,0.317404,-0.446295,1.15341,-0.099098,-1.74889,-1.77473
1284,-0.527741,0.0642901,0.345751,-0.099098,0.945953,0.323321
1125,0.505214,2.47133,0.80727,-0.099098,1.16445,-0.564317
735,0.317404,-0.592176,-0.461908,-0.099098,-0.073717,-0.402928
1444,-0.527741,-0.95688,-0.461908,-0.099098,0.0719502,0.726793
100,-0.527741,-0.154532,-1.73109,-0.099098,-1.02055,0.646099
1224,-0.152121,-0.738058,0.345751,-0.099098,-0.656386,0.48471
1092,-0.152121,-0.227473,0.345751,-0.099098,-0.729219,-0.0801506
179,-0.527741,2.98192,0.345751,-0.099098,-0.802053,-0.8064
1139,1.44426,-0.592176,0.114991,-0.099098,0.508952,0.404016
87,-0.527741,0.210172,-0.577288,-0.099098,2.18412,1.04957
931,-1.5607,0.210172,0.80727,-0.099098,-0.365051,0.000543763
1466,-0.527741,-1.32158,-2.42337,-0.099098,-1.31189,-1.69404
1199,-1.27898,2.54427,1.96107,-0.099098,0.363284,-0.725706
1247,1.35036,-0.446295,1.49955,-0.099098,0.581785,0.0812382
350,-0.0582161,-0.95688,-0.346528,-0.099098,-0.583552,-0.887095
1378,-1.5607,0.137231,0.80727,-0.099098,-1.89456,-2.01682
776,-0.246026,-0.300414,0.80727,-0.099098,-0.437885,-0.645011
543,-0.0582161,0.137231,0.461131,-0.099098,-1.23905,-1.04848
1272,-0.0582161,-0.300414,1.49955,-0.099098,0.508952,-1.69404
1345,0.317404,-0.738058,0.230371,-0.099098,-0.000883426,0.404016
1370,0.505214,-0.300414,-0.461908,-0.099098,-1.23905,-0.0801506
760,0.223499,2.54427,-0.346528,-0.099098,0.654619,0.646099
158,-0.0582161,-0.738058,0.345751,-0.099098,-0.073717,-0.241539
597,1.44426,0.574875,-0.461908,-0.099098,0.581785,-0.322234
265,0.78693,2.61722,0.461131,-0.099098,-0.219384,1.21096
1033,-0.527741,-1.32158,-1.15419,-0.099098,0.508952,0.000543763
482,0.317404,0.793697,-1.50033,-0.099098,1.45579,1.85651
928,-0.527741,-0.0815914,1.03803,-0.099098,-0.874886,-0.8064
335,-0.527741,0.0642901,1.38417,-0.099098,-0.94772,-0.564317
1004,-0.527741,1.74193,-0.461908,-0.099098,-0.219384,0.48471
17,-0.152121,-1.10276,0.461131,-0.099098,0.581785,-0.241539
798,1.16255,-0.373354,-1.84647,-0.099098,-0.437885,-0.564317
1374,-0.246026,0.866638,0.80727,-0.099098,-1.31189,-1.61334
716,3.51018,-1.1757,-0.115769,-0.099098,-0.802053,-0.645011
384,2.1016,-0.665117,-0.000388746,-0.099098,-0.729219,-0.160845
476,2.57113,0.428994,-0.923428,-0.099098,-0.000883426,-0.322234
1212,-0.527741,-0.373354,0.57651,-0.099098,0.0719502,0.726793
990,-2.49975,3.93015,5.7686,-0.099098,-1.09339,-2.33959
812,-0.527741,0.720757,-0.231148,-0.099098,-0.292218,-1.04848
1009,-0.809457,-0.373354,0.461131,-0.099098,-1.31189,-0.483623
396,1.63208,-0.738058,-0.115769,-0.099098,-2.11306,-0.967789
1325,-0.527741,-0.95688,-0.346528,-0.099098,0.436118,-0.0801506
526,-0.527741,-0.519236,0.461131,-0.099098,0.144784,0.968876
1218,-0.152121,1.30428,0.57651,-0.099098,-0.874886,-1.29057
1371,-0.527741,-0.592176,-0.461908,-0.099098,-0.219384,-0.725706
1294,-0.527741,-0.0815914,0.114991,-0.099098,-0.365051,2.0986
449,-0.0582161,-0.665117,-1.96185,-0.099098,-0.583552,-0.483623
878,-0.527741,-0.592176,0.345751,-0.099098,-0.510719,-0.160845
696,0.035689,-0.738058,0.92265,-0.099098,-1.45756,0.404016
574,-0.527741,-0.95688,0.461131,-0.099098,-1.16622,0.323321
1041,-0.527741,-0.592176,-1.96185,-0.099098,-0.802053,-0.322234
522,-0.527741,-0.519236,-0.461908,-0.099098,-1.02055,-1.29057
1216,0.317404,-1.90511,-0.461908,-0.099098,-1.96739,-1.69404
1251,1.81989,-0.810999,-0.000388746,-0.099098,-0.219384,-0.967789
1441,0.78693,-0.665117,-0.115769,-0.099098,-0.729219,-0.564317
692,4.44923,-0.738058,0.57651,-0.099098,-1.23905,-0.160845
1241,-0.527741,-0.810999,0.69189,-0.099098,-0.365051,-0.8064
987,-1.09117,1.01252,1.73031,-0.099098,-1.16622,-1.29057
58,-0.527741,-0.519236,0.345751,-0.099098,-0.874886,-0.0801506
374,0.78693,-0.665117,0.461131,-0.099098,-0.073717,-0.645011
462,0.035689,-0.300414,-0.346528,-0.099098,-1.09339,-0.0801506
1198,-0.527741,0.647816,-1.38495,-0.099098,-0.292218,0.888182
1306,0.880835,0.501934,1.26879,-0.099098,-1.02055,0.161933
792,1.44426,0.574875,-2.30799,-0.099098,-0.073717,0.807488
26,-0.0582161,-0.519236,0.345751,-0.099098,0.654619,-0.402928
748,-0.0582161,-0.00865065,0.80727,-0.099098,2.18412,2.58276
1344,-0.0582161,-0.738058,-2.07723,-0.099098,-0.729219,-1.12918
218,-0.527741,0.283112,-0.808048,-0.099098,1.67429,2.66346
901,-0.527741,0.137231,-0.000388746,-0.099098,-0.073717,1.37235
836,0.880835,-0.810999,-0.000388746,-0.099098,1.31012,-0.887095
455,-0.246026,1.45016,-0.000388746,-0.099098,0.363284,-0.0801506
704,0.223499,0.939579,0.461131,-0.099098,2.76679,0.726793
1363,-0.527741,0.793697,-2.65413,-0.099098,1.96562,2.25999
286,-0.527741,-0.883939,-1.50033,-0.099098,0.144784,2.0179
111,-0.527741,-0.227473,-1.03881,-0.099098,-0.437885,0.161933
641,-0.527741,2.54427,-0.115769,-0.099098,-0.000883426,0.48471
1286,1.06864,-0.95688,-0.000388746,-0.099098,-0.729219,-0.483623
790,-0.527741,-0.227473,-0.000388746,-0.099098,-0.219384,0.888182
1078,-0.152121,-0.227473,-1.96185,-0.099098,-0.583552,-1.77473
601,-0.527741,1.01252,0.461131,-0.099098,0.727452,0.968876
1450,1.35036,0.356053,-2.30799,-0.099098,2.54829,2.82485
1458,-0.527741,-0.446295,-0.692668,-0.099098,-0.000883426,0.888182
1193,0.317404,-0.519236,-1.03881,-0.099098,-0.073717,0.404016
587,3.51018,2.10663,0.461131,-0.099098,-0.146551,-0.241539
268,0.223499,-0.373354,0.230371,-0.099098,0.217617,0.888182
612,-0.527741,0.210172,0.92265,-0.099098,0.217617,-0.645011
1390,0.129594,-1.02982,-1.15419,-0.099098,-0.510719,0.807488
954,-0.527741,-0.592176,1.73031,-0.099098,-1.38472,0.807488
673,-0.527741,-0.00865065,0.57651,-0.099098,-1.02055,-0.887095
619,-0.527741,-0.373354,0.69189,-0.099098,1.01879,1.13027
440,-0.527741,0.137231,-0.115769,-0.099098,-0.656386,-1.61334
736,-0.527741,-0.592176,0.114991,-0.099098,0.144784,-0.322234
108,-0.527741,-0.738058,0.230371,-0.099098,1.09162,1.21096
663,-0.527741,-0.519236,0.345751,-0.099098,0.0719502,1.21096
257,-0.527741,-0.373354,-0.000388746,-0.099098,-0.583552,-1.45196
489,0.223499,0.793697,1.15341,-0.099098,-1.16622,-1.53265
1162,-0.0582161,-0.154532,0.114991,-0.099098,-0.219384,-1.45196
869,-0.527741,-0.665117,0.461131,-0.099098,0.508952,0.807488
1328,-0.527741,-0.519236,0.57651,-0.099098,0.290451,-1.20987
857,-0.527741,-0.519236,0.345751,-0.099098,-1.09339,-0.241539
471,-0.527741,-0.300414,0.230371,-0.099098,0.581785,0.404016
443,-0.527741,-0.00865065,-1.84647,-0.099098,-0.073717,-0.8064
780,0.223499,-0.519236,-1.50033,-0.099098,-0.874886,-0.402928
828,-0.527741,2.17957,0.69189,-0.099098,-0.365051,-0.160845
1351,-0.152121,-0.665117,-0.231148,-0.099098,0.508952,-0.241539
1258,-0.527741,-0.519236,-0.000388746,-0.099098,-0.874886,-0.645011
243,-0.903362,0.720757,0.80727,-0.099098,-0.365051,-1.85543
1176,0.317404,-1.1757,0.114991,-0.099098,0.727452,-0.322234
943,-0.527741,-0.519236,1.49955,-0.099098,-0.146551,-0.402928
206,-0.527741,1.81487,1.15341,-0.099098,-0.000883426,0.161933
273,-0.527741,-0.519236,0.57651,-0.099098,0.436118,0.161933
1145,-0.527741,-0.738058,0.114991,10.8677,-1.31189,1.45304
501,-0.0582161,5.38896,0.461131,-0.099098,-0.874886,-0.0801506
1166,-0.527741,-0.810999,-0.346528,-0.099098,0.363284,-0.322234
125,-0.527741,-0.665117,0.461131,-0.099098,0.581785,0.968876
1096,0.599119,-0.300414,-0.115769,-0.099098,-0.583552,-1.77473
183,-0.246026,1.96075,0.345751,-0.099098,-0.510719,0.565405
727,-0.152121,1.66899,-0.692668,-0.099098,1.31012,0.726793
588,-0.527741,-0.227473,-0.577288,-0.099098,0.727452,0.726793
762,0.035689,-0.446295,-0.000388746,-0.099098,0.508952,-0.0801506
1377,0.035689,-0.738058,-0.808048,-0.099098,-0.365051,0.000543763
768,-0.527741,-0.519236,-0.231148,-0.099098,-0.146551,-0.645011
3,-0.527741,-0.95688,0.80727,-0.099098,0.581785,-0.483623
661,-0.527741,-0.519236,-0.461908,-0.099098,-0.656386,0.726793
351,0.035689,-0.446295,0.230371,-0.099098,-1.31189,-0.967789
392,3.32237,1.88781,-0.692668,-0.099098,0.727452,-0.160845
1081,0.97474,-1.02982,0.57651,-0.099098,-1.45756,-1.37126
124,-0.527741,0.356053,-1.84647,-0.099098,0.290451,0.404016
61,-0.246026,-0.592176,-0.346528,-0.099098,-0.94772,-1.45196
245,-0.527741,-0.883939,0.57651,-0.099098,0.0719502,0.242627
88,0.693024,0.283112,1.03803,-0.099098,-0.000883426,0.161933
1266,-0.527741,-0.810999,0.345751,-0.099098,-0.729219,0.48471
542,-0.0582161,-0.810999,0.69189,-0.099098,-0.802053,-1.04848
962,-0.246026,-0.592176,2.19183,-0.099098,-0.292218,-1.20987
1352,-0.527741,-0.95688,0.114991,-0.099098,-0.292218,0.161933
196,-0.152121,1.66899,0.92265,-0.099098,0.581785,0.646099
1225,-0.527741,0.137231,-2.65413,-0.099098,2.03846,1.85651
896,-0.527741,-1.10276,0.461131,-0.099098,0.800286,-0.322234
1207,0.317404,-0.154532,-0.461908,-0.099098,1.74712,2.58276
1222,3.41627,-0.738058,0.230371,-0.099098,0.363284,-0.967789
926,0.505214,0.793697,1.61493,-0.099098,-0.000883426,-1.12918
162,-0.527741,-0.446295,-0.115769,-0.099098,0.290451,-0.0801506
505,-0.527741,1.66899,1.15341,-0.099098,2.83963,2.58276
269,-0.527741,-0.738058,-1.03881,-0.099098,0.290451,-0.645011
115,-0.527741,2.47133,-0.000388746,-0.099098,-0.365051,-0.402928
485,-0.527741,0.428994,-1.73109,-0.099098,-0.219384,-0.564317
42,-0.527741,0.137231,-1.03881,-0.099098,2.11129,0.565405
304,-0.527741,1.01252,0.114991,-0.099098,1.96562,2.42138
1394,0.223499,0.0642901,-2.07723,-0.099098,-0.219384,0.888182
670,-0.0582161,1.37722,0.230371,-0.099098,0.727452,0.0812382
899,-0.527741,2.54427,-0.808048,-0.099098,-0.656386,-0.725706
247,-0.527741,-1.10276,1.84569,-0.099098,-1.67606,-0.887095
675,0.317404,1.88781,-1.26957,-0.099098,0.654619,0.646099
1157,-0.527741,-0.738058,0.69189,-0.099098,0.144784,-1.53265
1376,1.06864,-0.592176,-0.461908,-0.099098,-1.60322,-0.725706
181,-0.527741,-0.95688,0.114991,-0.099098,-0.073717,-0.564317
1020,0.035689,-0.665117,0.92265,-0.099098,0.0719502,0.161933
709,-0.527741,-1.02982,-1.38495,-0.099098,-0.510719,-0.967789
800,0.411309,-0.95688,0.114991,-0.099098,-0.874886,-0.160845
1213,4.82485,-0.300414,1.15341,-0.099098,-0.656386,-1.20987
1415,4.35532,-0.665117,-0.346528,-0.099098,-0.146551,0.646099
1175,-0.0582161,-0.592176,0.114991,-0.099098,0.217617,-0.160845
658,-0.527741,-0.373354,-1.15419,-0.099098,0.581785,-0.967789
916,-0.527741,0.647816,0.114991,-0.099098,1.01879,-0.483623
1180,1.53817,0.283112,0.114991,-0.099098,-0.365051,-0.402928
615,-0.152121,0.647816,1.96107,-0.099098,-0.437885,-0.483623
886,0.035689,0.574875,0.114991,-0.099098,-0.510719,-0.725706
233,-0.527741,-0.227473,-0.115769,-0.099098,2.32979,2.25999
1409,0.129594,-0.592176,0.69189,-0.099098,0.290451,0.323321
1010,-0.152121,0.501934,0.230371,-0.099098,-0.146551,-0.725706
1349,-0.527741,-0.373354,0.230371,-0.099098,0.945953,0.48471
1476,-0.527741,-0.0815914,0.461131,-0.099098,0.800286,-0.160845
19,-0.246026,-0.373354,0.57651,-0.099098,0.800286,0.807488
277,-0.527741,-0.592176,0.345751,-0.099098,-0.802053,-0.402928
1401,-0.527741,-0.738058,-2.19261,-0.099098,-1.09339,-1.45196
609,-0.339931,0.866638,1.15341,10.8677,0.727452,0.0812382
996,-0.527741,-1.1757,-0.231148,-0.099098,-0.146551,0.404016
722,0.693024,-1.02982,0.230371,-0.099098,1.38295,-0.887095
385,-0.246026,-1.1757,0.69189,-0.099098,0.581785,-0.160845
985,-0.527741,0.210172,1.26879,-0.099098,-0.729219,-0.402928
1249,0.505214,-0.810999,0.69189,-0.099098,0.290451,1.37235
1190,1.16255,0.866638,-2.53875,-0.099098,-1.31189,-1.12918
345,0.78693,1.01252,0.80727,-0.099098,-1.09339,1.45304
1031,-0.0582161,-0.227473,0.92265,-0.099098,-0.073717,-0.8064
1147,-0.527741,-0.95688,-0.577288,-0.099098,0.144784,-0.402928
224,-0.527741,-0.373354,0.92265,-0.099098,0.436118,-0.725706
974,-1.27898,0.866638,1.49955,-0.099098,1.60146,-1.04848
802,-0.152121,-0.00865065,-1.61571,-0.099098,-1.67606,-0.0801506
33,-0.527741,1.23134,0.114991,-0.099098,-1.23905,0.404016
535,-0.527741,2.25251,0.80727,-0.099098,0.144784,-0.0801506
1160,-0.527741,-1.10276,0.461131,-0.099098,0.727452,0.968876
1187,-0.527741,-0.592176,-0.808048,-0.099098,-0.292218,-0.725706
1423,-0.527741,-0.373354,-2.07723,-0.099098,2.40262,3.5511
667,-0.152121,-0.446295,0.230371,-0.099098,0.436118,1.04957
537,-0.246026,-0.665117,0.92265,-0.099098,-0.292218,-1.45196
190,-0.527741,0.0642901,-1.38495,-0.099098,1.81996,1.61443
871,-0.527741,0.356053,-0.692668,-0.099098,1.31012,0.242627
451,-0.527741,1.45016,-0.115769,-0.099098,0.217617,0.48471
698,0.78693,0.210172,0.114991,-0.099098,1.81996,1.37235
676,-0.527741,-0.95688,0.345751,-0.099098,2.03846,1.04957
546,-0.527741,-0.154532,0.80727,-0.099098,-0.146551,0.0812382
1244,1.53817,0.574875,0.345751,-0.099098,0.144784,-0.402928
584,-0.246026,-0.446295,0.461131,-0.099098,0.290451,0.161933
879,-0.0582161,-0.738058,-0.231148,-0.099098,-0.219384,-0.564317
231,0.599119,1.88781,0.461131,-0.099098,-1.38472,-0.322234
491,0.505214,1.08546,-1.84647,-0.099098,1.23729,1.04957
390,-0.527741,1.1584,-0.115769,-0.099098,1.38295,0.000543763
1067,-0.0582161,-0.519236,-1.73109,-0.099098,0.290451,-0.483623
1049,0.97474,-0.592176,-0.115769,-0.099098,0.727452,0.0812382
1220,0.78693,0.501934,-1.50033,-0.099098,-0.146551,-2.66237
1054,-0.246026,-0.95688,0.230371,-0.099098,0.363284,0.404016
1368,-0.152121,0.356053,0.69189,-0.099098,-0.000883426,-0.241539
700,-0.621646,-0.738058,-0.115769,-0.099098,0.0719502,-1.29057
1150,-0.527741,-0.592176,0.461131,-0.099098,-0.437885,0.726793
1027,1.06864,1.23134,1.38417,-0.099098,-0.94772,-1.61334
175,-0.527741,0.428994,-0.231148,10.8677,-0.437885,-0.967789
128,-0.246026,-1.54041,0.57651,-0.099098,0.217617,0.0812382
1273,-0.527741,-0.373354,1.03803,-0.099098,0.144784,-0.0801506
137,-0.527741,-0.665117,-0.000388746,-0.099098,-0.146551,0.323321
393,-0.152121,-0.665117,1.49955,-0.099098,-0.219384,-0.0801506
1480,1.81989,1.01252,1.26879,-0.099098,-0.219384,-0.564317
872,0.97474,-0.738058,-0.346528,-0.099098,-1.89456,-0.725706
315,-0.527741,-0.300414,-0.923428,-0.099098,0.290451,0.404016
1050,-0.527741,-0.592176,-0.115769,-0.099098,2.54829,1.29165
1006,-0.527741,-0.300414,1.26879,-0.099098,0.144784,-0.564317
376,0.317404,-1.1757,-1.96185,-0.099098,-2.18589,-1.29057
184,-0.527741,-0.227473,1.26879,-0.099098,-0.146551,1.13027
1265,-0.527741,0.210172,-0.692668,-0.099098,1.96562,1.61443
930,-0.246026,-0.883939,0.69189,-0.099098,0.290451,0.404016
627,-0.0582161,1.88781,0.57651,-0.099098,1.09162,0.242627
187,-0.527741,-0.154532,0.230371,-0.099098,-1.31189,-0.645011
779,0.317404,-0.592176,-0.808048,-0.099098,0.217617,0.323321
428,-0.527741,0.210172,0.69189,-0.099098,0.363284,0.242627
976,-1.5607,1.37722,1.61493,-0.099098,-0.437885,-1.12918
510,-0.527741,0.137231,0.461131,-0.099098,0.144784,-0.160845
969,0.317404,-0.519236,0.69189,-0.099098,0.800286,-0.160845
834,-0.527741,0.428994,-0.461908,-0.099098,-1.45756,-1.61334
475,-0.0582161,-0.95688,1.26879,-0.099098,-0.583552,-1.45196
817,-0.527741,0.210172,-0.461908,-0.099098,0.0719502,-0.160845
608,-0.527741,0.720757,1.61493,-0.099098,-0.000883426,-0.322234
594,-0.246026,0.720757,-1.73109,-0.099098,1.74712,0.48471
553,-0.246026,-1.02982,-0.461908,-0.099098,-2.33156,-0.160845
97,-0.527741,0.501934,-1.26957,-0.099098,0.800286,1.77582
516,-0.152121,-0.300414,-1.26957,-0.099098,-0.583552,0.0812382
1442,-0.527741,-0.592176,-0.346528,-0.099098,2.32979,1.04957
551,-0.152121,1.08546,0.230371,-0.099098,2.25696,1.21096
166,-0.527741,-0.446295,-0.923428,-0.099098,-0.583552,-0.645011
784,0.97474,2.61722,0.114991,-0.099098,0.654619,0.888182
186,-0.527741,-0.810999,-0.000388746,-0.099098,-1.31189,0.565405
142,-0.527741,-0.519236,0.80727,-0.099098,1.01879,0.807488
9,0.223499,-0.810999,1.15341,-0.099098,-0.729219,-0.887095
580,-0.527741,0.501934,-0.115769,-0.099098,2.11129,1.93721
254,-0.246026,-1.32158,-1.38495,-0.099098,-1.02055,1.45304
1303,-0.246026,-0.665117,0.57651,-0.099098,0.654619,-0.322234
706,0.317404,0.283112,0.92265,-0.099098,-1.82172,-1.12918
209,-0.527741,3.20074,0.69189,-0.099098,-0.000883426,-0.8064
907,-0.527741,0.137231,0.69189,-0.099098,-1.09339,-0.645011
56,-0.527741,-1.1757,-0.115769,-0.099098,1.16445,0.968876
630,-0.527741,0.793697,0.114991,-0.099098,0.800286,-0.322234
705,-0.246026,-0.154532,-0.346528,-0.099098,1.45579,0.0812382
1449,0.035689,-0.738058,-0.115769,-0.099098,0.581785,1.37235
783,-0.0582161,1.66899,0.80727,-0.099098,-0.000883426,-0.645011
894,-0.527741,-0.738058,-0.000388746,-0.099098,-0.729219,0.807488
329,-0.527741,1.88781,0.114991,-0.099098,-0.656386,-0.887095
337,-0.527741,-0.373354,-0.923428,-0.099098,-0.146551,-1.20987
1278,-0.527741,0.0642901,-0.115769,-0.099098,-0.437885,-0.0801506
474,0.411309,0.501934,-1.73109,-0.099098,-1.09339,0.242627
1304,-0.527741,2.32545,-0.000388746,-0.099098,0.800286,1.85651
1046,-0.527741,2.17957,-1.15419,-0.099098,0.290451,1.13027
596,0.223499,-0.373354,0.461131,-0.099098,1.23729,0.0812382
1171,1.06864,-0.738058,0.57651,-0.099098,0.144784,0.48471
182,-0.527741,-0.592176,0.230371,-0.099098,0.290451,-0.967789
1311,-0.527741,0.0642901,-0.115769,-0.099098,-0.000883426,-0.322234
1140,0.129594,0.137231,-0.461908,-0.099098,-0.437885,-0.564317
325,0.317404,1.5231,-1.84647,-0.099098,2.98529,2.17929
1416,-0.527741,-0.810999,-0.577288,-0.099098,-0.583552,1.69513
840,0.411309,-0.446295,0.92265,-0.099098,-1.16622,-1.20987
937,-0.527741,-0.519236,0.92265,-0.099098,0.0719502,-0.887095
132,-0.152121,-0.0815914,0.80727,-0.099098,0.727452,0.000543763
437,0.411309,-0.665117,1.26879,-0.099098,-1.31189,-1.29057
105,-0.527741,-0.738058,-1.61571,-0.099098,-0.437885,0.726793
520,-0.527741,2.54427,0.230371,-0.099098,-0.146551,0.565405
755,-0.527741,0.939579,0.230371,-0.099098,0.436118,1.45304
803,-0.527741,-0.446295,0.230371,-0.099098,-0.073717,-0.160845
6,-0.527741,2.83604,-0.231148,-0.099098,-0.000883426,0.323321
1293,-0.246026,-0.0815914,0.114991,-0.099098,0.508952,-1.12918
52,0.97474,1.23134,0.57651,-0.099098,-0.365051,-0.322234
318,-0.527741,0.720757,-1.03881,-0.099098,2.25696,2.58276
4,-0.527741,2.03369,-0.231148,-0.099098,-0.583552,-0.483623
1479,-0.527741,-0.665117,-0.808048,-0.099098,2.25696,0.968876
1079,6.70295,0.137231,-0.461908,-0.099098,-0.219384,-1.04848
313,0.505214,-0.810999,0.345751,-0.099098,1.52862,0.726793
472,-0.527741,-0.883939,-0.461908,-0.099098,0.654619,0.565405
1381,0.317404,-0.300414,-1.61571,-0.099098,-2.04022,0.242627
483,-0.527741,0.793697,-2.07723,-0.099098,2.25696,2.0986
1105,4.91875,-0.95688,0.230371,-0.099098,-0.94772,0.404016
1219,0.129594,0.866638,0.461131,-0.099098,0.800286,0.323321
262,-0.527741,-0.810999,-0.000388746,-0.099098,2.18412,-0.322234
83,-0.527741,0.793697,1.49955,-0.099098,0.290451,0.161933
1130,0.317404,0.137231,-1.38495,-0.099098,-0.365051,0.565405
82,-0.527741,2.25251,1.15341,-0.099098,0.0719502,0.323321
1058,-0.527741,-0.592176,-0.692668,-0.099098,-0.292218,-0.241539
1149,3.22846,0.793697,1.96107,-0.099098,-0.94772,-0.160845
1034,-0.0582161,0.137231,-0.000388746,-0.099098,0.0719502,-0.8064
846,-0.527741,-0.519236,0.57651,-0.099098,-1.60322,0.0812382
309,-0.246026,-1.02982,-0.923428,-0.099098,0.945953,0.968876
95,-0.527741,-0.00865065,-1.50033,-0.099098,-0.874886,0.000543763
986,-1.09117,1.01252,1.73031,-0.099098,-1.16622,-1.29057
1295,-0.527741,-0.154532,0.114991,-0.099098,-0.146551,-0.483623
178,-0.527741,-0.373354,0.69189,-0.099098,-0.874886,-1.04848
96,-0.527741,0.720757,0.230371,-0.099098,1.38295,1.61443
160,0.411309,-0.373354,2.42259,-0.099098,-0.729219,-0.645011
1407,-0.527741,-0.883939,-1.26957,-0.099098,-1.31189,-0.402928
1066,-0.527741,-0.00865065,-1.73109,-0.099098,0.363284,1.77582
831,1.72598,-0.592176,0.461131,-0.099098,0.436118,0.726793
236,-0.527741,-0.665117,2.88411,-0.099098,-0.874886,0.0812382
139,-0.527741,0.283112,1.61493,-0.099098,-0.219384,-1.45196
1424,1.25645,-0.738058,-2.30799,-0.099098,0.800286,2.0986
900,0.505214,-1.02982,1.15341,-0.099098,0.581785,-1.53265
935,-1.09117,0.793697,0.461131,-0.099098,-0.510719,-1.37126
1051,-0.527741,-0.446295,-0.692668,-0.099098,0.363284,0.161933
1124,-0.527741,-0.592176,-0.346528,-0.099098,-0.510719,-0.241539
864,0.599119,-0.373354,-0.000388746,-0.099098,-0.510719,-0.322234
1317,0.317404,-0.95688,-0.000388746,-0.099098,-1.67606,-0.564317
850,-0.527741,2.83604,-1.15419,-0.099098,0.0719502,-0.322234
613,0.505214,1.08546,0.345751,-0.099098,-0.656386,0.161933
194,-0.527741,2.32545,-0.577288,-0.099098,0.945953,0.48471
1232,-0.527741,-0.738058,-0.346528,-0.099098,0.87312,-0.645011
1068,-0.0582161,-1.02982,-1.50033,-0.099098,1.09162,1.29165
902,-0.527741,-0.738058,0.57651,-0.099098,-0.437885,-1.37126
794,0.317404,-0.665117,-1.96185,-0.099098,-0.729219,-0.887095
753,-0.0582161,1.23134,-0.346528,-0.099098,-0.365051,0.242627
1456,-0.527741,0.210172,-1.50033,-0.099098,1.96562,1.93721
741,0.880835,1.5231,-0.692668,-0.099098,0.800286,-0.322234
1074,1.81989,-0.446295,1.49955,-0.099098,-0.802053,-1.61334
558,-0.527741,-0.519236,0.114991,10.8677,1.31012,0.646099
843,1.35036,-1.46747,-0.231148,-0.099098,-0.729219,-1.77473
777,-0.527741,0.0642901,0.114991,-0.099098,1.74712,1.93721
283,-0.527741,0.428994,0.461131,-0.099098,-0.365051,0.48471
204,-0.527741,-0.300414,-1.84647,-0.099098,0.654619,0.888182
863,0.317404,-0.154532,-0.000388746,-0.099098,-0.292218,-0.564317
844,0.505214,-0.0815914,0.69189,-0.099098,0.0719502,-0.887095
1271,-0.246026,-1.02982,0.345751,-0.099098,-0.219384,-0.322234
1465,2.75894,0.939579,-1.38495,-0.099098,0.581785,0.48471
1052,-0.527741,-1.24864,0.69189,-0.099098,-0.073717,-0.967789
1276,-0.527741,-0.373354,0.461131,-0.099098,0.217617,0.0812382
731,-0.0582161,1.96075,0.461131,-0.099098,0.727452,0.323321
1298,-0.0582161,0.574875,-0.231148,-0.099098,-0.000883426,0.000543763
1437,-0.527741,-0.519236,-0.346528,-0.099098,2.18412,1.85651
660,0.035689,-0.592176,-0.000388746,-0.099098,-0.510719,-0.8064
1302,-0.527741,-0.519236,0.345751,-0.099098,0.217617,-0.645011
93,2.28941,-0.738058,1.61493,-0.099098,-1.23905,-0.564317
1237,-0.527741,1.1584,-0.115769,-0.099098,0.654619,-0.160845
157,0.78693,2.83604,0.230371,-0.099098,1.23729,1.69513
276,-0.527741,-1.61335,-1.96185,-0.099098,2.40262,0.646099
1192,-0.527741,-0.0815914,1.49955,-0.099098,-1.02055,-1.04848
918,-0.527741,1.1584,1.61493,-0.099098,0.363284,-0.967789
210,-0.527741,1.81487,-0.692668,-0.099098,-0.94772,0.646099
1040,-0.527741,-0.883939,0.230371,-0.099098,0.436118,-0.645011
752,0.411309,1.66899,-0.115769,-0.099098,-0.000883426,-1.45196
143,-0.527741,0.0642901,-1.15419,-0.099098,-0.94772,-0.322234
153,0.505214,-0.154532,0.114991,-0.099098,-0.365051,-0.564317
891,1.53817,-0.300414,0.114991,-0.099098,-0.656386,0.161933
176,0.505214,0.501934,0.69189,-0.099098,-1.38472,-1.53265
672,-0.0582161,1.01252,0.80727,-0.099098,-0.94772,0.0812382
229,-0.527741,-0.519236,1.15341,6.50743,-0.94772,0.242627
1260,0.599119,-0.592176,0.230371,-0.099098,-1.31189,-1.45196
1318,1.35036,-0.665117,-0.692668,-0.099098,-0.583552,-0.322234
1365,-0.152121,-0.446295,-1.15419,-0.099098,-0.073717,-0.0801506
352,0.317404,0.283112,0.230371,-0.099098,0.654619,1.21096
913,-0.152121,-0.373354,-1.84647,-0.099098,-0.729219,1.29165
439,-0.0582161,2.39839,-0.115769,-0.099098,0.0719502,1.45304
1373,-0.527741,1.59605,-0.000388746,-0.099098,0.654619,0.48471
1120,-0.527741,-0.592176,-3.23102,-0.099098,-1.82172,-1.20987
386,-0.246026,-1.02982,0.69189,-0.099098,0.581785,-0.160845
36,-0.246026,0.283112,-0.577288,-0.099098,1.60146,0.888182
816,-0.0582161,-0.227473,0.114991,-0.099098,-0.583552,-1.77473
1155,2.19551,-0.738058,0.114991,-0.099098,-1.96739,-2.98515
876,0.97474,-0.592176,0.69189,-0.099098,0.0719502,0.404016
296,-0.527741,-0.519236,-0.808048,-0.099098,-1.02055,-0.322234
488,-0.246026,0.866638,-1.96185,-0.099098,2.54829,0.48471
793,1.06864,-0.883939,-2.30799,-0.099098,-1.67606,0.48471
1185,-0.527741,0.939579,0.345751,-0.099098,1.45579,0.646099
1043,-0.527741,-0.592176,0.57651,-0.099098,-0.292218,-0.0801506
123,0.317404,1.23134,-0.115769,-0.099098,0.654619,0.807488
1323,0.97474,1.88781,0.461131,-0.099098,0.217617,-0.483623
818,1.16255,-0.95688,-0.231148,-0.099098,1.81996,1.53374
611,0.035689,1.88781,1.61493,-0.099098,0.727452,0.565405
1324,-0.527741,-0.227473,0.69189,-0.099098,-0.146551,-0.887095
734,-0.527741,-0.0815914,0.80727,-0.099098,0.0719502,-0.322234
637,-0.527741,2.10663,-0.577288,-0.099098,-0.073717,-0.483623
965,-1.5607,0.283112,0.230371,-0.099098,0.508952,-0.564317
1129,-0.527741,-0.665117,0.80727,-0.099098,0.290451,0.807488
953,0.78693,0.793697,-0.346528,-0.099098,-0.292218,0.242627
45,0.880835,0.939579,0.92265,-0.099098,0.217617,-1.53265
680,0.317404,2.47133,0.345751,-0.099098,-0.146551,0.323321
1014,-0.621646,1.08546,1.03803,-0.099098,-0.292218,0.323321
581,-0.527741,2.98192,1.49955,-0.099098,-0.365051,-0.160845
174,-0.527741,1.37722,-0.692668,-0.099098,-0.874886,1.45304
1154,1.81989,-0.665117,-0.000388746,-0.099098,-0.000883426,-0.564317
1018,-1.5607,1.30428,0.230371,-0.099098,-0.874886,0.000543763
688,0.223499,-0.519236,-0.000388746,-0.099098,-1.02055,-1.61334
1419,-0.527741,-0.738058,-1.38495,-0.099098,-0.874886,0.48471
881,5.48218,-0.810999,0.230371,-0.099098,-1.23905,-1.77473
53,-0.527741,0.0642901,0.92265,-0.099098,0.436118,-0.160845
1333,2.85284,2.10663,-0.231148,-0.099098,0.0719502,-0.0801506
106,-0.527741,-0.592176,0.461131,-0.099098,-0.583552,-1.20987
410,-0.527741,0.210172,-1.38495,-0.099098,-0.146551,-0.322234
1481,-0.527741,-0.519236,-1.61571,-0.099098,1.23729,0.565405
787,-0.527741,0.137231,0.114991,-0.099098,1.96562,2.25999
825,-0.527741,-0.446295,0.69189,-0.099098,0.144784,-0.322234
290,-0.527741,-0.738058,-0.692668,-0.099098,0.508952,0.726793
1231,-0.246026,-0.300414,-0.461908,-0.099098,-0.000883426,-0.0801506
839,-0.527741,-0.665117,-0.115769,-0.099098,-1.31189,-0.160845
267,-0.246026,-1.24864,0.230371,-0.099098,-0.000883426,0.0812382
159,-0.527741,1.23134,-0.231148,-0.099098,1.52862,0.726793
547,-0.527741,2.90898,0.461131,-0.099098,-0.000883426,0.968876
1182,-0.246026,-0.883939,1.15341,-0.099098,-2.25872,1.29165
291,-0.0582161,-0.519236,-0.461908,-0.099098,0.654619,0.646099
599,-0.527741,-0.00865065,-0.808048,-0.099098,0.654619,0.565405
617,-0.621646,0.0642901,0.57651,-0.099098,0.508952,0.888182
412,1.35036,-0.373354,-0.577288,-0.099098,0.800286,0.565405
76,-0.527741,1.01252,0.461131,-0.099098,0.945953,0.242627
728,-0.527741,0.0642901,0.80727,-0.099098,-0.000883426,0.0812382
134,-0.527741,-0.738058,0.461131,-0.099098,-1.09339,0.646099
942,-0.527741,-0.00865065,1.26879,-0.099098,0.508952,-0.0801506
626,-0.0582161,1.45016,0.80727,-0.099098,0.581785,0.242627
294,-0.527741,-0.300414,-1.03881,-0.099098,0.945953,0.888182
301,-0.527741,-0.738058,-1.03881,-0.099098,1.67429,0.404016
677,0.78693,0.356053,-1.50033,-0.099098,-0.219384,0.726793
281,-0.527741,-0.227473,-2.07723,-0.099098,2.03846,1.61443
486,-0.527741,-0.883939,1.15341,-0.099098,-0.583552,-2.01682
858,-0.527741,-0.592176,0.69189,-0.099098,-0.146551,-0.160845
554,2.66503,0.720757,0.230371,-0.099098,-1.74889,-0.967789
805,0.505214,-0.883939,-0.231148,-0.099098,0.290451,0.242627
400,-0.152121,-0.883939,-0.346528,-0.099098,-0.146551,-1.29057
1188,-0.152121,0.866638,-0.577288,-0.099098,2.40262,2.50207
1037,-0.527741,-0.883939,0.345751,-0.099098,0.654619,0.323321
877,2.0077,-0.154532,0.461131,-0.099098,-0.802053,-0.483623
1194,1.16255,-0.519236,0.57651,-0.099098,-1.45756,-0.402928
51,3.60408,-0.883939,-0.577288,-0.099098,-0.656386,0.242627
1431,-0.527741,0.720757,-1.03881,-0.099098,0.0719502,-0.322234
34,-0.527741,-0.00865065,-0.923428,-0.099098,2.03846,1.93721
429,-0.527741,-0.665117,0.230371,-0.099098,1.16445,0.968876
436,-0.527741,0.793697,0.230371,-0.099098,-0.437885,0.242627
715,-0.527741,-0.227473,-0.577288,-0.099098,-0.146551,-0.0801506
1146,1.53817,-0.665117,0.230371,-0.099098,-1.67606,-0.322234
1434,-0.527741,-0.810999,-1.84647,-0.099098,2.62113,2.25999
1385,-0.527741,-1.02982,-1.38495,-0.099098,-0.292218,0.726793
150,-0.246026,-1.02982,-0.000388746,-0.099098,0.581785,0.000543763
1472,3.04065,-0.519236,0.461131,-0.099098,0.654619,1.37235
567,0.035689,-0.300414,-0.923428,-0.099098,1.45579,0.242627
1163,-0.152121,0.0642901,1.03803,-0.099098,0.217617,-2.01682
855,0.78693,-0.810999,-1.38495,-0.099098,-1.02055,-1.37126
49,-0.527741,-0.738058,-1.84647,-0.099098,-0.583552,-2.09751
364,-0.527741,-1.02982,0.345751,-0.099098,-0.874886,-0.241539
1091,0.129594,-0.592176,0.345751,-0.099098,-0.219384,-0.483623
1364,-0.527741,0.720757,-1.03881,-0.099098,2.76679,2.0179
1380,0.223499,-0.300414,-1.38495,-0.099098,0.290451,-0.483623
94,0.035689,-0.0815914,-0.115769,-0.099098,-0.073717,0.888182
1121,-0.527741,0.210172,0.114991,-0.099098,-0.802053,-0.402928
23,-0.527741,-0.95688,0.230371,-0.099098,-0.510719,0.242627
789,-0.527741,0.0642901,0.114991,-0.099098,1.96562,1.85651
293,-0.527741,-0.883939,-0.577288,-0.099098,0.363284,0.48471
1255,-0.527741,-0.810999,0.80727,-0.099098,-1.38472,-1.53265
1069,-0.527741,-0.665117,0.69189,-0.099098,-0.656386,-0.8064
220,1.16255,0.137231,0.461131,-0.099098,1.45579,1.21096
1432,-0.527741,-0.227473,0.230371,-0.099098,3.05813,1.29165
851,0.97474,2.17957,0.114991,-0.099098,-0.94772,-0.483623
1357,3.41627,2.10663,0.69189,-0.099098,0.0719502,-0.887095
711,-0.527741,-0.738058,-1.84647,-0.099098,0.144784,1.13027
69,-0.527741,0.793697,-0.346528,-0.099098,2.25696,2.82485
766,2.19551,-0.154532,0.461131,-0.099098,-0.656386,-0.160845
946,2.19551,1.30428,0.57651,-0.099098,-0.874886,-0.483623
371,-0.527741,-0.592176,-0.115769,-0.099098,-0.146551,-0.887095
346,-0.527741,0.501934,-0.808048,-0.099098,1.45579,1.53374
1412,0.880835,0.428994,-0.577288,-0.099098,0.581785,-0.483623
743,-0.527741,-0.95688,1.15341,-0.099098,-0.94772,-0.645011
356,-0.0582161,-0.883939,1.03803,-0.099098,0.436118,0.323321
1038,3.79189,-0.227473,-0.231148,-0.099098,-0.000883426,-0.160845
842,0.97474,-0.154532,0.80727,-0.099098,-0.073717,-0.402928
978,-0.527741,-0.00865065,-0.577288,-0.099098,0.945953,1.13027
1296,-0.527741,-0.00865065,-0.692668,-0.099098,0.654619,1.13027
342,-0.152121,-0.665117,-0.231148,-0.099098,-0.000883426,0.000543763
74,-0.527741,-0.227473,0.92265,-0.099098,-0.292218,-0.0801506
1426,-0.527741,-0.665117,-1.96185,-0.099098,-0.874886,1.37235
1455,3.22846,-0.519236,-1.26957,-0.099098,-0.874886,-0.8064
868,-0.527741,-0.883939,1.03803,-0.099098,1.01879,0.242627
758,-0.527741,-0.373354,0.92265,-0.099098,0.654619,-0.402928
1428,0.411309,-0.95688,-0.577288,-0.099098,-0.000883426,1.04957
484,0.035689,0.283112,-1.26957,-0.099098,1.09162,0.888182
782,0.223499,-0.519236,-1.84647,-0.099098,-1.38472,-1.61334
1330,-0.527741,-0.592176,1.15341,-0.099098,0.363284,-0.0801506
1106,1.63208,-0.300414,-1.38495,-0.099098,-0.292218,-0.160845
11,0.129594,-0.446295,1.03803,-0.099098,-0.583552,-1.04848
1111,-0.527741,0.501934,-1.61571,-0.099098,-0.729219,-0.564317
530,-0.527741,1.5231,-0.000388746,-0.099098,-0.146551,-0.160845
671,-0.527741,-0.883939,-0.577288,-0.099098,-0.94772,-0.725706
1446,-1.09117,2.69016,1.15341,-0.099098,-0.219384,0.000543763
833,-0.527741,0.939579,0.461131,-0.099098,-0.146551,-0.725706
446,-0.527741,-1.02982,-1.50033,-0.099098,-0.510719,-0.402928
200,-0.246026,0.793697,-0.692668,-0.099098,0.508952,0.565405
532,-0.152121,-0.665117,-0.231148,-0.099098,-0.000883426,-0.402928
164,-0.246026,-0.592176,0.345751,-0.099098,0.508952,0.0812382
732,-0.527741,3.20074,0.345751,-0.099098,-0.073717,0.161933
1439,-0.527741,1.96075,-0.692668,-0.099098,0.945953,1.69513
1134,-0.527741,-0.227473,-0.577288,-0.099098,-0.292218,-0.725706
1314,-0.527741,0.283112,1.38417,-0.099098,-0.292218,-0.241539
1384,2.66503,-0.0815914,-0.346528,-0.099098,-0.729219,-0.483623
1337,-0.527741,-0.810999,-1.73109,-0.099098,1.67429,0.726793
101,-0.527741,-1.02982,-1.26957,-0.099098,-1.02055,-0.564317
235,-0.0582161,-0.810999,0.92265,-0.099098,-0.656386,0.0812382
810,-0.246026,-0.810999,-1.03881,-0.099098,-0.656386,0.242627
50,0.035689,-0.373354,0.114991,-0.099098,-0.146551,-0.887095
459,-0.527741,2.98192,0.57651,-0.099098,0.508952,0.888182
807,0.035689,-0.227473,-0.000388746,-0.099098,-1.82172,-0.887095
1077,-0.246026,-1.24864,-1.26957,-0.099098,0.144784,0.404016
310,-0.0582161,-0.592176,0.114991,-0.099098,-1.82172,-0.8064
981,-0.433836,-1.02982,1.96107,-0.099098,-0.510719,-1.37126
1173,-0.0582161,-0.519236,0.114991,-0.099098,0.0719502,-0.160845
288,-0.527741,-1.02982,-0.808048,-0.099098,0.581785,0.807488
822,-0.527741,-0.0815914,0.461131,-0.099098,-0.292218,0.968876
398,0.505214,-0.300414,0.461131,-0.099098,-0.510719,-0.645011
1398,-0.527741,-0.665117,-1.03881,-0.099098,-1.45756,1.45304
445,-0.527741,-0.592176,-2.30799,-0.099098,-0.510719,-0.483623
422,1.44426,-0.810999,-0.115769,-0.099098,-0.000883426,-0.402928
232,0.317404,-0.883939,-1.96185,-0.099098,-1.02055,-1.04848
1064,-0.527741,0.0642901,-2.07723,-0.099098,0.0719502,0.0812382
856,-0.527741,-1.10276,0.69189,-0.099098,-0.146551,0.000543763
258,-0.527741,-0.446295,0.345751,-0.099098,-1.96739,-2.42029
1369,-0.527741,0.866638,-1.03881,-0.099098,1.52862,2.34068
600,0.97474,-1.02982,0.69189,-0.099098,-0.802053,-1.61334
1087,-0.527741,1.30428,0.345751,-0.099098,-0.219384,0.48471
1448,3.60408,-0.883939,-0.461908,-0.099098,-1.09339,-1.69404
1433,-0.527741,-0.446295,-1.50033,-0.099098,-0.073717,0.48471
12,-0.246026,0.647816,0.80727,-0.099098,-0.729219,-0.645011
1393,-0.152121,-1.02982,-1.50033,-0.099098,1.96562,1.61443
1422,0.411309,-0.519236,1.49955,-0.099098,-0.219384,-0.8064
1309,-0.527741,-0.0815914,0.114991,-0.099098,0.436118,-0.322234
603,-0.527741,0.866638,0.69189,-0.099098,0.0719502,-0.645011
208,-0.527741,1.74193,-0.692668,-0.099098,-0.000883426,-0.725706
1261,0.035689,-0.883939,-0.000388746,-0.099098,-1.60322,-1.85543
1103,-0.527741,-0.0815914,0.69189,-0.099098,-0.292218,0.48471
620,0.035689,1.66899,1.26879,-0.099098,0.436118,0.000543763
550,-0.527741,-0.519236,0.114991,-0.099098,-0.656386,-0.725706
845,-0.527741,-0.665117,0.230371,-0.099098,-0.365051,-0.402928
241,-0.527741,-0.95688,1.15341,-0.099098,0.217617,0.242627
339,1.35036,-0.738058,0.345751,-0.099098,0.436118,0.726793
104,-0.527741,-0.154532,0.57651,-0.099098,-0.219384,-0.887095
1366,1.63208,0.137231,1.15341,-0.099098,0.508952,0.242627
312,-0.527741,-0.154532,0.114991,-0.099098,0.581785,0.807488
72,-0.527741,2.54427,-0.692668,-0.099098,0.727452,0.000543763
21,-0.527741,-0.300414,-0.231148,-0.099098,-0.510719,-0.483623
1026,1.06864,1.23134,1.38417,-0.099098,-0.94772,-1.61334
631,0.505214,2.7631,-0.346528,-0.099098,0.363284,0.726793
1215,-0.527741,-0.95688,0.57651,-0.099098,-0.656386,-0.0801506
1440,-0.527741,0.0642901,-2.30799,-0.099098,0.727452,1.45304
1382,3.79189,-0.883939,-0.346528,-0.099098,-1.82172,-0.725706
399,-0.527741,2.32545,-0.000388746,-0.099098,0.508952,0.726793
460,-0.152121,-0.95688,1.38417,-0.099098,0.290451,-0.402928
118,-0.527741,-0.300414,-0.231148,-0.099098,-1.09339,0.161933
1270,-0.527741,-1.02982,0.114991,-0.099098,0.363284,1.53374
904,1.06864,-0.738058,0.230371,-0.099098,0.508952,0.404016
914,-0.0582161,0.283112,1.03803,-0.099098,-0.583552,-2.33959
649,-0.527741,1.66899,-0.346528,-0.099098,0.800286,0.726793
999,-0.527741,-0.446295,-0.346528,-0.099098,1.67429,0.807488
1172,-0.0582161,-0.592176,0.114991,-0.099098,0.217617,-0.160845
865,-0.527741,-0.00865065,0.114991,-0.099098,0.800286,0.404016
525,1.35036,-0.95688,-0.692668,-0.099098,-0.437885,-0.725706
602,-0.527741,1.59605,0.345751,-0.099098,-1.02055,-0.8064
841,2.1016,-0.810999,0.345751,-0.099098,-1.23905,-2.33959
1230,0.78693,0.793697,-0.461908,-0.099098,-0.146551,-0.483623
691,2.75894,0.574875,0.345751,-0.099098,-0.510719,-1.77473
922,-0.527741,-1.02982,-0.000388746,-0.099098,-0.365051,0.161933
1350,-0.527741,0.720757,-0.923428,-0.099098,0.436118,1.45304
1090,-0.246026,3.20074,1.96107,-0.099098,-0.583552,-0.564317
1400,-0.527741,0.210172,-1.61571,-0.099098,0.363284,-1.20987
770,-0.527741,-0.810999,0.57651,-0.099098,-1.60322,-1.12918
1045,-0.527741,2.25251,0.57651,-0.099098,0.217617,0.0812382
848,-0.527741,0.428994,-0.115769,-0.099098,-0.146551,0.48471
742,0.693024,-0.95688,-1.38495,-0.099098,-0.656386,-0.160845
764,0.223499,-0.883939,-0.115769,-0.099098,-0.365051,-0.725706
862,-0.527741,-0.00865065,-1.96185,-0.099098,0.581785,0.242627
237,-0.527741,-0.665117,2.88411,-0.099098,-0.874886,0.0812382
571,0.505214,-0.373354,1.26879,-0.099098,-0.729219,0.242627
102,-0.527741,1.01252,-0.000388746,-0.099098,-0.219384,0.161933
1482,1.06864,-0.738058,1.15341,-0.099098,-0.510719,-0.8064
1238,-0.527741,1.23134,-0.000388746,-0.099098,0.508952,-1.20987
867,-0.527741,1.01252,0.461131,-0.099098,-0.073717,-0.402928
1392,-0.527741,0.501934,-2.76951,-0.099098,1.09162,0.968876
497,0.880835,-0.665117,-0.577288,-0.099098,-0.146551,-0.564317
250,-0.527741,-0.227473,0.230371,10.8677,-0.437885,0.242627
1257,-0.527741,-0.00865065,1.38417,-0.099098,-1.23905,-1.12918
657,-0.527741,-0.665117,-0.115769,-0.099098,-0.802053,-1.20987
875,3.13456,1.01252,-0.000388746,-0.099098,-1.23905,-1.77473
57,-0.527741,0.501934,0.114991,-0.099098,0.217617,-0.483623
719,-0.527741,-0.300414,-1.50033,-0.099098,1.89279,1.37235
686,-0.527741,-0.519236,0.57651,-0.099098,-0.219384,0.000543763
1460,-0.0582161,2.03369,-0.461908,-0.099098,-0.292218,0.968876
114,6.79685,-0.738058,-0.000388746,-0.099098,-0.365051,0.0812382
573,-0.527741,-0.592176,-0.231148,-0.099098,-0.729219,-0.241539
71,0.129594,0.0642901,-0.115769,-0.099098,0.581785,0.0812382
517,-0.527741,2.10663,0.92265,-0.099098,0.144784,-0.160845
699,1.91379,-0.810999,-0.000388746,-0.099098,-0.219384,-0.241539
203,-0.152121,2.83604,-1.03881,-0.099098,-0.583552,0.646099
452,-0.527741,2.61722,0.461131,-0.099098,-0.365051,0.323321
1248,0.505214,-1.1757,0.80727,-0.099098,0.945953,0.646099
188,-0.246026,0.137231,0.230371,-0.099098,0.654619,0.000543763
1386,-0.246026,0.356053,-1.15419,-0.099098,2.18412,2.58276
1420,-0.527741,-0.0815914,-0.808048,-0.099098,2.18412,2.34068
1334,-0.527741,-0.665117,0.114991,-0.099098,-1.02055,0.0812382
1073,0.97474,-0.154532,-0.000388746,-0.099098,-0.146551,0.0812382
270,0.129594,-0.738058,0.345751,-0.099098,-0.292218,-1.20987
739,-0.527741,0.137231,-0.115769,-0.099098,1.45579,2.74415
167,-0.527741,0.137231,-1.96185,-0.099098,-1.74889,0.000543763
1360,-0.0582161,-0.810999,-1.61571,-0.099098,-0.073717,0.242627
438,0.411309,-0.592176,1.26879,-0.099098,-1.16622,-1.29057
561,-0.152121,-0.00865065,-1.15419,-0.099098,1.60146,0.48471
1167,2.47722,-0.373354,1.26879,-0.099098,0.800286,0.000543763
248,-0.527741,0.283112,-1.84647,-0.099098,0.363284,-0.645011
622,-0.527741,1.30428,0.69189,-0.099098,-1.02055,-0.967789
773,-0.0582161,0.137231,-0.000388746,-0.099098,1.74712,1.77582
172,-0.527741,-0.227473,-0.000388746,-0.099098,1.16445,-0.402928
308,-0.527741,-0.00865065,-0.577288,-0.099098,0.508952,0.888182
259,0.880835,-0.300414,0.69189,-0.099098,0.363284,0.323321
1417,-0.527741,-0.883939,-1.61571,-0.099098,-0.874886,-1.04848
1217,-0.527741,0.428994,-0.577288,-0.099098,-1.82172,-0.160845
616,-1.5607,0.501934,1.26879,-0.099098,0.581785,0.161933
38,-0.527741,1.30428,-0.808048,-0.099098,0.654619,0.242627
168,1.81989,1.01252,-1.38495,-0.099098,-0.802053,-0.645011
971,-1.5607,-0.592176,0.230371,-0.099098,-0.437885,0.48471
536,0.505214,-0.446295,0.69189,-0.099098,0.87312,1.13027
217,-0.527741,1.66899,1.03803,-0.099098,-0.219384,-0.322234
628,-0.527741,1.08546,0.461131,-0.099098,-0.874886,0.323321
1127,-0.152121,-0.592176,1.15341,-0.099098,-1.23905,-0.322234
507,-0.527741,0.428994,-2.42337,-0.099098,-0.94772,0.404016
109,-0.527741,-0.227473,-0.231148,-0.099098,-1.67606,0.807488
1178,-0.152121,-1.10276,1.49955,-0.099098,-0.437885,-0.887095
1348,-0.527741,-0.738058,0.461131,-0.099098,-1.82172,-0.8064
720,-0.527741,-0.592176,0.80727,10.8677,-0.073717,-1.85543
572,-0.527741,-0.446295,-0.923428,-0.099098,0.508952,-0.483623
99,-0.527741,0.0642901,0.80727,-0.099098,1.01879,0.565405
975,-1.27898,0.866638,1.49955,-0.099098,1.60146,-1.04848
1061,-0.527741,-1.24864,-0.346528,-0.099098,-0.656386,-0.0801506
1253,-0.527741,-0.665117,1.03803,-0.099098,-0.583552,0.000543763
824,-0.527741,-0.665117,0.80727,-0.099098,-0.583552,0.242627
1307,-0.527741,-0.665117,0.345751,-0.099098,1.16445,0.323321
388,0.880835,-0.00865065,0.114991,-0.099098,0.581785,-0.725706
271,3.32237,3.85721,-0.115769,-0.099098,-0.292218,-0.564317
708,0.411309,2.25251,-0.923428,-0.099098,2.40262,0.565405
331,-0.527741,0.356053,-0.000388746,-0.099098,1.38295,0.807488
18,-0.527741,-0.373354,0.57651,-0.099098,-0.000883426,-1.29057
707,-0.527741,-1.90511,-0.115769,-0.099098,1.38295,0.968876
730,-0.527741,-0.95688,-1.61571,-0.099098,0.217617,0.0812382
1287,5.20047,1.5231,-1.26957,-0.099098,0.363284,-0.887095
1408,0.035689,0.501934,-1.73109,-0.099098,1.81996,1.85651
1451,-1.09117,-0.00865065,1.26879,-0.099098,-1.02055,-0.160845
154,0.035689,-0.738058,-0.461908,-0.099098,-1.02055,1.45304
1329,0.411309,-0.883939,-0.577288,-0.099098,-0.000883426,-0.241539
694,-0.152121,-0.95688,1.26879,-0.099098,-0.437885,-1.29057
135,0.317404,-0.373354,-0.000388746,-0.099098,-1.16622,0.323321
927,0.505214,-0.519236,1.61493,-0.099098,-0.510719,-0.483623
1264,-0.527741,-0.738058,0.114991,-0.099098,-0.437885,0.404016
1343,-0.246026,-0.810999,-2.07723,-0.099098,0.508952,0.323321
298,-0.527741,-0.519236,-0.577288,-0.099098,-1.16622,-0.967789
333,2.1016,3.78427,-1.61571,-0.099098,2.47546,1.29165
970,0.317404,-0.519236,0.69189,-0.099098,0.800286,-0.160845
607,-0.527741,2.7631,0.345751,-0.099098,-0.583552,0.242627
60,-0.527741,1.88781,0.230371,-0.099098,-0.510719,-1.20987
682,-0.809457,-0.665117,0.114991,-0.099098,-1.02055,-0.483623
1281,-0.527741,-0.665117,0.461131,-0.099098,-0.583552,-1.04848
1361,-0.527741,0.0642901,-1.03881,-0.099098,-0.802053,1.04957
78,-0.527741,1.01252,1.03803,-0.099098,0.945953,0.565405
405,0.880835,-0.883939,1.38417,-0.099098,-0.437885,-0.645011
604,-0.527741,-0.446295,0.92265,-0.099098,-0.656386,0.323321
1122,3.69799,-0.154532,0.57651,-0.099098,-1.23905,-0.241539
1109,-0.621646,0.720757,2.07645,-0.099098,-2.25872,-2.74307
1354,-0.527741,-0.0815914,-1.73109,-0.099098,2.03846,1.69513
1277,0.78693,1.23134,-0.923428,-0.099098,-0.073717,0.000543763
1305,-0.527741,-0.665117,0.69189,-0.099098,-0.000883426,-0.564317
1228,-0.527741,-0.665117,-2.19261,-0.099098,-1.38472,-0.8064
84,-0.527741,1.23134,-1.15419,10.8677,1.23729,0.968876
5,-0.527741,-0.665117,0.69189,6.50743,0.0719502,-0.8064
1430,0.223499,-0.665117,-0.808048,-0.099098,-1.53039,-1.93612
1435,2.28941,-0.883939,0.80727,-0.099098,-0.874886,-0.483623
995,-0.527741,-0.738058,0.92265,-0.099098,-0.146551,-0.322234
925,-0.152121,0.501934,0.114991,-0.099098,-0.219384,-0.402928
1308,0.317404,-1.02982,-0.231148,-0.099098,0.144784,0.0812382
377,0.317404,-1.32158,-0.000388746,-0.099098,1.74712,0.242627
461,-0.527741,0.137231,0.345751,-0.099098,1.23729,0.0812382
819,-0.527741,0.283112,-0.000388746,-0.099098,1.38295,1.61443
1025,-0.527741,0.720757,1.15341,-0.099098,0.217617,0.565405
478,1.16255,0.283112,-0.115769,-0.099098,-0.000883426,-0.402928
523,0.880835,-0.519236,-0.346528,-0.099098,0.0719502,-0.564317
1095,0.317404,1.66899,0.345751,-0.099098,-0.365051,-0.725706
306,0.693024,-0.810999,-0.115769,-0.099098,-1.09339,-0.322234
359,-0.246026,-0.592176,0.80727,-0.099098,0.290451,0.48471
1072,-0.527741,-0.592176,0.80727,-0.099098,0.654619,0.404016
576,-0.527741,0.137231,-0.000388746,-0.099098,0.363284,1.21096
381,-0.527741,-0.665117,-0.000388746,-0.099098,-1.38472,-0.402928
1335,-0.527741,-0.738058,-1.73109,-0.099098,1.31012,1.45304
122,-0.527741,1.23134,0.461131,-0.099098,1.23729,0.968876
80,-0.527741,1.74193,0.57651,-0.099098,-0.146551,-0.402928
1342,-0.0582161,-0.00865065,-0.115769,-0.099098,-0.146551,-0.0801506
905,-0.527741,-1.10276,-1.26957,-0.099098,-0.365051,1.29165
1184,-0.527741,-0.883939,-3.3464,-0.099098,-1.82172,-0.645011
7,0.599119,-0.446295,1.03803,-0.099098,-0.146551,-0.402928
774,-0.527741,-0.883939,0.230371,-0.099098,-0.874886,0.968876
1102,-0.527741,0.647816,-2.19261,-0.099098,-0.874886,-0.645011
144,-0.527741,-0.738058,0.345751,-0.099098,-0.510719,0.565405
746,-0.527741,-0.592176,-2.76951,-0.099098,-1.60322,-0.322234
252,-0.527741,-1.02982,-0.461908,-0.099098,-0.802053,-1.77473
733,0.317404,-0.738058,0.345751,-0.099098,-0.073717,-0.402928
1235,-0.152121,-0.446295,-0.115769,-0.099098,-0.802053,-0.241539
695,-0.527741,1.5231,1.15341,-0.099098,2.69396,-0.241539
423,-0.527741,-0.154532,-2.19261,-0.099098,-1.23905,-1.77473
961,1.44426,1.1584,-0.231148,-0.099098,-1.09339,-1.37126
403,-0.527741,-0.810999,-0.346528,-0.099098,0.217617,-0.564317
1403,1.06864,-0.519236,-1.26957,-0.099098,1.38295,0.565405
1174,-0.0582161,-0.00865065,0.114991,-0.099098,0.0719502,-0.160845
156,-0.527741,-1.1757,0.69189,-0.099098,-0.583552,-0.564317
121,-0.527741,1.45016,0.57651,-0.099098,0.363284,0.242627
1347,-0.527741,-0.446295,0.114991,-0.099098,-0.656386,-0.160845
823,-0.527741,-0.883939,-0.231148,-0.099098,0.217617,0.726793
211,-0.527741,2.03369,-0.577288,-0.099098,0.363284,-0.402928
1023,2.75894,0.137231,1.73031,-0.099098,-0.656386,-0.0801506
198,-0.527741,0.283112,-1.50033,-0.099098,1.60146,0.888182
852,-0.527741,0.574875,-1.73109,-0.099098,2.25696,0.404016
912,-0.527741,-0.0815914,0.92265,-0.099098,0.363284,-0.402928
469,-0.152121,-0.665117,-0.923428,-0.099098,-0.729219,-0.402928
652,-0.527741,2.61722,0.92265,-0.099098,-0.656386,-0.241539
189,-0.527741,-1.10276,0.114991,-0.099098,-0.94772,-0.645011
545,-0.0582161,-0.00865065,0.345751,-0.099098,-1.23905,-0.967789
983,-1.5607,-0.300414,0.345751,-0.099098,-0.874886,-0.564317
117,-0.527741,1.59605,0.80727,-0.099098,-0.219384,-0.241539
1256,-0.527741,-0.519236,-0.000388746,-0.099098,-0.874886,-0.645011
1131,-0.527741,-1.39452,0.114991,-0.099098,0.363284,0.565405
564,-0.527741,0.137231,0.230371,-0.099098,-0.292218,0.565405
1239,-0.527741,1.30428,-0.000388746,-0.099098,0.800286,0.161933
541,-0.152121,-0.227473,-1.96185,-0.099098,-0.802053,-1.04848
223,-0.527741,-0.154532,1.03803,-0.099098,0.508952,-0.725706
590,0.78693,-0.738058,-0.115769,-0.099098,1.16445,0.323321
221,-0.527741,-0.883939,-1.50033,-0.099098,-0.219384,0.323321
77,-0.0582161,2.03369,0.345751,-0.099098,-0.000883426,0.323321
372,-0.527741,-0.592176,0.57651,-0.099098,-0.437885,-1.29057
146,-0.246026,-0.883939,-0.000388746,-0.099098,0.654619,-0.160845
379,-0.527741,-1.10276,-0.346528,-0.099098,-1.45756,0.000543763
1210,-0.527741,-0.738058,0.92265,-0.099098,0.581785,-1.04848
1275,3.9797,-0.519236,-0.000388746,-0.099098,-0.365051,-1.12918
1467,-1.5607,0.283112,0.80727,-0.099098,-0.874886,-0.160845
30,0.411309,-1.1757,-0.808048,-0.099098,0.217617,0.323321
559,-0.527741,1.88781,0.345751,-0.099098,-0.729219,0.161933
1001,-0.152121,0.720757,-0.115769,-0.099098,-0.583552,-0.0801506
1030,0.035689,-1.32158,0.92265,-0.099098,-0.656386,-0.322234
251,0.505214,-0.373354,0.69189,-0.099098,0.654619,0.646099
431,-0.527741,-0.0815914,-1.84647,-0.099098,-0.94772,0.968876
565,-0.0582161,1.30428,-0.577288,-0.099098,0.217617,-0.160845
263,0.97474,-0.446295,-0.346528,-0.099098,0.727452,0.48471
1123,-0.527741,-0.592176,-1.38495,-0.099098,-0.94772,-0.8064
326,-0.527741,1.08546,-1.26957,-0.099098,2.25696,3.22832
949,-0.527741,-0.0815914,0.69189,-0.099098,0.144784,-0.322234
432,-0.527741,2.7631,0.114991,-0.099098,-0.365051,0.48471
1447,1.16255,-0.810999,0.114991,-0.099098,-1.16622,-2.09751
544,-0.152121,-0.227473,-1.96185,-0.099098,-0.802053,-1.04848
552,2.28941,-0.446295,0.230371,-0.099098,-0.000883426,-0.0801506
1183,-0.527741,-0.738058,-3.11564,-0.099098,-0.656386,-0.645011
1100,0.317404,-1.02982,-0.115769,-0.099098,-0.94772,-0.241539
847,-0.0582161,0.137231,0.69189,-0.099098,0.0719502,0.0812382
1076,-0.527741,0.720757,-1.15419,-0.099098,1.96562,2.58276
1108,0.599119,0.793697,-1.61571,-0.099098,0.144784,1.21096
170,0.411309,-0.227473,0.345751,-0.099098,-1.38472,-0.483623
242,-0.527741,-0.300414,2.53797,-0.099098,-0.583552,0.565405
1242,-0.527741,-1.10276,-0.231148,-0.099098,0.945953,-0.564317
1268,-0.527741,-0.154532,-0.808048,-0.099098,2.18412,2.66346
347,-0.0582161,-0.300414,0.92265,-0.099098,-1.96739,-1.61334
1214,-0.527741,0.428994,-1.03881,-0.099098,-0.510719,-1.77473
518,-0.527741,-0.738058,-0.231148,-0.099098,-0.583552,-1.45196
120,-0.527741,0.137231,-2.42337,-0.099098,1.01879,0.968876
750,-0.527741,-0.810999,0.57651,-0.099098,-0.729219,-1.12918
666,-0.527741,-0.665117,0.57651,-0.099098,-0.073717,0.807488
378,-0.527741,-0.810999,-1.38495,-0.099098,1.38295,-0.160845
1097,1.63208,-0.300414,-0.346528,-0.099098,-0.219384,0.000543763
1204,-0.527741,-0.300414,-0.115769,-0.099098,-1.23905,-1.04848
427,-0.246026,-0.519236,1.26879,-0.099098,-1.16622,-1.20987
127,-0.527741,1.96075,-0.231148,-0.099098,-0.292218,1.69513
24,-0.527741,-0.810999,0.230371,-0.099098,-0.292218,0.242627
911,-0.527741,-0.00865065,-0.000388746,-0.099098,-1.16622,0.646099
1221,-0.152121,-0.519236,-0.000388746,-0.099098,-0.219384,-0.241539
380,-0.527741,0.866638,-0.231148,-0.099098,-0.437885,0.0812382
811,-0.527741,-0.373354,0.345751,-0.099098,-0.000883426,-0.402928
1035,2.0077,0.137231,0.57651,-0.099098,-1.16622,-2.01682
467,-0.527741,-0.0815914,1.15341,-0.099098,-0.510719,0.0812382
1464,0.035689,-0.810999,0.230371,-0.099098,-1.82172,-0.8064
598,0.78693,4.07603,-0.000388746,-0.099098,-0.729219,1.45304
814,-0.527741,0.574875,0.92265,-0.099098,-0.583552,1.21096
593,-0.527741,2.03369,-2.07723,-0.099098,1.16445,1.29165
406,-0.903362,-0.154532,0.92265,-0.099098,-0.94772,-1.29057
1135,0.317404,-0.227473,1.15341,-0.099098,-0.729219,-0.887095
360,-0.0582161,-1.24864,-0.577288,-0.099098,-2.40439,-0.967789
62,1.44426,0.428994,0.114991,-0.099098,-0.146551,-0.564317
37,-0.152121,-0.592176,0.80727,-0.099098,-0.729219,-0.402928
980,-0.433836,-1.02982,1.96107,-0.099098,-0.510719,-1.37126
799,0.317404,-0.519236,-2.30799,-0.099098,-0.802053,-0.0801506
717,2.38332,-0.665117,-0.231148,-0.099098,-1.38472,-0.645011
424,1.35036,0.356053,-2.30799,-0.099098,2.54829,2.82485
681,2.57113,0.210172,0.345751,-0.099098,-1.23905,-0.322234
998,-0.527741,-0.227473,0.57651,-0.099098,1.38295,0.323321
1186,-0.527741,-0.154532,-0.808048,-0.099098,-0.073717,-1.53265
234,-0.527741,-0.227473,0.461131,-0.099098,2.32979,2.0179
710,-0.527741,-0.738058,-1.15419,-0.099098,2.03846,1.21096
1402,-0.527741,-0.154532,-1.26957,-0.099098,1.23729,0.888182
363,-0.527741,1.37722,0.80727,-0.099098,2.98529,1.53374
1478,-1.5607,0.647816,1.84569,-0.099098,-0.874886,-0.8064
514,-0.527741,1.66899,-1.96185,-0.099098,3.20379,0.807488
278,0.223499,-0.373354,-0.000388746,-0.099098,0.144784,0.323321
562,-0.527741,-0.300414,-0.577288,-0.099098,-0.073717,-0.483623
806,1.06864,-0.00865065,-0.000388746,-0.099098,-0.94772,-0.160845
830,-0.527741,-0.665117,-0.577288,-0.099098,1.96562,0.565405
656,1.72598,0.137231,0.57651,-0.099098,-0.219384,-0.322234
1055,-0.527741,-0.665117,0.92265,-0.099098,-0.292218,-0.483623
674,0.78693,1.08546,0.345751,-0.099098,-0.000883426,-1.12918
1245,1.16255,0.501934,0.57651,-0.099098,0.290451,-0.160845
357,0.129594,-0.592176,0.461131,-0.099098,-1.38472,-1.53265
1372,-0.527741,0.210172,-0.461908,-0.099098,-0.365051,-0.887095
404,-0.527741,-0.738058,0.69189,-0.099098,-0.292218,-0.402928
895,1.06864,-0.665117,0.345751,-0.099098,0.290451,0.242627
678,0.880835,0.283112,0.230371,-0.099098,-0.146551,0.968876
887,-0.527741,-1.1757,0.345751,-0.099098,1.01879,0.000543763
41,-0.527741,1.01252,0.114991,-0.099098,2.62113,1.93721
1290,0.97474,0.210172,0.230371,-0.099098,0.217617,-0.402928
533,4.44923,-0.665117,-0.808048,-0.099098,-0.437885,0.242627
394,-0.527741,-1.10276,0.57651,-0.099098,-1.60322,0.0812382
1379,-0.527741,0.210172,0.57651,-0.099098,-0.292218,0.888182
772,-0.0582161,0.137231,-0.000388746,-0.099098,1.74712,1.77582
197,0.035689,0.210172,-1.84647,-0.099098,1.60146,0.968876
272,1.81989,-0.738058,-1.73109,-0.099098,0.0719502,0.404016
1089,-0.0582161,-0.519236,-1.84647,-0.099098,1.45579,0.565405
408,-1.09117,1.88781,0.57651,-0.099098,-0.802053,-0.887095
723,0.317404,-0.00865065,-0.000388746,-0.099098,1.01879,0.161933
480,-0.152121,-0.519236,-1.84647,-0.099098,-1.31189,-1.12918
524,-0.527741,-0.883939,-0.115769,-0.099098,0.290451,0.323321
1282,-0.527741,-0.373354,2.88411,-0.099098,-0.583552,-0.402928
1395,0.411309,-0.227473,-0.115769,-0.099098,1.52862,0.0812382
73,-0.527741,2.90898,0.461131,-0.099098,-0.365051,0.404016
754,-0.0582161,0.647816,-0.808048,-0.099098,1.81996,0.807488
1353,-0.527741,-0.665117,0.80727,-0.099098,-0.000883426,-0.8064
1358,-0.527741,-1.24864,-1.61571,-0.099098,1.38295,1.29165
586,1.44426,-0.95688,1.03803,-0.099098,-0.510719,-0.887095
163,1.72598,-1.02982,-0.000388746,-0.099098,-0.583552,0.0812382
1289,-0.246026,-0.810999,-0.115769,-0.099098,-0.073717,-0.967789
804,0.035689,-0.738058,0.461131,-0.099098,-1.02055,-0.887095
1110,0.317404,-0.810999,0.345751,-0.099098,1.01879,-1.53265
1002,-0.527741,0.0642901,0.345751,-0.099098,-0.437885,0.968876
882,3.04065,-0.95688,-0.000388746,-0.099098,-1.02055,-0.160845
1250,0.505214,-0.883939,1.73031,-0.099098,-0.656386,0.726793
756,0.223499,0.647816,1.03803,-0.099098,-0.146551,-0.402928
14,-0.527741,-0.519236,-0.577288,-0.099098,1.16445,0.404016
1138,-0.246026,-0.519236,0.114991,-0.099098,-0.000883426,-0.402928
509,0.317404,-0.883939,0.461131,-0.099098,-0.510719,-0.402928
629,0.317404,1.96075,-0.000388746,-0.099098,0.581785,0.242627
1083,-0.527741,0.574875,0.80727,-0.099098,0.290451,0.726793
458,-0.246026,3.4925,0.345751,-0.099098,-0.365051,0.726793
414,-0.0582161,0.647816,-2.30799,-0.099098,0.0719502,1.04957
402,-0.527741,2.61722,0.345751,-0.099098,-0.219384,-0.402928
890,4.07361,0.210172,0.114991,-0.099098,-0.073717,-0.0801506
246,1.25645,1.81487,-0.577288,-0.099098,-0.437885,1.45304
1341,-0.527741,-0.373354,0.345751,-0.099098,1.09162,0.646099
1429,-0.527741,0.210172,-0.000388746,-0.099098,-2.18589,0.807488
1151,0.317404,-0.154532,-1.61571,-0.099098,-0.146551,1.21096
892,3.13456,-0.227473,-0.000388746,-0.099098,0.0719502,0.888182
79,-0.527741,1.66899,0.114991,-0.099098,-0.510719,0.565405
1029,-0.527741,0.210172,0.230371,-0.099098,-0.583552,-0.967789
938,-0.527741,-1.32158,0.230371,-0.099098,1.60146,0.0812382
321,-0.527741,-0.665117,0.80727,-0.099098,-1.09339,-1.12918
1338,-0.152121,-0.810999,0.230371,-0.099098,0.727452,-1.04848
771,-0.527741,-0.00865065,0.92265,-0.099098,-0.146551,-0.322234
1362,-0.527741,-0.300414,-0.808048,-0.099098,-0.365051,0.0812382
511,-0.527741,0.501934,-0.923428,-0.099098,1.96562,0.807488
1144,-0.527741,-0.373354,-0.461908,-0.099098,-0.874886,0.646099
1459,3.9797,-0.227473,-0.461908,-0.099098,-0.656386,-0.402928
1114,3.8858,-0.592176,0.92265,-0.099098,-0.146551,0.404016
365,-0.0582161,-0.519236,0.230371,-0.099098,0.654619,-0.564317
1223,3.13456,-0.665117,1.26879,-0.099098,-0.656386,-0.887095
1285,1.25645,0.0642901,-0.231148,-0.099098,0.290451,-0.564317
1098,1.44426,-0.227473,0.57651,-0.099098,-1.23905,-0.645011
1283,-0.527741,-0.665117,2.88411,-0.099098,-0.802053,-0.402928
330,-0.527741,-0.300414,-2.07723,-0.099098,-0.94772,-1.29057
1229,0.317404,-0.738058,-0.115769,-0.099098,-0.437885,1.21096
1017,-0.246026,-0.519236,0.80727,-0.099098,-0.802053,1.21096
1168,0.880835,-0.300414,0.114991,-0.099098,-0.000883426,0.161933
1201,3.60408,-0.665117,0.345751,-0.099098,1.16445,1.21096
578,-0.527741,-0.373354,1.15341,-0.099098,-0.292218,-0.645011
1418,-0.246026,0.793697,-0.692668,-0.099098,-0.729219,-0.8064
1252,4.44923,-0.95688,0.230371,-0.099098,-1.23905,-2.66237
113,-0.0582161,1.5231,-0.115769,-0.099098,-0.729219,-0.483623
1274,2.85284,-0.665117,0.345751,-0.099098,-0.656386,-0.645011
701,-0.527741,-0.592176,0.114991,-0.099098,1.01879,2.0986
934,-0.621646,0.720757,0.80727,-0.099098,0.800286,-0.967789
284,-0.527741,0.428994,0.345751,-0.099098,-0.365051,0.48471
25,-0.527741,1.81487,0.230371,-0.099098,0.0719502,0.0812382
199,0.035689,0.501934,-1.38495,-0.099098,-0.292218,-0.564317
13,-0.527741,1.45016,0.230371,-0.099098,0.727452,-0.8064
1012,-0.246026,-0.300414,0.461131,-0.099098,-0.292218,-0.887095
540,-0.527741,-0.519236,1.38417,-0.099098,-0.000883426,-1.29057
992,-0.527741,0.647816,-0.346528,-0.099098,0.436118,-1.20987
813,-0.527741,-0.446295,-1.84647,-0.099098,1.16445,0.404016
434,1.81989,-0.519236,-0.115769,-0.099098,0.800286,0.323321
89,0.411309,1.08546,0.230371,-0.099098,-0.583552,-0.241539
1233,-0.527741,-0.592176,0.230371,-0.099098,-0.000883426,-0.402928
595,0.317404,-0.00865065,-1.03881,-0.099098,2.83963,0.161933
466,1.63208,-0.592176,1.03803,-0.099098,-0.365051,-0.967789
538,1.81989,0.283112,-0.346528,-0.099098,2.03846,-0.160845
632,-0.527741,-0.95688,-0.000388746,-0.099098,0.290451,1.13027
1436,-0.527741,0.137231,-1.03881,-0.099098,1.60146,1.85651
1471,-0.527741,-0.0815914,1.38417,-0.099098,0.0719502,-0.402928
821,-0.0582161,-0.738058,0.461131,-0.099098,0.363284,1.04957
323,3.69799,-0.519236,0.230371,-0.099098,0.290451,0.565405
338,0.129594,-0.810999,0.230371,-0.099098,0.87312,0.646099
91,-0.0582161,-0.300414,-0.346528,-0.099098,-0.292218,-0.967789
636,-0.527741,0.210172,-0.000388746,-0.099098,-0.510719,-1.45196
508,-0.527741,0.720757,0.80727,-0.099098,2.69396,2.66346
255,0.317404,0.501934,1.15341,-0.099098,-1.67606,-1.12918
448,-0.527741,-0.665117,-2.30799,-0.099098,-0.365051,0.565405
849,-0.527741,1.45016,-0.231148,-0.099098,0.654619,-0.322234
324,-0.152121,-0.665117,-1.15419,-0.099098,-0.583552,0.161933
468,0.223499,-0.95688,-0.808048,-0.099098,-0.219384,0.726793
635,0.78693,1.1584,0.114991,-0.099098,0.0719502,0.48471
275,-0.527741,-0.227473,-0.461908,-0.099098,-0.94772,0.242627
1297,0.693024,-0.519236,0.345751,-0.099098,2.11129,0.48471
623,-0.527741,0.647816,1.26879,-0.099098,0.217617,0.161933
492,-0.527741,0.720757,-1.38495,-0.099098,1.45579,1.85651
640,-0.527741,1.45016,-0.923428,-0.099098,-0.073717,-0.322234
908,-0.527741,-1.1757,0.92265,-0.099098,-0.292218,-0.725706
1299,0.035689,0.647816,-1.73109,-0.099098,2.11129,0.968876
1234,-0.527741,-0.373354,-0.346528,-0.099098,0.654619,0.0812382
763,-0.0582161,0.210172,-0.115769,-0.099098,0.87312,-0.564317
244,1.53817,-0.883939,0.230371,-0.099098,-2.18589,-1.93612
279,-0.527741,-1.10276,0.80727,-0.099098,-1.09339,-0.887095
1474,-0.527741,-0.665117,0.80727,-0.099098,-0.146551,0.888182
933,-0.621646,0.720757,0.80727,-0.099098,0.800286,-0.967789
563,-0.527741,-0.0815914,0.57651,-0.099098,-1.31189,-0.241539
349,1.35036,-0.810999,-0.461908,-0.099098,0.0719502,-1.20987
1191,-0.527741,-0.665117,-1.38495,-0.099098,-0.729219,1.21096
923,-0.527741,1.66899,-2.07723,-0.099098,0.436118,0.0812382
63,-0.0582161,-0.519236,1.03803,-0.099098,-0.656386,-0.322234
287,-0.527741,0.0642901,-1.26957,-0.099098,1.52862,0.48471
724,-0.527741,0.283112,-0.000388746,-0.099098,0.436118,-0.160845
81,-0.527741,1.45016,-0.461908,-0.099098,-0.000883426,0.646099
20,-0.527741,-0.738058,-0.000388746,-0.099098,-0.365051,-0.8064
1438,-0.527741,-0.227473,-1.73109,-0.099098,-0.073717,0.404016
897,-0.527741,-0.592176,0.461131,-0.099098,1.16445,0.404016
964,-1.5607,0.283112,0.230371,-0.099098,0.508952,-0.564317
145,2.57113,-1.24864,1.26879,-0.099098,-1.60322,-1.04848
1320,-0.527741,-0.738058,-1.96185,-0.099098,-0.583552,0.0812382
453,-0.527741,-0.592176,1.49955,-0.099098,0.0719502,-0.564317
1269,-0.527741,-0.95688,0.114991,-0.099098,0.581785,0.404016
781,-0.527741,-0.95688,0.461131,-0.099098,-0.729219,-1.04848
669,-0.527741,1.08546,0.461131,-0.099098,0.0719502,-0.322234
569,-0.527741,-0.373354,-1.73109,-0.099098,-0.219384,0.807488
1057,-0.527741,-0.883939,-0.461908,-0.099098,0.581785,0.48471
2,-0.527741,-0.810999,-0.115769,-0.099098,1.01879,0.968876
952,-0.527741,-0.0815914,1.49955,-0.099098,-0.000883426,0.48471
433,-0.152121,3.56544,0.230371,-0.099098,-0.874886,-0.322234
1024,-0.527741,0.720757,1.15341,-0.099098,0.217617,0.565405
373,0.78693,-0.738058,0.92265,-0.099098,-0.510719,0.323321
880,-0.527741,-0.446295,0.114991,-0.099098,0.144784,0.000543763
1086,-0.527741,-0.810999,-0.577288,-0.099098,0.436118,0.726793
610,-0.527741,-0.883939,1.61493,-0.099098,-0.365051,-0.967789
1397,-0.527741,3.20074,0.230371,-0.099098,0.581785,1.04957
697,-0.527741,-0.154532,0.57651,-0.099098,-1.53039,-1.29057
66,-0.527741,-1.24864,0.80727,-0.099098,-1.16622,-0.322234
1259,3.41627,-0.519236,0.92265,-0.099098,-0.219384,0.48471
177,0.129594,0.647816,-0.115769,-0.099098,-0.073717,-1.53265
65,0.129594,-0.300414,-0.577288,-0.099098,0.727452,-0.241539
435,-0.527741,0.793697,0.230371,-0.099098,-0.437885,0.242627
1475,-0.527741,-0.592176,-0.000388746,-0.099098,1.52862,0.000543763
1396,0.411309,1.66899,-0.115769,-0.099098,0.654619,-0.160845
1477,-1.5607,1.08546,1.61493,-0.099098,-0.874886,-1.45196
936,-1.09117,0.793697,0.461131,-0.099098,-0.510719,-1.37126
165,-0.527741,-1.10276,-0.808048,-0.099098,-1.09339,-0.402928
759,-0.527741,0.647816,-0.115769,6.50743,-0.146551,0.161933
454,-0.527741,1.74193,-0.231148,-0.099098,0.0719502,0.161933
1462,-0.527741,3.1278,0.92265,-0.099098,0.144784,0.242627
592,-0.527741,-0.300414,0.345751,10.8677,-0.583552,0.000543763
59,-0.527741,2.98192,-0.231148,-0.099098,-0.365051,0.646099
151,1.53817,-0.883939,0.345751,-0.099098,-0.437885,-0.887095
130,-0.527741,-0.810999,0.80727,-0.099098,-0.000883426,1.13027
958,0.505214,-0.373354,0.57651,-0.099098,-1.02055,-0.0801506
945,-0.527741,-0.592176,0.57651,-0.099098,0.290451,0.565405
1413,-0.527741,-0.00865065,-1.61571,-0.099098,0.144784,1.21096
1197,0.97474,-0.373354,0.230371,-0.099098,-0.365051,0.565405
1427,-0.527741,-0.227473,-1.96185,-0.099098,-0.802053,-1.37126
737,-0.527741,-1.1757,0.230371,-0.099098,0.363284,0.726793
625,-0.0582161,0.356053,1.15341,-0.099098,0.363284,0.000543763
643,0.035689,-1.02982,1.38417,-0.099098,0.144784,-0.967789
340,-0.527741,-0.810999,-1.50033,-0.099098,-0.437885,0.0812382
64,-0.0582161,-1.32158,-0.692668,-0.099098,0.290451,-0.160845
920,-0.527741,1.81487,-0.231148,-0.099098,-0.219384,0.242627
75,-0.246026,2.10663,0.69189,-0.099098,-0.073717,-0.645011
192,-0.527741,-0.373354,1.15341,-0.099098,-0.437885,-0.645011
417,0.035689,-0.300414,0.92265,-0.099098,0.0719502,-0.160845
984,-0.527741,0.210172,1.26879,-0.099098,-0.729219,-0.402928
442,-0.527741,-0.00865065,-1.84647,-0.099098,-1.45756,0.000543763
1310,-0.527741,0.0642901,-0.115769,-0.099098,-0.219384,-0.322234
577,-0.527741,0.0642901,0.461131,-0.099098,-1.53039,-0.322234
1443,1.44426,-0.519236,-1.73109,-0.099098,1.96562,1.45304
368,1.16255,-1.02982,0.114991,-0.099098,0.144784,0.0812382
738,-0.246026,-1.1757,-0.000388746,-0.099098,-0.802053,0.646099
1452,3.8858,1.30428,1.03803,-0.099098,-0.656386,-2.01682
718,-0.527741,-0.883939,0.461131,-0.099098,-0.802053,-1.77473
1411,-0.527741,-0.738058,-1.61571,-0.099098,-1.60322,-0.160845
1280,-0.527741,-0.592176,0.461131,-0.099098,-0.073717,-0.322234
85,-0.527741,-0.95688,-3.3464,-0.099098,-1.60322,0.646099
797,-0.527741,1.1584,-2.42337,-0.099098,3.42229,1.69513
256,0.880835,-0.300414,1.03803,-0.099098,-1.09339,-0.8064
1421,-0.0582161,-0.592176,-0.923428,-0.099098,0.945953,1.21096
416,-0.527741,0.647816,1.61493,-0.099098,-0.94772,-2.2589
1136,-1.5607,-0.592176,0.92265,-0.099098,0.144784,-0.241539
1000,-0.527741,-0.373354,0.69189,-0.099098,2.03846,2.58276
1200,-0.246026,-0.00865065,2.53797,-0.099098,-1.60322,-2.58168
827,-0.527741,-0.519236,0.69189,-0.099098,-1.23905,-1.20987
591,-0.527741,-0.95688,1.26879,-0.099098,-0.292218,0.404016
213,-0.527741,0.137231,-0.461908,-0.099098,0.217617,0.0812382
264,-0.527741,-0.00865065,0.461131,-0.099098,-0.656386,-2.09751
521,-0.246026,-0.446295,0.230371,-0.099098,2.40262,0.242627
519,0.505214,-0.154532,0.114991,-0.099098,-0.510719,-0.967789
238,-0.527741,0.501934,0.114991,-0.099098,0.217617,-0.483623
205,-0.527741,0.574875,-1.38495,-0.099098,0.144784,2.17929
1036,-0.527741,0.0642901,-0.692668,-0.099098,1.96562,2.90554
910,0.505214,-0.519236,0.461131,-0.099098,-0.219384,-0.241539
334,-0.527741,0.210172,0.461131,-0.099098,0.0719502,0.646099
1165,0.505214,-0.592176,-0.231148,-0.099098,-1.82172,-1.37126
1181,2.38332,-1.02982,-0.346528,-0.099098,-0.874886,-0.645011
212,-0.527741,0.210172,-0.461908,-0.099098,1.23729,1.45304
885,0.317404,0.137231,0.57651,-0.099098,-1.38472,-0.887095
1,-0.527741,0.0642901,-0.231148,-0.099098,-0.510719,1.37235
391,-0.527741,-0.95688,1.26879,-0.099098,-0.874886,-0.0801506
950,-0.527741,-0.154532,0.57651,-0.099098,-0.437885,0.000543763
260,-0.527741,-0.738058,-0.115769,-0.099098,-1.02055,-2.09751
226,-0.527741,-0.0815914,1.84569,-0.099098,0.217617,-0.967789
136,2.94675,-0.00865065,-0.000388746,-0.099098,-0.802053,0.646099
979,-0.527741,-0.00865065,-0.577288,-0.099098,0.945953,1.13027
201,-0.527741,-1.02982,1.38417,-0.099098,-0.583552,-1.53265
55,-0.527741,-0.300414,0.69189,-0.099098,1.01879,0.48471
1292,-0.0582161,-1.02982,0.345751,-0.099098,-1.23905,-0.322234
740,0.880835,-0.519236,-0.577288,-0.099098,-1.23905,-0.967789
1153,-0.527741,-0.0815914,1.03803,-0.099098,1.67429,0.161933
994,1.25645,-0.446295,0.69189,-0.099098,-1.09339,-0.887095
1053,-0.527741,-1.02982,0.345751,-0.099098,-0.874886,-0.8064
624,-0.527741,1.5231,0.461131,-0.099098,0.87312,0.726793
702,3.41627,1.59605,0.92265,-0.099098,-0.365051,-0.725706
761,-0.527741,-0.0815914,1.38417,-0.099098,-0.000883426,0.565405
693,0.317404,-0.154532,-0.115769,-0.099098,-0.365051,-2.33959
898,0.223499,0.793697,0.461131,-0.099098,0.217617,-0.322234
1142,-0.527741,1.01252,0.461131,-0.099098,1.16445,1.21096
648,-0.527741,3.1278,0.461131,-0.099098,0.581785,0.565405
214,-0.246026,-0.373354,-0.115769,-0.099098,-1.09339,1.29165
16,1.16255,-1.10276,-0.000388746,-0.099098,-0.219384,-0.887095
1445,-0.246026,-0.446295,-1.84647,-0.099098,0.144784,-0.322234
48,-0.527741,0.137231,0.114991,-0.099098,1.74712,0.565405
531,-0.246026,-0.373354,-1.61571,-0.099098,-0.292218,-2.90445
1019,-1.5607,1.30428,0.230371,-0.099098,-0.874886,0.000543763
1312,-0.527741,-0.00865065,-1.61571,-0.099098,-0.510719,-0.160845
1209,-0.527741,-0.300414,0.92265,-0.099098,1.81996,2.0986
506,0.411309,0.793697,-0.000388746,-0.099098,2.62113,3.38971
171,-0.527741,-0.446295,-0.692668,-0.099098,-0.146551,0.888182
1208,-0.527741,-0.154532,-0.461908,-0.099098,1.74712,2.58276
343,-0.527741,0.283112,-0.115769,-0.099098,0.727452,0.807488
1468,-0.527741,-0.592176,-0.346528,-0.099098,-0.802053,0.646099
955,0.411309,-0.300414,1.49955,-0.099098,0.508952,-0.645011
583,0.78693,1.5231,1.03803,-0.099098,-0.000883426,-0.0801506
512,0.223499,0.574875,0.69189,-0.099098,1.89279,1.93721
947,-0.527741,-0.95688,0.80727,-0.099098,-0.729219,-1.61334
1387,-0.527741,0.720757,-0.461908,-0.099098,-1.53039,-0.887095
948,-0.527741,-0.95688,0.57651,-0.099098,-1.67606,-1.53265
40,-0.527741,-0.154532,-1.26957,-0.099098,2.62113,1.45304
355,-0.527741,-0.665117,-0.115769,-0.099098,-0.365051,0.48471
1262,0.97474,-0.0815914,0.80727,-0.099098,-0.656386,-0.322234
444,-0.527741,-0.227473,-2.30799,-0.099098,-1.16622,-0.8064
138,0.223499,-0.810999,0.92265,-0.099098,-1.53039,-1.45196
549,-0.527741,0.137231,-0.923428,-0.099098,1.60146,0.646099
430,-0.246026,-0.446295,0.92265,-0.099098,-0.437885,-0.725706
413,-0.527741,-0.519236,0.69189,-0.099098,0.436118,-0.483623
973,-0.0582161,1.59605,1.61493,-0.099098,-0.94772,-0.483623
180,-0.527741,-0.592176,2.19183,-0.099098,-1.89456,-1.29057
1463,0.880835,-0.883939,-0.000388746,-0.099098,-0.656386,-0.241539
46,0.693024,1.5231,0.92265,-0.099098,1.74712,2.0179
90,0.505214,1.45016,1.38417,-0.099098,-1.02055,-0.322234
191,-0.527741,0.501934,-2.19261,-0.099098,0.800286,1.77582
1340,-0.527741,-1.02982,0.92265,-0.099098,-0.146551,0.646099
725,-0.527741,-0.738058,0.461131,-0.099098,-0.000883426,0.000543763
751,-0.0582161,0.283112,0.92265,-0.099098,1.23729,-0.322234
909,-0.527741,-0.300414,0.92265,-0.099098,0.508952,0.0812382
141,-0.527741,1.5231,0.114991,-0.099098,0.581785,-0.160845
989,-2.49975,3.93015,5.7686,-0.099098,-1.09339,-2.33959
228,-0.527741,0.0642901,-1.38495,-0.099098,1.38295,0.888182
835,1.53817,-1.1757,1.15341,-0.099098,-0.874886,-1.93612
1152,0.317404,-0.300414,-0.577288,-0.099098,0.654619,-0.0801506
977,-1.5607,0.0642901,0.57651,-0.099098,0.581785,-0.402928
1008,-0.809457,-0.373354,0.461131,-0.099098,-1.31189,-0.483623
1141,0.880835,0.137231,-0.000388746,-0.099098,-0.292218,0.000543763
1159,0.035689,-0.592176,-0.923428,-0.099098,-0.073717,0.807488
689,-0.0582161,-0.592176,0.114991,-0.099098,-0.073717,-0.483623
888,0.411309,-0.00865065,0.69189,-0.099098,-0.656386,0.161933
966,0.317404,-1.02982,-0.231148,-0.099098,0.654619,0.0812382
1070,-0.527741,-0.883939,-1.38495,-0.099098,-0.802053,1.69513
1461,-0.527741,1.30428,-0.577288,-0.099098,1.74712,2.0179
1137,-1.5607,-0.592176,0.92265,-0.099098,0.144784,-0.241539
425,-0.527741,0.137231,0.114991,-0.099098,-0.510719,-0.887095
1156,1.72598,0.647816,0.461131,-0.099098,-0.073717,0.807488
560,-0.527741,1.30428,-1.03881,-0.099098,0.0719502,-0.241539
504,-0.527741,-0.592176,0.69189,-0.099098,-1.67606,0.48471
1013,-0.527741,-0.95688,1.61493,-0.099098,-0.583552,0.000543763
397,-0.152121,-0.810999,0.80727,-0.099098,-0.292218,0.565405
185,-0.527741,-0.665117,0.230371,-0.099098,-1.38472,0.404016
1088,-0.527741,-0.373354,-0.346528,-0.099098,0.217617,-0.0801506
126,-0.0582161,-0.738058,0.345751,-0.099098,-0.729219,-0.967789
775,-0.527741,-0.00865065,-0.231148,-0.099098,1.96562,1.77582
366,-0.527741,-0.95688,-0.577288,-0.099098,1.01879,0.242627
499,-0.527741,-0.738058,-0.231148,-0.099098,0.508952,-0.0801506
662,0.693024,-0.0815914,0.230371,-0.099098,0.581785,0.48471
1321,0.317404,-0.519236,-0.231148,-0.099098,-1.16622,-0.645011
993,-0.527741,1.59605,0.57651,-0.099098,0.290451,-0.483623
274,-0.0582161,-1.02982,1.03803,-0.099098,0.800286,-1.61334
939,0.129594,0.0642901,0.345751,-0.099098,-1.09339,-0.725706
903,0.035689,-0.519236,0.345751,-0.099098,-0.437885,-0.402928
650,-0.527741,-1.02982,0.69189,-0.099098,0.945953,-0.241539
1205,-0.527741,-1.10276,-2.07723,-0.099098,0.581785,-0.564317
1469,-0.152121,-0.592176,-0.346528,-0.099098,-0.874886,-0.241539
932,-1.5607,0.210172,0.80727,-0.099098,-0.365051,0.000543763
982,-0.527741,-0.00865065,-0.000388746,-0.099098,0.581785,-0.483623
585,1.53817,-0.738058,0.345751,-0.099098,-0.94772,-1.53265
86,-0.527741,-0.738058,-1.73109,-0.099098,-0.802053,-0.483623
225,-0.527741,-1.02982,-0.577288,-0.099098,0.581785,0.48471
322,-0.527741,-0.0815914,-0.346528,-0.099098,1.74712,1.77582
527,-0.527741,-0.592176,-1.38495,-0.099098,-0.292218,-0.8064
498,0.317404,-0.300414,-0.346528,-0.099098,-1.02055,-1.20987
1059,-0.0582161,-0.373354,-0.000388746,-0.099098,-0.437885,1.69513
249,-0.527741,-0.227473,-2.30799,-0.099098,-1.16622,-0.645011
539,1.44426,-0.592176,1.73031,-0.099098,-0.073717,0.968876
10,-0.0582161,-0.373354,0.461131,-0.099098,-0.510719,-0.887095
415,-0.0582161,1.1584,-1.84647,-0.099098,0.217617,1.45304
1085,0.223499,0.356053,-1.84647,-0.099098,2.54829,1.53374
589,1.44426,2.83604,-0.346528,-0.099098,-0.365051,1.85651
1470,-0.527741,1.59605,-0.000388746,-0.099098,0.945953,0.565405
1101,-0.527741,-0.95688,-0.231148,-0.099098,-1.31189,0.807488
1015,-0.621646,1.08546,1.03803,-0.099098,-0.292218,0.323321
282,1.91379,-1.10276,0.345751,-0.099098,0.363284,-0.322234
889,-0.0582161,1.08546,1.03803,-0.099098,-0.146551,-0.241539
1084,-0.527741,-0.154532,0.345751,-0.099098,1.45579,2.25999
606,-0.527741,0.356053,1.03803,-0.099098,0.144784,0.000543763
457,-0.527741,1.30428,-0.577288,-0.099098,-0.000883426,0.242627
997,-0.527741,-0.519236,0.230371,-0.099098,1.16445,0.807488
300,-0.527741,-0.519236,-0.923428,-0.099098,0.217617,1.45304
1203,1.44426,0.210172,0.69189,-0.099098,-0.146551,0.323321
1016,-0.246026,-0.519236,0.80727,-0.099098,-0.802053,1.21096
35,-0.527741,0.574875,-0.346528,-0.099098,1.74712,1.37235
464,-0.246026,-0.592176,-0.808048,-0.099098,0.0719502,-1.29057
957,-0.527741,-0.154532,0.461131,-0.099098,-0.874886,-0.967789
395,1.16255,0.939579,1.49955,-0.099098,0.436118,0.565405
419,0.035689,-0.300414,0.92265,-0.099098,0.0719502,-0.160845
1410,-0.527741,0.137231,-0.923428,-0.099098,1.52862,1.13027
369,-0.246026,-0.810999,-0.231148,-0.099098,-0.073717,-0.564317
383,2.19551,-0.665117,0.230371,-0.099098,-0.729219,-1.29057
239,-0.527741,-0.810999,2.42259,-0.099098,-0.292218,0.323321
493,-0.246026,1.88781,0.461131,-0.099098,0.290451,0.0812382
44,-0.152121,-0.592176,0.69189,-0.099098,-0.94772,-1.12918
348,-0.246026,-0.446295,0.230371,-0.099098,-0.365051,-0.645011
815,-0.0582161,-0.810999,0.345751,-0.099098,-0.365051,-0.241539
832,0.035689,-1.24864,0.230371,-0.099098,-1.23905,-0.887095
502,-0.0582161,0.0642901,0.69189,-0.099098,-0.510719,-1.45196
1071,0.317404,-0.810999,-0.461908,-0.099098,-0.94772,-0.645011
354,2.47722,-1.02982,-0.000388746,-0.099098,-0.94772,-1.37126
618,-0.527741,0.647816,0.92265,-0.099098,0.508952,0.646099
1236,-0.527741,-0.154532,0.230371,-0.099098,-0.073717,-0.160845
614,-1.5607,1.01252,1.49955,-0.099098,-0.365051,-0.564317
634,-0.527741,0.0642901,-1.73109,-0.099098,1.89279,2.0986
1021,-1.5607,-0.300414,0.461131,-0.099098,0.508952,-0.160845
161,0.411309,-0.373354,2.42259,-0.099098,-0.729219,-0.645011
1375,-0.246026,-0.810999,-1.50033,-0.099098,-1.74889,-1.61334
1003,0.411309,-0.519236,0.230371,-0.099098,0.436118,0.888182
796,-0.527741,0.939579,-2.65413,-0.099098,3.27663,1.69513
791,-0.527741,-0.00865065,-0.692668,-0.099098,2.03846,1.53374
557,-0.527741,-0.738058,-0.346528,-0.099098,0.87312,0.807488
1263,-0.527741,-0.738058,0.114991,-0.099098,-0.437885,0.323321
477,-0.527741,0.0642901,-0.808048,-0.099098,1.31012,0.000543763
292,-0.527741,-0.300414,-1.15419,-0.099098,3.05813,0.888182
503,-0.527741,2.03369,-0.577288,-0.099098,2.47546,2.98624
786,0.78693,3.71133,0.345751,-0.099098,-0.219384,0.323321
638,0.505214,-0.446295,-0.692668,-0.099098,-1.31189,-0.402928
1164,0.317404,0.428994,0.461131,-0.099098,-1.38472,0.000543763
447,-0.527741,-0.665117,-2.30799,-0.099098,-0.365051,0.565405
490,0.317404,-0.00865065,-0.346528,-0.099098,0.654619,0.242627
140,-0.527741,-0.738058,0.69189,-0.099098,-0.802053,-0.241539
147,0.129594,0.356053,-0.231148,-0.099098,-0.802053,0.404016
1143,-0.527741,1.45016,-0.115769,-0.099098,1.96562,1.85651
765,-0.527741,-0.810999,1.15341,-0.099098,-0.219384,-0.0801506
528,0.317404,2.83604,0.57651,-0.099098,1.31012,0.000543763
826,0.035689,-0.154532,0.80727,-0.099098,0.217617,-0.564317
149,-0.527741,-0.519236,-0.000388746,-0.099098,0.0719502,-1.29057
470,3.32237,3.27368,-1.61571,-0.099098,2.83963,2.50207
684,0.129594,-0.95688,1.96107,-0.099098,-2.84139,-0.725706
513,0.223499,0.793697,-1.15419,-0.099098,0.581785,2.0986
854,-0.152121,0.501934,-0.000388746,-0.099098,-0.365051,-1.85543
173,-0.0582161,-1.10276,0.57651,-0.099098,-2.11306,-0.725706
207,-0.527741,2.17957,-0.808048,-0.099098,-0.073717,0.807488
215,-0.527741,-1.02982,1.15341,-0.099098,0.144784,-0.8064
1457,-0.527741,-0.519236,0.92265,-0.099098,-0.219384,-0.967789
1116,-0.527741,-0.95688,-2.07723,-0.099098,-1.96739,-1.04848
43,-0.527741,-0.446295,-1.26957,-0.099098,-0.656386,0.323321
266,-0.527741,-0.883939,0.461131,-0.099098,-0.510719,-0.887095
1158,-0.527741,-0.373354,0.114991,-0.099098,-0.073717,-0.160845
1453,1.25645,1.37722,-1.15419,-0.099098,-1.45756,-1.04848
240,-0.527741,-0.883939,-0.231148,-0.099098,-0.729219,0.48471
487,-0.0582161,0.137231,-1.03881,-0.099098,-1.96739,-1.29057
1028,1.91379,-0.883939,0.230371,-0.099098,0.727452,0.565405
341,-0.0582161,-0.810999,-0.115769,-0.099098,-0.437885,-0.483623
940,0.693024,-0.810999,0.461131,-0.099098,0.436118,-0.0801506
906,2.1016,0.137231,0.345751,-0.099098,-1.31189,-0.0801506
801,-0.0582161,-0.592176,-1.26957,-0.099098,-0.94772,0.0812382
54,-0.527741,-0.227473,0.69189,-0.099098,1.01879,0.726793
1126,0.035689,-0.300414,1.38417,-0.099098,0.363284,-0.8064
1300,-0.527741,-0.446295,1.15341,-0.099098,0.144784,0.000543763
1113,-0.527741,-1.02982,-0.692668,-0.099098,-0.729219,2.0179
382,-0.527741,-0.373354,0.69189,-0.099098,0.363284,-0.725706
1082,-0.246026,-0.592176,0.230371,-0.099098,-0.073717,-0.0801506
644,0.411309,-1.02982,0.80727,-0.099098,0.217617,-0.8064
479,-0.527741,1.30428,-0.000388746,-0.099098,-0.292218,-0.725706
917,2.75894,-0.0815914,-0.692668,-0.099098,-1.09339,-0.8064
893,-0.152121,1.96075,0.114991,-0.099098,0.654619,-0.241539
687,-0.527741,0.0642901,-0.692668,-0.099098,-1.09339,0.000543763
1170,4.26142,-0.665117,-0.461908,-0.099098,0.436118,0.161933
1301,-0.527741,-0.665117,0.80727,-0.099098,0.654619,-0.322234
1161,-0.527741,-0.446295,0.345751,-0.099098,0.363284,-0.241539
690,-0.152121,-0.00865065,0.461131,-0.099098,-1.09339,-0.483623
420,0.880835,-0.665117,0.345751,-0.099098,0.217617,0.242627
152,1.16255,0.574875,-0.692668,-0.099098,-0.656386,-0.887095
295,-0.527741,-0.592176,-1.38495,-0.099098,0.581785,0.242627
988,-2.59365,3.85721,3.34563,-0.099098,-0.510719,-2.2589
570,-0.527741,-0.592176,-0.577288,-0.099098,0.363284,-0.0801506
131,0.317404,0.356053,0.230371,-0.099098,-0.729219,0.968876
1211,-0.527741,-0.738058,1.73031,-0.099098,-0.802053,-0.887095
411,1.35036,-1.24864,-0.000388746,-0.099098,-0.146551,0.565405
744,-0.527741,1.30428,1.03803,-0.099098,-0.365051,0.646099
280,0.317404,-0.300414,-2.30799,-0.099098,-1.02055,-0.0801506
747,-0.527741,-0.373354,-0.115769,-0.099098,0.0719502,-0.322234
328,0.035689,-0.738058,0.92265,-0.099098,-0.219384,-0.241539
456,-0.152121,-0.738058,0.230371,-0.099098,-0.000883426,-0.322234
1473,-0.527741,-1.10276,0.461131,-0.099098,0.727452,0.888182
463,-1.5607,1.37722,1.84569,-0.099098,-0.219384,1.04957
27,-0.527741,-0.592176,1.15341,-0.099098,0.508952,-0.241539
861,0.223499,1.59605,-1.03881,-0.099098,-1.53039,-0.8064
1227,-0.246026,-0.446295,-0.115769,-0.099098,0.945953,1.13027
297,-0.527741,-1.02982,0.57651,-0.099098,-1.31189,-0.241539
1388,-0.527741,-0.519236,-0.808048,10.8677,-0.729219,-0.8064
929,-0.527741,-0.0815914,1.03803,-0.099098,-0.802053,-0.887095
820,-0.527741,1.81487,0.345751,-0.099098,0.945953,0.404016
230,-0.246026,-0.665117,0.345751,-0.099098,-0.656386,-0.402928
654,-0.527741,-0.154532,-0.231148,-0.099098,0.508952,-0.8064
1425,1.81989,-0.883939,-0.346528,-0.099098,-1.23905,-0.967789
1179,-0.527741,1.37722,-0.115769,-0.099098,0.0719502,0.000543763
647,-0.527741,0.356053,0.345751,-0.099098,-0.292218,-0.483623
1093,-0.527741,-0.665117,0.114991,-0.099098,-0.365051,1.21096
1202,-0.527741,-0.227473,-1.26957,-0.099098,-1.02055,0.000543763
556,-0.527741,1.08546,-0.000388746,-0.099098,0.581785,-0.0801506
1243,-0.527741,-1.10276,-0.231148,-0.099098,0.945953,-0.564317
767,-0.527741,-0.227473,0.345751,-0.099098,-0.292218,-0.322234
534,-0.527741,-0.738058,-0.461908,-0.099098,-0.292218,-0.241539
155,-0.527741,-0.810999,-0.000388746,-0.099098,-0.583552,-1.53265
967,0.317404,-1.02982,-0.231148,-0.099098,0.654619,0.0812382
605,-1.5607,0.283112,1.38417,-0.099098,0.508952,-0.8064
959,0.599119,-0.738058,-0.000388746,-0.099098,-1.53039,-0.8064
659,-0.527741,-0.154532,-0.000388746,-0.099098,0.217617,-0.725706
555,1.25645,-1.10276,0.114991,-0.099098,0.217617,0.0812382
92,-0.527741,-0.446295,0.69189,-0.099098,-0.729219,-0.402928
1240,0.505214,-0.95688,0.230371,-0.099098,-0.073717,0.0812382
1118,-0.0582161,0.720757,0.69189,-0.099098,0.727452,1.13027
253,-0.527741,-0.738058,0.461131,-0.099098,0.436118,-0.564317
98,-0.527741,0.137231,-1.15419,-0.099098,2.03846,2.0179
1005,0.880835,-0.300414,-0.577288,-0.099098,-0.292218,-1.37126
683,0.129594,0.283112,2.07645,-0.099098,-0.802053,-1.29057
1454,-0.527741,4.36779,-0.115769,-0.099098,0.508952,0.726793
651,-0.527741,1.01252,0.461131,-0.099098,0.363284,0.242627
1359,1.91379,-0.810999,-0.577288,-0.099098,-0.729219,-0.402928
575,1.16255,-0.446295,0.57651,-0.099098,-0.510719,2.66346
921,-0.527741,-0.0815914,0.80727,-0.099098,-0.365051,-0.0801506
1226,0.317404,-0.592176,-1.38495,-0.099098,-1.38472,0.0812382
1196,-0.0582161,-0.519236,0.345751,-0.099098,-0.437885,-0.8064
1267,-0.527741,-0.00865065,-0.923428,-0.099098,2.11129,2.34068
859,-0.527741,1.5231,-0.346528,-0.099098,0.727452,0.726793
1405,-0.527741,-0.592176,-1.84647,-0.099098,-0.802053,0.48471
721,-0.152121,-0.738058,0.69189,-0.099098,-1.60322,-0.160845
941,0.035689,0.0642901,-0.808048,-0.099098,0.508952,-1.04848
883,-0.246026,0.210172,-0.115769,-0.099098,-0.365051,0.323321
1117,-0.527741,-0.00865065,0.114991,-0.099098,0.290451,0.000543763
316,-0.0582161,-1.02982,-2.53875,-0.099098,-0.802053,-0.483623
319,-0.527741,-0.95688,0.114991,10.8677,1.38295,0.807488
745,0.411309,-0.154532,-2.07723,-0.099098,1.74712,3.14763
362,-0.527741,-0.592176,1.03803,-0.099098,0.727452,-0.8064
639,-0.527741,-0.00865065,0.114991,-0.099098,0.0719502,0.807488
496,-0.527741,0.574875,-1.61571,-0.099098,2.83963,2.17929
367,-0.527741,-0.95688,-1.84647,-0.099098,-0.073717,-1.53265
642,-0.527741,1.23134,0.114991,-0.099098,0.0719502,-0.160845
481,-0.246026,-0.95688,-0.923428,-0.099098,-0.729219,0.0812382
853,-0.527741,-0.592176,0.345751,-0.099098,0.217617,-0.402928
320,-0.527741,-0.373354,-0.692668,-0.099098,-0.292218,-0.160845
1048,-0.527741,-0.738058,0.114991,-0.099098,-0.292218,-0.645011
874,-0.0582161,-1.32158,1.03803,-0.099098,-0.802053,-2.74307
1279,-0.527741,-0.665117,0.345751,-0.099098,-1.82172,-1.93612
112,2.57113,-0.519236,0.80727,-0.099098,-1.45756,-1.45196
148,4.16751,0.574875,-0.346528,-0.099098,-1.74889,-1.12918
548,-0.152121,1.59605,0.461131,-0.099098,-0.219384,0.323321
1177,0.317404,-1.1757,0.114991,-0.099098,0.727452,-0.322234
31,-0.527741,4.44073,-0.808048,-0.099098,0.0719502,0.0812382
1042,-0.527741,1.66899,-0.346528,-0.099098,0.144784,0.323321
1406,0.599119,-0.373354,-0.923428,-0.099098,0.0719502,-0.967789
32,1.81989,-1.02982,1.26879,-0.099098,-0.874886,0.888182
1326,-0.527741,-1.24864,0.69189,-0.099098,-0.219384,0.726793
1060,-0.527741,-0.300414,-2.07723,-0.099098,0.436118,-0.0801506
749,-0.527741,0.137231,-0.577288,-0.099098,-0.292218,-0.0801506
1332,-0.527741,-0.0815914,1.15341,-0.099098,1.16445,-1.04848
1075,0.129594,-0.0815914,0.461131,-0.099098,-0.219384,0.161933
202,-0.527741,1.37722,-0.577288,-0.099098,-0.073717,-0.322234
1339,-0.527741,-0.810999,0.69189,-0.099098,1.01879,0.888182
924,-0.527741,-0.300414,-0.000388746,-0.099098,-0.94772,0.646099
1119,-0.527741,-0.446295,-3.00026,-0.099098,-1.67606,-0.725706
375,0.505214,-0.738058,0.114991,-0.099098,-1.16622,1.29165
795,-0.527741,-0.446295,0.461131,-0.099098,0.363284,0.0812382
1355,1.81989,-0.665117,0.230371,-0.099098,1.01879,0.48471
870,-0.527741,-0.519236,1.03803,-0.099098,-0.874886,-1.53265
401,0.97474,-0.592176,0.345751,-0.099098,-1.09339,-0.8064
107,-0.527741,-0.592176,0.57651,-0.099098,-1.45756,0.48471
465,-0.152121,-0.883939,1.03803,-0.099098,0.436118,-0.402928
332,-0.246026,0.283112,-1.61571,-0.099098,-1.09339,0.48471
769,-0.527741,-0.519236,0.345751,-0.099098,-0.510719,-0.402928
344,-0.527741,-0.373354,-1.84647,-0.099098,-0.073717,-0.322234
1399,-0.527741,-0.446295,-2.07723,-0.099098,1.74712,1.85651
991,-0.527741,1.08546,-0.346528,-0.099098,0.436118,-1.20987
15,-0.527741,-1.10276,0.230371,-0.099098,-0.292218,-0.483623
441,-0.527741,0.137231,-0.000388746,-0.099098,-0.656386,-0.564317
103,1.81989,0.0642901,0.80727,-0.099098,-0.146551,-2.1782
1128,-0.527741,-1.10276,0.461131,-0.099098,0.0719502,0.000543763
1254,-0.527741,1.01252,0.57651,-0.099098,0.290451,0.404016
1483,-0.527741,-0.95688,0.461131,-0.099098,1.09162,0.323321
1065,-0.527741,-0.446295,0.114991,-0.099098,-0.292218,-0.967789
1133,1.44426,0.0642901,0.57651,-0.099098,-1.02055,-1.45196
778,1.63208,0.137231,-1.73109,-0.099098,-0.802053,2.50207
195,-0.527741,1.96075,0.461131,-0.099098,0.144784,0.48471
1414,-0.527741,-0.810999,0.69189,-0.099098,1.01879,-0.483623
353,0.693024,-1.10276,-1.03881,-0.099098,-0.656386,0.161933
1047,-0.527741,1.88781,-0.346528,-0.099098,-0.219384,0.646099
67,-0.527741,-1.02982,0.57651,-0.099098,-0.146551,0.323321
963,-0.246026,-0.592176,2.19183,-0.099098,-0.292218,-1.20987
645,2.19551,-0.154532,1.38417,-0.099098,0.0719502,0.48471
809,-0.0582161,-0.00865065,0.69189,-0.099098,0.436118,0.000543763
500,-0.527741,1.88781,0.345751,-0.099098,-0.510719,0.161933
317,2.0077,-1.32158,-0.115769,-0.099098,-1.23905,-0.483623
1107,-0.527741,0.501934,0.345751,-0.099098,2.18412,1.53374
915,0.505214,0.428994,-0.461908,-0.099098,0.727452,-0.160845
566,-0.527741,2.69016,-0.461908,-0.099098,-0.073717,-0.160845
860,-0.527741,1.1584,0.114991,-0.099098,-0.365051,0.242627
1039,-0.0582161,1.08546,-1.38495,-0.099098,-0.802053,4.03526
685,0.317404,-0.592176,-0.692668,-0.099098,-0.729219,0.242627
336,0.599119,0.428994,0.80727,-0.099098,0.363284,1.29165
307,-0.527741,-0.883939,-0.231148,-0.099098,-0.510719,0.0812382
829,-0.152121,-0.665117,-0.000388746,-0.099098,0.436118,-0.160845
1007,-0.527741,-0.300414,1.26879,-0.099098,0.144784,-0.564317
665,-0.527741,-0.373354,-2.42337,-0.099098,-0.437885,-0.725706
668,-0.527741,-0.592176,0.80727,-0.099098,-0.583552,-1.77473
299,-0.527741,-0.95688,-0.461908,-0.099098,0.87312,0.646099
582,-0.0582161,1.30428,0.230371,-0.099098,1.16445,0.161933
289,-0.527741,0.574875,-0.115769,-0.099098,0.290451,1.21096
1389,1.25645,-0.446295,-0.461908,10.8677,0.508952,0.161933
133,-0.0582161,1.1584,0.230371,-0.099098,0.87312,0.0812382
389,1.44426,0.210172,0.345751,-0.099098,-0.656386,0.807488
216,-0.527741,-0.227473,0.92265,-0.099098,1.96562,2.34068
579,-0.527741,0.647816,0.57651,-0.099098,2.18412,2.50207
1022,-1.5607,-0.227473,1.38417,-0.099098,-0.000883426,0.000543763
1316,-0.246026,-0.95688,0.57651,-0.099098,-2.25872,-0.725706
729,-0.527741,-0.446295,1.26879,-0.099098,-0.365051,-0.322234
1246,-0.527741,-0.0815914,-0.577288,-0.099098,0.363284,2.34068
495,-0.527741,-0.227473,-1.38495,-0.099098,2.47546,1.04957
305,-0.527741,0.793697,-0.346528,-0.099098,1.96562,2.98624
713,-0.527741,-0.300414,0.92265,-0.099098,-0.656386,-0.0801506
653,-0.527741,0.793697,0.345751,-0.099098,-0.437885,0.242627
426,1.35036,-0.738058,-0.115769,-0.099098,0.800286,0.323321
39,-0.527741,0.574875,0.345751,-0.099098,0.508952,0.242627
1080,-0.0582161,0.210172,-0.346528,-0.099098,-0.146551,0.000543763
621,-0.527741,-0.738058,1.03803,-0.099098,0.727452,-0.322234
1011,-0.246026,-0.300414,0.461131,-0.099098,-0.292218,-0.887095
703,-0.527741,-0.446295,1.03803,-0.099098,2.91246,0.323321
1346,-0.0582161,-0.300414,-0.346528,-0.099098,1.09162,1.04957
421,0.880835,-0.00865065,-0.346528,-0.099098,-1.53039,1.45304
1367,-0.527741,0.0642901,-0.115769,-0.099098,0.217617,0.161933
1112,2.94675,-0.446295,0.114991,-0.099098,-0.219384,0.48471
1206,-0.527741,0.283112,-0.923428,-0.099098,0.581785,1.13027
1327,-0.527741,1.30428,0.92265,-0.099098,-0.729219,-1.77473
1336,-0.527741,-0.883939,0.57651,-0.099098,-0.437885,-1.20987
227,-0.621646,-1.10276,0.461131,-0.099098,-1.16622,-1.12918
679,-0.0582161,1.66899,0.114991,-0.099098,0.217617,0.888182
261,-0.527741,-0.300414,1.03803,-0.099098,-0.874886,-0.160845
47,-0.527741,0.210172,0.230371,-0.099098,-0.073717,-0.887095
302,1.91379,0.356053,-0.461908,-0.099098,0.363284,-0.322234
70,-0.527741,-0.154532,0.230371,-0.099098,-0.146551,-0.645011
0,-0.527741,-0.95688,-0.346528,-0.099098,0.581785,0.888182
788,-0.527741,0.283112,0.230371,-0.099098,1.74712,1.69513
1056,-0.152121,-0.519236,0.230371,-0.099098,-1.16622,-0.322234
1195,0.505214,0.283112,-2.07723,-0.099098,2.76679,1.77582
1391,-0.527741,-0.373354,-0.346528,-0.099098,0.436118,1.69513
956,-0.527741,-0.883939,0.345751,-0.099098,-0.94772,-0.402928
116,-0.527741,1.08546,0.69189,-0.099098,0.654619,1.37235
1115,-0.0582161,-0.95688,-1.84647,-0.099098,0.508952,0.0812382
222,-0.527741,-0.665117,-0.231148,-0.099098,0.436118,0.161933
1322,2.0077,-0.300414,1.49955,-0.099098,0.727452,0.565405
1062,-0.527741,0.283112,0.345751,-0.099098,-0.437885,0.0812382
1132,-0.0582161,1.01252,0.92265,-0.099098,0.290451,-0.241539
418,-0.527741,-0.665117,1.03803,-0.099098,-0.073717,-1.04848
22,-0.527741,0.283112,-0.923428,-0.099098,1.67429,1.04957
1044,-0.527741,2.17957,-0.115769,-0.099098,0.436118,1.21096
1189,0.317404,-0.373354,0.69189,-0.099098,-0.874886,0.0812382
633,-0.527741,-0.738058,-0.115769,-0.099098,-0.729219,1.93721
358,0.035689,0.647816,-0.346528,-0.099098,-1.67606,0.0812382
473,0.411309,-0.373354,-2.07723,-0.099098,-0.073717,-0.725706
285,-0.527741,-0.810999,-1.15419,-0.099098,-1.53039,-0.564317
1063,0.317404,-0.810999,0.69189,-0.099098,0.290451,0.0812382
646,-0.527741,0.0642901,-0.000388746,-0.099098,0.945953,0.807488
361,-0.152121,-0.810999,0.461131,-0.099098,-0.510719,0.0812382
1319,2.47722,0.137231,-0.346528,-0.099098,-0.073717,-1.12918
1313,-0.527741,0.137231,0.80727,-0.099098,-0.000883426,-0.483623
1169,1.35036,-0.154532,-0.115769,-0.099098,0.87312,-1.37126
1104,3.60408,-0.665117,0.80727,-0.099098,-0.219384,0.404016
1032,-0.527741,0.866638,0.114991,-0.099098,-0.94772,-1.04848
1094,-0.527741,0.356053,0.57651,-0.099098,-0.583552,-0.645011
370,0.035689,-0.738058,0.230371,-0.099098,-0.073717,-0.241539
837,-0.527741,-0.665117,0.230371,-0.099098,0.87312,-0.725706
1291,-0.0582161,-0.300414,0.461131,-0.099098,0.87312,0.807488
884,-0.527741,-0.810999,0.345751,-0.099098,0.363284,0.726793
303,1.44426,-0.95688,-0.346528,-0.099098,-1.09339,0.807488
327,-0.527741,-0.883939,0.69189,-0.099098,-0.365051,-0.8064
712,0.411309,0.939579,1.61493,-0.099098,1.81996,1.29165
1148,-0.527741,-0.810999,-0.577288,-0.099098,-0.94772,-1.69404
129,1.44426,1.5231,1.03803,-0.099098,-0.656386,-0.8064
28,-0.527741,-0.154532,0.80727,-0.099098,0.945953,1.37235
919,-0.527741,-0.0815914,-0.000388746,-0.099098,-0.365051,-0.564317
407,-0.903362,-0.154532,0.92265,-0.099098,-0.94772,-1.29057
944,0.223499,-0.519236,-0.346528,-0.099098,-1.16622,-0.160845
110,-0.0582161,1.45016,-0.000388746,6.50743,-0.365051,-0.725706
808,-0.527741,-0.95688,0.461131,-0.099098,-0.073717,1.69513
785,1.91379,-0.300414,-0.808048,-0.099098,-0.365051,-0.8064
29,0.505214,0.939579,-1.61571,-0.099098,2.18412,3.06693
311,-0.527741,-0.154532,0.345751,-0.099098,0.436118,0.968876
873,-0.152121,-0.883939,0.345751,-0.099098,0.800286,-0.887095
