-1.32826,0.2475,0.524919,-0.953102,0.453383,0.252533,1.46754,-2.93513,-0.623369,-2.98783,0.872485,-0.247464,0.902937,-4.55693,-3.06912,-4.11782,-4.57268,-3.13864,1.32193,-0.023143,0.672449,-2.79437,-0.778528,-4.01527,-3.14358,0.364899,-0.557708,0.0269369,0.0279738,-0.863867,-1.76556,-2.75901,-0.146004,1.20989,0.0989002,0.782623
-0.136491,-0.190505,-0.194728,0.600882,-0.670242,0.0303039,-1.04394,0.351513,-1.10756,0.962539,0.714695,-1.05617,0.457424,-0.457548,0.293724,-0.550738,-0.144597,0.43201,-0.432824,-0.407831,1.27411,-0.087411,-0.191966,1.59621,0.312422,0.215094,-0.392559,0.358331,-0.35479,0.998302,-0.0113907,-0.152338,-0.146004,0.592395,-0.513495,0.662762
1.33045,1.21688,1.16606,1.09238,0.476623,1.29706,0.728477,1.32957,1.24131,1.20289,1.25751,1.3586,1.26515,1.25968,1.27939,1.1539,1.22044,1.12788,0.74517,1.09712,1.07081,1.22205,1.40257,1.06779,1.30434,1.18887,1.18493,0.718632,1.23409,1.16877,1.30355,1.1318,1.17805,0.849648,1.21859,1.15031
0.558708,1.26951,0.956707,0.959494,0.555531,0.141418,0.51725,-1.25529,1.43446,0.456082,-0.074254,0.381527,-0.656356,0.173126,-1.31764,0.180971,0.703334,1.65942,0.0789797,-0.215487,0.552116,0.641385,0.863846,1.20242,-0.42815,0.215094,0.185461,0.42461,0.410737,0.843121,-0.387285,-0.52472,0.848834,-0.0250959,-0.268537,-0.655712
1.33045,1.10166,1.16606,1.2332,1.32667,1.16061,1.21616,1.38772,1.27123,1.04725,1.22967,0.911143,1.38132,1.17601,1.24858,0.770003,1.1362,0.806719,1.26163,1.03525,1.12832,0.9124,1.03736,1.18609,1.02738,1.29361,0.994517,1.45701,1.04395,1.19721,1.24282,0.897841,1.26282,1.27221,1.15569,1.2666
0.459394,0.539504,-1.92188,-0.235878,-0.363799,-0.858612,-0.500915,-0.597962,-2.07595,-0.556832,-0.547624,0.561239,-2.66116,-1.19333,-0.967341,0.821216,-1.36938,-2.58072,-1.38332,-0.311659,-1.01221,-0.712094,-1.01315,-1.25875,-1.49787,-0.908442,0.268035,-0.238179,-1.37549,-0.863867,-0.888476,0.220044,-1.36192,-0.210343,-1.49333,-1.37488
1.27138,1.27449,1.03754,1.40219,1.16925,1.13332,1.11862,1.18421,1.24131,1.14063,1.09046,1.07095,1.17802,1.31546,0.878801,1.12437,1.24853,1.12788,1.19707,1.18993,1.35835,1.22205,0.976491,1.03821,0.811963,0.630282,1.18493,0.61315,1.36991,1.28253,0.665899,1.10256,1.40411,1.1213,1.18714,1.41196
0.658022,0.101499,-0.0507986,0.481345,0.249088,-0.525268,-0.568793,0.278476,-1.59176,-0.556832,0.0835358,1.63951,-1.77014,0.698688,0.994316,-0.0934201,1.08019,1.21309,-1.01774,-0.600175,-1.37321,-1.33678,0.863846,1.30087,1.05299,-1.73237,0.0203124,-1.76259,0.155562,-0.0879634,-1.38967,-0.152338,0.185609,-1.01308,-0.880932,-0.655712
0.757337,0.2475,0.38099,0.839957,-0.159504,0.585876,0.313617,0.570622,1.07131,0.557374,0.556905,-0.33732,0.0119121,-0.352435,0.433842,0.180971,0.326476,-0.237486,0.371439,0.650061,0.552116,0.849613,0.981159,0.513293,0.0655646,0.364899,0.846055,0.756005,0.665913,0.532759,0.740397,0.220044,0.406684,0.839391,0.833775,0.42304
1.33045,0.669591,1.13393,0.979725,1.2637,1.16061,1.47625,1.21328,1.24131,1.23402,1.1183,1.19879,1.23611,1.00867,1.34102,1.21296,1.08003,0.865112,1.4553,1.2518,1.15707,1.12916,1.28083,1.06779,1.21202,1.01431,1.40709,0.894435,1.26126,0.969694,0.878448,1.24878,0.838958,1.24203,1.21859,1.20845
1.00554,1.15927,1.13393,1.09238,0.94887,1.21519,1.11862,1.27143,1.00195,0.984987,1.06262,0.879183,1.2942,1.00867,1.40265,0.770003,0.967705,1.15707,1.22935,1.15899,1.30084,0.97433,0.946057,1.24525,1.30434,1.22379,0.994517,1.38669,0.935303,1.02657,1.15172,0.897841,1.34759,1.21185,1.15569,1.20845
0.658022,0.977509,0.38099,-0.116341,0.657679,0.474762,1.39966,0.935805,1.07131,-0.252958,0.872485,0.201815,1.12569,-0.142211,1.13443,-0.276347,0.232261,0.543593,1.32193,0.650061,0.552116,0.537272,0.0426591,-0.37273,1.05299,0.964118,0.515758,0.822284,0.0279738,0.843121,0.113907,-0.0592426,1.06991,0.839391,0.0989002,0.782623
1.03508,1.15927,1.06967,1.14871,1.57853,0.996871,0.370845,0.748117,1.39092,1.29628,1.14615,1.32664,0.713338,1.34336,0.971246,1.24249,0.967705,1.21547,0.874284,1.03525,1.0133,1.31495,1.40257,0.979054,1.36589,0.94449,1.08973,0.788953,1.15261,1.19721,1.15172,1.27803,0.951988,0.396901,1.02987,1.12123
0.558708,-0.336507,-1.20223,-1.9094,0.861974,-0.0808105,1.39966,1.00884,0.102924,-1.97491,-1.17878,0.651095,0.457424,0.278239,0.714079,-0.642202,0.232261,-0.460652,0.883243,0.265373,1.03345,-2.37791,0.0426591,-0.569624,0.559279,0.514703,0.680907,0.954842,0.793501,-2.88122,-0.763178,-1.17639,0.627759,0.654144,-0.268537,0.42304
1.35999,1.18807,1.23031,1.28953,1.01184,1.13332,1.08611,1.03884,1.30115,1.45193,1.22967,0.943104,1.14898,1.25968,1.24858,1.39014,1.47318,1.04029,1.0034,1.09712,1.09957,1.31495,1.37213,1.09736,1.05815,1.01431,1.40709,0.648311,1.31558,1.14033,1.15172,1.16105,1.17805,1.18166,1.06133,1.17938
0.260766,-1.35852,-0.914375,-0.355416,0.555531,-2.08087,-0.297282,-0.23278,0.708168,-0.0503749,-1.49436,0.381527,1.34845,0.593576,-0.827223,-0.00195644,0.609119,0.208845,1.24882,0.361545,-0.651213,0.0167027,1.68503,-0.569624,-0.263579,0.739411,-0.144836,-0.039342,1.17626,-0.0879634,-0.261987,0.592426,-1.58299,-0.704336,-0.513495,0.662762
0.757337,0.393502,0.38099,1.07903,0.453383,0.585876,0.51725,0.570622,0.587119,0.152208,0.556905,0.471383,-0.322222,0.698688,0.573961,0.363898,0.514905,-0.460652,0.590784,1.03475,-0.0495488,0.329044,0.277284,-0.668071,0.312422,1.18882,1.0112,1.0874,1.04868,0.843121,1.36689,0.685521,0.296146,1.20989,0.466337,-0.176267
-0.235805,0.2475,0.23706,0.600882,-0.261651,0.91922,-0.229405,-0.23278,-0.50232,0.557374,0.241326,0.471383,-0.767734,0.488463,0.363783,0.363898,0.609119,-0.460652,-0.140365,-0.215487,-0.290215,0.120816,0.394596,0.217952,0.0655646,-0.309223,-0.144836,-0.238179,0.410737,-0.398325,0.113907,0.126948,0.738296,-0.210343,1.07873,-0.176267
0.459394,-0.336507,-0.0507986,0.122733,-0.363799,0.141418,-0.161527,0.424549,0.708168,0.354791,-0.232044,0.111959,1.23707,0.908913,0.153606,0.821216,1.08019,0.543593,0.225209,0.265373,0.672449,0.745499,0.746534,0.513293,0.230136,0.364899,0.598332,0.490889,0.283149,0.68794,0.865695,0.685521,-0.256542,0.530646,-0.146058,0.902485
-0.434433,1.56152,0.956707,-0.116341,0.0447921,0.808105,-0.772426,0.278476,-0.381271,0.0509165,0.399116,-0.966311,-0.4336,0.278239,0.433842,-0.733666,-0.0503821,1.10151,-0.798398,-0.215487,0.913114,-0.295639,-0.426591,0.316399,0.888423,0.289996,-0.392559,0.623447,-0.227202,-0.708686,0.615099,-0.338529,0.406684,0.530646,0.956254,0.183317
1.55185,-0.190505,1.24457,0.361808,0.657679,0.252533,0.653005,-1.10922,0.102924,0.0509165,1.03027,0.201815,-0.767734,0.908913,0.293724,0.0895072,0.0438324,0.43201,0.590784,0.842405,-0.0495488,-0.295639,-0.543903,0.217952,0.14785,0.364899,1.3415,-0.1719,-0.609965,-0.398325,0.615099,-0.245434,-0.146004,-0.766085,-0.268537,-0.775573
0.0621377,-1.06652,-0.194728,0.481345,-0.77239,0.585876,-1.31545,-0.0867065,-0.744418,0.354791,-0.074254,1.54965,-0.544978,-0.247323,0.363783,0.0895072,0.138047,-0.572234,-1.89512,-0.888691,0.191117,-0.399752,0.629221,0.0210582,-0.181293,-2.03198,-1.46602,-2.02771,1.68662,-1.32941,-0.387285,-0.338529,0.627759,-1.69232,-0.268537,-1.0153
0.36008,-3.25654,-1.0583,-0.953102,0.555531,-0.636383,0.653005,-1.03618,0.345021,-0.556832,-1.96773,0.561239,0.234668,-1.40356,-1.31764,0.272434,-0.144597,-0.349069,0.517669,0.169201,-0.891879,-0.712094,0.511909,-0.963412,-1.82701,-1.20805,0.350609,-0.370737,0.665913,-0.553506,0.113907,0.778617,-2.68837,-0.889583,0.343858,-0.775573
-0.533747,-0.920514,0.668849,-4.06107,0.351235,0.808105,-0.704548,-3.6655,-0.623369,-3.79816,0.872485,1.10037,-0.544978,-0.877997,-2.78888,-3.11172,-2.31153,-0.906982,-1.09086,-0.215487,0.31145,-1.96146,-0.191966,-2.04633,-2.56758,-0.683735,0.185461,0.0269369,0.0279738,-2.72604,-1.01377,-3.41068,-2.02514,-0.39559,0.711296,-0.775573
-0.533747,-0.920514,-1.20223,-1.43125,1.27057,-0.747497,-0.704548,0.862768,-0.865467,-0.860706,-0.389834,1.10037,-1.88152,-0.0370985,0.503902,0.363898,0.891763,0.320427,-0.286595,-0.792519,-1.97488,-0.399752,-0.661216,-0.0773888,0.312422,0.589606,-0.722856,0.490889,0.665913,-1.48459,1.11629,0.49933,-1.14084,0.0984023,-1.00341,-2.21391
-1.82483,0.101499,1.10064,-0.116341,0.14694,-0.191925,0.177861,-0.744035,-0.260223,0.0509165,0.241326,0.471383,-0.099466,-1.40356,-1.17752,-2.10562,-1.84046,-0.7954,0.00586483,-2.2351,-0.891879,-0.60798,0.159972,1.00553,-1.16872,-0.384125,-1.46602,0.0932158,0.410737,-0.708686,0.489801,-2.75901,0.627759,-0.704336,1.07873,-0.176267
-0.831689,-0.0445032,0.23706,0.361808,-0.874538,-0.525268,-0.36516,0.570622,-1.95491,0.861248,-0.705413,-0.876455,-0.656356,-0.352435,0.924257,0.455362,-0.144597,0.543593,-0.798398,-0.023143,-0.891879,0.537272,-2.30359,0.414846,0.476994,0.364899,0.268035,0.225774,-2.14102,0.68794,0.489801,0.778617,0.185609,-0.086845,0.588817,-0.895434
-0.335119,-0.0445032,-0.0507986,0.959494,0.453383,0.585876,0.177861,1.08188,1.07131,0.152208,0.241326,0.471383,1.45983,0.593576,0.714079,0.455362,0.609119,-0.0143208,1.02947,-0.215487,0.913114,0.22493,0.394596,0.61174,0.14785,0.739411,0.0203124,0.0932158,1.17626,0.68794,0.990993,0.126948,0.296146,0.345399,0.0989002,0.662762
0.955965,-0.62851,-0.338657,-0.714027,-0.0573557,-0.525268,0.449372,0.935805,0.829217,0.456082,-0.863203,-0.157608,-0.767734,0.278239,0.0835465,1.09561,0.797548,0.0972619,0.0789797,0.938577,-0.651213,0.22493,0.863846,0.0210582,-0.099007,0.814313,0.598332,0.888563,0.410737,-1.01905,1.36689,0.685521,-0.256542,0.839391,-0.268537,-1.13516
1.15323,1.3321,1.1018,1.2332,1.13777,1.1879,1.50876,0.89348,1.36099,1.48306,1.14615,1.10291,1.14898,1.00867,1.31021,1.33108,1.05195,1.21547,1.39074,1.3446,0.812027,1.28398,1.3417,1.36356,0.965831,1.08414,1.34362,1.38669,1.26126,1.28253,0.939176,1.19029,1.23456,1.00056,1.21859,0.859581
1.2123,1.10166,1.35882,1.20504,0.980353,1.29706,1.3462,1.38772,1.12163,1.32741,1.3132,1.32664,1.17802,1.17601,1.27939,1.36061,1.30469,0.9527,1.19707,1.3446,1.27209,1.28398,1.18953,1.12694,1.18125,1.39835,1.40709,1.49217,1.12544,1.11189,1.33391,1.36576,1.12153,1.45331,1.3444,1.20845
1.24184,1.30329,1.23031,1.26137,0.980353,1.1879,1.54128,1.24235,1.18147,0.891598,1.14615,1.32664,1.11994,1.06445,1.46428,1.30155,1.10811,0.981896,1.29391,1.31367,1.24333,1.12916,1.21996,0.949476,1.36589,1.15396,1.43883,1.21088,1.20693,1.14033,0.908812,1.36576,1.17805,1.3024,1.06133,1.35381
0.459394,-2.08853,-3.21725,-1.55079,-0.976686,-3.19202,-1.4512,-1.03618,1.19236,-0.0503749,-4.019,-1.05617,-0.990491,0.8038,-0.617045,1.00414,0.891763,0.208845,-1.3102,1.13092,-1.97488,0.849613,0.981159,-0.471177,-0.263579,-1.05825,1.09378,-0.834689,-0.609965,-2.10531,1.86808,0.964808,-2.24622,0.160151,-2.10572,-0.895434
0.459394,0.685506,0.668849,0.600882,-0.874538,0.91922,-1.11181,0.789732,-1.10756,0.354791,0.872485,-0.247464,0.12329,0.488463,0.573961,0.363898,0.42069,0.43201,-1.23709,-0.215487,0.191117,0.433158,-0.191966,0.414846,0.559279,0.140192,-0.144836,-0.238179,-0.099614,-0.0879634,1.36689,-0.0592426,0.627759,-0.148594,0.833775,-0.296128
-2.12277,-0.920514,-1.20223,0.959494,0.964122,0.474762,0.313617,-1.69351,0.345021,1.57029,0.0835358,0.740951,-0.656356,-1.50867,-1.31764,-0.184884,-1.36938,-0.7954,0.225209,-2.61979,-0.169882,0.22493,0.277284,0.61174,-1.25101,-1.65747,-0.888005,-1.63004,-0.992729,0.377579,0.239205,-0.897102,0.517221,-2.43331,-0.513495,-0.176267
-0.235805,-0.774512,-0.194728,-2.62662,-0.0573557,-2.3031,0.51725,-0.0867065,-0.139174,-0.961997,-1.17878,1.4598,0.234668,0.698688,0.0134873,0.91268,0.609119,0.208845,-0.21348,-0.311659,-1.73421,0.22493,0.0426591,0.61174,0.806137,0.215094,0.268035,0.292053,-1.2479,-1.17423,1.36689,-0.245434,-2.24622,0.160151,-0.880932,-0.296128
0.459394,0.101499,0.812778,0.361808,-0.0573557,0.141418,0.313617,-0.0867065,0.950266,0.456082,0.872485,-0.33732,1.01431,0.698688,0.503902,-0.733666,0.797548,0.878341,0.956358,1.22709,0.31145,0.953727,-0.0746534,-0.175836,0.559279,0.514703,0.185461,0.689726,0.155562,0.68794,0.740397,-0.0592426,0.185609,0.530646,0.588817,1.38193
1.15323,1.24568,1.23031,1.28953,1.35815,1.21519,1.31369,1.24235,1.09171,0.984987,1.09046,1.64625,1.20707,1.14812,1.27939,1.1539,1.19236,1.09868,1.16479,1.28273,1.21458,1.03626,1.49387,0.831167,1.24279,1.2587,1.24841,1.24604,0.989628,0.827495,1.03027,1.19029,1.34759,1.21185,1.18714,1.20845
0.0621377,1.26951,-0.0507986,1.07903,0.657679,0.808105,0.585127,0.935805,0.587119,0.253499,0.714695,0.471383,0.0119121,0.383351,0.784138,-0.276347,0.232261,0.655175,0.444554,-0.311659,-0.891879,0.329044,0.394596,0.710187,0.641565,0.814313,-0.144836,0.756005,0.921088,0.222398,1.49218,0.313139,1.51206,0.530646,0.221379,-0.0564053
1.24184,1.21688,1.19818,1.28953,1.10628,1.1879,1.15113,1.21328,1.36099,1.23402,1.25751,1.00703,1.17802,1.12023,1.27939,1.03578,1.33277,1.18627,1.13251,0.973382,1.27209,1.09819,1.31127,1.36356,1.08893,1.11905,1.08973,1.07024,1.23409,1.22565,1.21245,1.10256,1.17805,1.18166,1.18714,1.20845
0.976,1.04405,0.94116,1.34586,1.23222,1.16061,0.0132134,1.3005,1.18147,1.35854,1.14615,1.03899,0.655252,1.31546,1.18695,1.24249,1.10811,1.44903,-0.094074,1.2518,1.0133,1.37688,1.21996,1.45229,1.18125,-0.451989,1.12146,-0.40651,1.07112,1.22565,1.15172,1.36576,0.923731,0.155435,0.966969,1.32474
0.459394,-0.482509,0.956707,1.19857,-0.261651,0.585876,0.313617,-0.159743,0.829217,0.658665,0.399116,-0.0677523,-0.099466,-0.457548,-0.897282,0.638289,0.797548,0.655175,0.225209,-0.215487,0.913114,0.329044,0.981159,0.907082,-0.592722,-0.608832,0.268035,0.490889,0.793501,0.222398,-0.387285,0.0338529,1.29098,0.592395,0.588817,0.542901
0.658022,0.831508,-0.0507986,0.00319618,1.67916,-0.191925,0.924516,0.643659,1.07131,0.456082,0.399116,1.4598,1.01431,0.278239,0.573961,0.91268,0.326476,1.10151,1.24882,1.22709,0.792782,0.433158,0.277284,0.316399,0.888423,0.514703,0.846055,0.292053,0.410737,0.377579,0.113907,0.49933,0.738296,0.407148,-0.268537,1.14221
1.12369,1.3897,1.1018,1.26137,1.2637,1.26977,1.50876,1.09699,1.12163,1.26515,1.28536,1.29467,1.26515,1.23179,1.15614,1.12437,1.16428,1.21547,1.32618,1.22086,1.27209,1.22205,1.1591,1.36356,1.21202,1.2587,1.24841,1.24604,1.31558,1.19721,0.696263,1.07331,1.34759,1.45331,1.15569,1.29567
1.41906,1.24568,1.19818,1.26137,1.10628,1.21519,1.47625,1.32957,1.15155,1.07837,1.17399,1.10291,0.945681,1.2039,1.27939,1.18343,1.10811,1.09868,1.29391,1.2518,1.07081,1.16012,0.976491,1.03821,1.1197,1.50308,1.37535,1.56249,1.17977,1.25409,1.12136,1.07331,1.26282,1.57404,1.21859,1.03402
1.2123,1.18807,1.23031,1.06422,1.42112,1.13332,1.44374,1.3005,1.33107,1.20289,1.28536,1.67821,1.43941,1.23179,1.46428,1.39014,1.33277,1.01109,1.55213,1.3446,1.15707,1.03626,1.3417,1.21567,1.39666,1.18887,1.37535,1.17572,1.26126,1.11189,0.939176,1.33652,1.09328,1.18166,1.15569,1.12123
-0.931003,0.393502,-0.0507986,0.481345,1.47486,0.141418,-1.11181,-0.23278,-0.744418,0.658665,0.0835358,0.920662,-0.099466,-0.142211,0.64402,0.272434,-0.42724,0.655175,-0.432824,-0.311659,0.191117,0.641385,-0.543903,1.00553,0.641565,-1.28295,-0.722856,-2.09399,-0.099614,0.222398,1.11629,0.126948,0.627759,-1.26008,-0.758453,0.42304
0.36008,0.2475,0.668849,0.839957,0.657679,0.585876,0.0421059,0.789732,0.587119,1.06383,0.714695,0.561239,-0.322222,0.593576,1.06438,0.363898,0.609119,1.32467,0.225209,-0.023143,-0.169882,1.05784,1.09847,1.30087,1.29985,0.0652892,-0.0622619,0.225774,0.921088,0.0672173,0.740397,0.313139,0.296146,0.221901,0.588817,-0.0564053
-1.72552,-2.52653,0.0931308,0.481345,-5.0626,0.363647,-1.58696,-1.10922,-1.47071,-2.0762,-0.863203,-4.02141,-0.210844,-5.08249,-1.10746,-5.03246,-4.1016,-0.683817,-1.74889,-3.10065,1.27411,-1.85734,0.277284,-0.864965,-1.74472,0.0652892,-2.78721,-2.3591,0.410737,-2.10531,-2.64265,-5.92426,-0.367079,-1.87757,1.32369,0.183317
0.856651,0.685506,0.0931308,-1.43125,0.453383,-0.414154,0.720883,0.424549,-0.865467,-0.961997,-0.232044,0.740951,0.346046,0.698688,0.503902,0.638289,0.703334,-0.349069,1.10259,0.938577,-0.169882,-0.087411,-1.4824,-0.963412,0.723851,0.364899,0.928629,0.225774,-1.63067,-0.708686,-0.63788,0.592426,-0.0354666,0.530646,-1.12589,0.782623
0.161452,1.26951,0.812778,-0.833565,0.351235,0.808105,0.856638,-0.23278,0.46607,-0.860706,0.0835358,-0.786599,1.23707,0.593576,0.363783,-0.0934201,0.232261,0.320427,1.10259,1.32326,0.913114,0.120816,-0.426591,-0.471177,0.970709,1.41353,0.268035,0.954842,-0.737553,-0.553506,0.615099,0.0338529,0.075071,0.777642,-0.0235789,-0.0564053
-0.533747,0.685506,0.524919,0.481345,-1.28313,0.474762,0.0421059,0.789732,0.102924,0.152208,0.241326,-0.427176,0.568803,-0.352435,0.503902,-0.367811,-0.615669,0.208845,-0.140365,-0.407831,-0.0495488,0.0167027,0.511909,0.119505,0.394708,0.814313,-0.392559,0.623447,1.17626,0.532759,1.11629,-0.152338,1.06991,0.468897,0.466337,0.662762
0.459394,0.539504,0.0931308,0.959494,0.964122,0.474762,0.992393,0.935805,-0.018125,0.354791,0.241326,0.651095,0.902937,0.698688,0.64402,0.272434,0.42069,1.10151,0.737013,0.650061,0.913114,0.433158,-0.0746534,0.907082,0.641565,1.18882,0.268035,1.48507,0.283149,0.843121,0.865695,0.313139,0.959372,1.02464,0.0989002,-0.0564053
0.161452,1.26951,0.956707,0.839957,-0.261651,0.474762,-0.0257717,0.20544,0.587119,0.658665,1.34585,-0.33732,0.0119121,0.0680139,0.363783,-0.825129,-0.144597,-0.683817,-0.21348,-0.311659,-0.290215,-0.920321,0.629221,1.10398,0.0655646,-0.00961314,-0.22741,0.225774,0.665913,1.15348,0.615099,-0.710911,1.29098,0.0984023,0.711296,0.303178
0.36008,0.539504,-0.482587,0.72042,-0.261651,0.252533,0.992393,1.15491,-0.381271,0.557374,-0.547624,0.381527,0.346046,0.488463,0.433842,0.272434,0.703334,-0.683817,0.590784,0.553889,0.913114,0.0167027,0.159972,-0.175836,0.312422,1.41353,0.433184,1.41879,0.0279738,0.222398,0.239205,0.313139,0.627759,1.08639,0.343858,0.542901
0.0621377,0.101499,0.524919,-0.235878,0.249088,0.474762,0.109984,0.570622,0.46607,0.658665,1.18806,0.291671,-0.4336,0.8038,0.784138,0.272434,0.797548,0.0972619,0.590784,1.03475,0.0707841,0.537272,-0.191966,0.119505,0.970709,0.439801,0.515758,0.225774,-0.099614,-0.243144,0.990993,0.313139,-0.0354666,0.221901,0.343858,0.303178
-1.03032,-4.42456,-1.20223,-1.43125,-0.465947,0.474762,-0.500915,-3.59246,1.07131,-3.2917,0.399116,-0.427176,-0.210844,-2.98024,-2.29847,-4.84953,-1.74624,-3.58497,0.371439,-0.119315,0.552116,-3.83551,0.981159,-4.21216,-3.0613,-0.384125,0.763481,-0.569573,0.793501,-1.95013,-2.01616,-4.62092,-1.58299,0.345399,-0.268537,1.14221
0.955965,0.393502,0.38099,0.00319618,-0.159504,0.585876,1.46754,0.424549,-0.623369,-0.658123,0.872485,-0.0677523,0.791559,-0.142211,0.64402,0.180971,0.326476,-0.0143208,1.10259,1.41944,1.03345,-0.920321,-0.309278,-0.37273,0.888423,1.11392,0.928629,1.21996,-0.099614,0.68794,-2.01616,0.220044,0.406684,0.96289,-0.0235789,1.02235
-1.03032,1.12351,2.25207,0.242271,0.249088,0.363647,-0.840304,-0.817072,-0.50232,0.152208,0.714695,-0.966311,0.791559,-0.667773,-0.757164,0.180971,-0.238811,-0.125903,-0.579054,-0.023143,-0.290215,0.537272,-0.661216,-0.471177,-0.181293,0.739411,-0.144836,-0.635852,0.155562,0.68794,0.990993,0.778617,0.406684,-1.01308,1.81361,0.42304
-0.533747,0.101499,1.53243,0.72042,0.453383,-0.414154,0.177861,-0.890108,0.708168,0.0509165,0.556905,0.0221036,0.902937,0.0680139,-1.45776,0.638289,-0.0503821,0.989924,0.225209,0.361545,0.431783,0.745499,-0.0746534,0.316399,-0.099007,-1.13315,-0.22741,-0.900968,0.0279738,1.30866,0.113907,0.406235,0.738296,-1.69232,-0.0235789,0.902485
-0.136491,0.685506,-0.626516,0.600882,-1.28313,0.0303039,-1.24757,-1.40136,-0.50232,0.0509165,-1.02099,-0.966311,-1.10187,0.698688,-1.10746,-0.367811,-0.333025,-0.0143208,-1.3102,-0.311659,0.431783,-0.087411,-0.191966,-0.0773888,-1.58015,-0.758637,-0.557708,-0.370737,0.0279738,1.30866,0.113907,-0.431625,0.738296,-0.951332,-0.758453,0.902485
-0.335119,0.101499,-0.338657,0.72042,0.351235,0.363647,-0.568793,-1.03618,0.46607,-0.556832,0.872485,0.291671,0.234668,1.01402,-1.59787,0.272434,-0.0503821,0.766758,0.371439,-0.119315,-0.651213,0.537272,-0.426591,0.0210582,-0.675008,-1.20805,0.0203124,-1.16608,0.283149,0.222398,0.865695,0.220044,0.738296,-1.01308,-0.635974,-0.296128
1.12369,1.07285,1.06967,1.17687,0.665522,1.13332,0.695965,1.44586,1.36099,0.891598,1.20183,0.303885,1.46845,1.12023,1.15614,0.976716,1.1362,1.04029,0.874284,0.880577,1.12832,1.12916,1.1591,0.979054,1.24279,1.22379,0.962781,1.14056,1.20693,1.22565,1.39464,1.10256,1.06502,1.27221,1.02987,1.12123
0.0621377,0.101499,-0.914375,-1.67033,1.06627,-0.969726,0.856638,0.789732,1.31341,0.354791,-0.074254,0.651095,1.34845,0.0680139,0.854198,1.09561,-0.0503821,-0.349069,1.39505,0.842405,-0.169882,0.745499,0.629221,-0.37273,0.476994,-0.159418,0.763481,-0.437015,0.155562,0.998302,-0.888476,0.685521,-0.80923,0.345399,-0.758453,0.542901
0.658022,0.2475,0.956707,0.959494,-0.0573557,0.585876,0.924516,0.20544,0.223973,1.06383,0.399116,0.201815,0.234668,0.0680139,0.64402,0.455362,-0.333025,0.543593,1.02947,0.265373,0.552116,0.641385,1.09847,0.808634,0.476994,1.11392,0.928629,0.954842,0.283149,0.998302,0.113907,0.220044,0.185609,1.02464,0.833775,0.183317
1.30091,1.24568,1.1018,1.00789,1.13777,1.29706,1.24867,1.35864,0.942104,1.17176,1.28536,1.07095,1.14898,1.2039,1.34102,1.21296,1.16428,1.36145,1.26163,1.2518,1.24333,1.0053,0.915623,1.27483,1.42744,0.979402,1.28014,1.24604,1.20693,1.22565,1.03027,1.16105,1.09328,1.24203,1.2815,1.06309
-0.136491,1.26951,0.524919,0.361808,0.453383,0.0303039,0.313617,-0.817072,0.587119,0.759956,0.0835358,0.471383,0.680181,0.593576,0.503902,0.455362,0.232261,0.655175,0.298324,0.169201,-0.0495488,1.16195,0.0426591,0.316399,0.723851,-0.53393,0.433184,-0.76841,-0.482377,0.377579,0.615099,0.778617,0.627759,-0.951332,0.466337,0.782623
0.955965,-0.190505,0.38099,0.122733,0.351235,-0.0808105,0.313617,0.643659,0.102924,0.962539,1.50364,0.291671,0.568803,0.488463,0.784138,1.18707,0.326476,0.320427,0.517669,0.746233,0.0707841,0.745499,0.0426591,-0.0773888,1.05299,1.26373,0.846055,0.689726,-0.35479,1.30866,0.615099,0.778617,-0.146004,0.839391,0.0989002,0.662762
0.161452,0.977509,-0.0507986,0.600882,-1.07883,0.141418,-0.433038,0.570622,-2.07595,1.3677,0.0835358,0.381527,-0.099466,0.0680139,0.64402,0.821216,-0.238811,0.43201,-0.652169,0.265373,1.15378,-0.191525,0.277284,-0.864965,0.312422,-0.0845155,0.185461,0.225774,-0.35479,0.998302,0.239205,0.592426,0.517221,0.345399,0.466337,0.902485
0.658022,-1.21252,0.38099,0.00319618,0.351235,0.0303039,1.12815,0.497586,0.829217,0.152208,0.241326,0.201815,1.45983,0.383351,0.784138,0.638289,0.138047,0.208845,1.1757,1.22709,1.15378,0.329044,0.394596,-0.471177,0.888423,1.11392,0.928629,1.15368,0.410737,-0.0879634,0.239205,0.406235,-0.367079,0.96289,0.466337,1.50179
-0.533747,-1.65052,-0.914375,-1.9094,1.16842,-1.96976,0.585127,-4.10372,-0.744418,-0.354249,-3.70342,1.36994,-1.32462,0.908913,-3.62959,1.00414,-1.4636,-0.7954,-0.652169,-0.119315,-1.97488,0.537272,-0.661216,-2.34167,-3.88415,-1.58256,1.17635,-0.569573,-1.37549,-0.863867,-1.51497,1.24409,-2.79891,0.654144,-0.268537,1.02235
-0.235805,-0.190505,-0.194728,0.00319618,-1.38528,0.363647,-0.840304,0.497586,0.102924,1.3677,-0.074254,-0.247464,-1.10187,0.278239,0.503902,0.729753,0.985977,-0.572234,-1.09086,0.938577,-0.0495488,1.16195,1.3331,-0.471177,0.14785,0.664508,0.515758,0.42461,1.17626,0.0672173,0.740397,0.964808,-1.14084,0.0366532,0.221379,0.662762
0.36008,1.12351,0.812778,-0.59449,0.0447921,0.808105,0.720883,-0.0136699,-0.865467,-0.860706,1.03027,-0.247464,1.01431,-0.0370985,0.223665,0.0895072,-0.238811,-0.237486,0.371439,0.842405,0.913114,-0.191525,-0.661216,-0.963412,0.723851,0.215094,0.515758,0.490889,-0.227202,0.222398,-0.763178,0.406235,0.075071,0.654144,0.588817,0.662762
0.459394,-0.482509,0.0931308,1.07903,0.453383,0.808105,-0.229405,0.132403,0.950266,0.861248,0.872485,-0.517032,0.568803,0.698688,0.293724,0.546825,0.891763,0.766758,0.00586483,0.457717,0.0707841,0.953727,0.277284,0.513293,0.641565,-0.758637,0.102887,-0.635852,0.921088,0.998302,1.49218,0.406235,-0.367079,-0.086845,0.466337,-0.0564053
1.35322,0.831508,0.38099,-0.714027,0.964122,0.141418,1.39966,0.424549,1.91866,0.456082,0.556905,1.54965,0.680181,0.8038,1.34461,0.638289,0.797548,-1.4649,1.61439,1.32326,0.431783,0.433158,1.80235,-1.45565,1.54671,-1.05825,1.50665,-0.702131,0.793501,-0.708686,-1.89086,0.49933,0.406684,-0.0250959,0.343858,1.02235
1.03508,1.01525,1.19818,1.3177,1.10628,1.16061,1.08611,1.09699,1.03187,1.38967,1.22967,0.559573,1.14898,1.28757,0.971246,1.1539,1.19236,1.12788,0.712891,1.03525,1.18583,1.46978,1.03736,1.03821,1.18125,0.735018,1.08973,0.753793,1.12544,1.42473,1.27318,1.27803,1.06502,0.608183,1.15569,1.17938
1.45254,-1.50452,1.24457,0.959494,0.657679,1.58591,0.381494,0.278476,0.102924,0.759956,-0.389834,-0.33732,0.0119121,-0.142211,0.573961,0.272434,0.42069,-1.13015,-0.286595,-0.119315,0.31145,0.0167027,0.629221,0.217952,-1.16872,0.140192,0.102887,0.756005,1.04868,0.998302,-0.387285,0.220044,0.738296,0.160151,2.30352,-0.775573
0.36008,-0.62851,-1.0583,-0.714027,0.555531,-0.747497,1.46754,0.789732,0.345021,0.0509165,-0.232044,1.01052,1.12569,0.488463,0.994316,0.638289,-0.144597,-0.460652,1.39505,0.938577,0.431783,-0.295639,0.511909,0.217952,0.394708,0.514703,0.680907,0.822284,0.793501,-0.863867,-0.387285,0.778617,-0.367079,0.28365,-0.268537,0.303178
0.856651,0.539504,-0.0507986,0.361808,0.964122,0.696991,0.51725,0.935805,0.345021,1.16512,0.714695,0.651095,0.568803,0.383351,1.13443,0.638289,0.797548,0.989924,0.737013,0.169201,1.03345,0.745499,0.746534,1.20242,1.05299,-0.159418,0.763481,0.159495,0.283149,-0.243144,-0.387285,0.778617,0.627759,0.221901,0.221379,0.902485
0.459394,-1.06652,-0.482587,0.72042,0.249088,0.141418,0.585127,0.278476,0.345021,0.962539,0.241326,0.651095,-0.210844,-1.40356,0.503902,0.638289,0.609119,-2.80389,0.00586483,-0.407831,-0.651213,0.120816,-0.543903,0.907082,-0.0167212,-0.00961314,0.680907,0.756005,-1.12032,0.68794,0.239205,0.313139,0.627759,0.221901,0.466337,-0.415989
0.161452,1.70752,0.0931308,0.959494,-0.261651,0.91922,-0.636671,-0.159743,0.102924,0.658665,0.714695,-0.696743,-0.322222,1.01402,0.433842,-0.0934201,0.703334,0.989924,-0.652169,-0.215487,0.31145,0.745499,0.0426591,1.30087,0.476994,-1.13315,-0.309985,-0.900968,0.665913,0.998302,0.740397,0.313139,0.959372,-1.19833,1.07873,0.542901
1.15323,1.07285,0.94116,0.867068,1.51556,1.02416,1.73635,1.12606,1.00195,1.07837,1.1183,1.39056,1.20707,1.03656,1.52591,1.03578,1.10811,0.865112,1.61669,1.46835,1.18583,0.881434,0.793888,0.831167,1.33511,1.11905,1.40709,1.14056,1.17977,1.33941,0.848084,1.10256,1.14979,1.06093,0.841157,1.09216
0.658022,-0.482509,-0.482587,1.07903,-1.18098,0.252533,-0.704548,0.789732,-1.59176,0.658665,-1.02099,-1.23588,0.791559,0.593576,0.64402,0.638289,0.703334,0.543593,-0.579054,0.169201,0.913114,0.22493,-1.59972,0.808634,0.394708,-0.0845155,0.680907,0.292053,-0.35479,-0.243144,-0.136689,0.592426,-0.477617,0.654144,-0.268537,-0.176267
0.856651,-0.190505,-0.194728,0.959494,0.249088,0.696991,0.720883,0.935805,1.31341,0.557374,0.556905,0.291671,0.12329,0.173126,0.503902,0.180971,0.232261,0.0972619,0.956358,0.746233,0.672449,-0.295639,1.45041,0.414846,0.14785,0.814313,0.598332,1.0874,1.04868,-0.243144,0.239205,0.220044,0.406684,1.08639,0.221379,1.02235
0.161452,-0.920514,0.0931308,-0.833565,-0.0573557,-0.303039,0.653005,-0.378853,0.46607,0.0509165,-0.074254,0.471383,-0.099466,-0.142211,0.503902,0.821216,-0.144597,0.320427,0.371439,0.073029,-0.530881,0.849613,0.511909,-1.45565,0.394708,0.589606,-0.22741,0.689726,0.410737,0.377579,0.865695,0.685521,-1.0303,0.468897,-0.391016,-0.296128
1.24184,1.04405,1.00542,0.895232,1.57853,1.05145,1.41123,1.38772,1.21139,1.1095,0.979092,1.5184,1.2942,1.28757,1.09451,1.41967,1.4451,1.12788,1.39074,1.15899,1.0133,1.03626,1.37213,1.21567,1.1197,1.43326,1.12146,1.42185,1.26126,0.884375,1.425,1.24878,1.17805,1.4835,1.02987,0.917726
1.15459,-0.62851,0.524919,0.00319618,0.249088,0.252533,1.39966,0.278476,-0.018125,0.456082,0.556905,1.01052,-0.210844,0.173126,0.573961,0.546825,-0.144597,-1.13015,0.737013,0.457717,-0.290215,0.0167027,0.629221,-0.175836,0.394708,0.215094,0.515758,0.822284,0.665913,-0.0879634,-1.38967,0.126948,-0.698692,1.20989,0.956254,-0.176267
0.161452,-0.62851,-0.338657,0.959494,0.453383,0.585876,0.51725,0.132403,0.102924,0.861248,0.556905,0.471383,0.12329,-1.19333,0.64402,0.546825,0.0438324,-0.237486,0.590784,0.650061,-0.290215,0.537272,0.277284,0.61174,0.312422,-0.608832,0.680907,0.0269369,0.410737,-0.398325,-0.763178,0.126948,0.406684,-0.272092,-0.268537,1.02235
1.12369,1.01525,1.23031,0.867068,1.2637,1.07874,1.28118,1.24235,1.36099,1.04725,1.17399,1.39056,1.14898,1.28757,0.632282,1.24249,1.22044,1.18627,1.32618,1.12806,1.27209,1.06723,1.28083,1.06779,0.658095,1.43326,1.12146,1.42185,1.26126,1.02657,1.425,1.21954,0.895473,1.27221,1.43876,1.15031
-0.434433,-0.62851,-0.338657,0.72042,-0.670242,-0.747497,0.449372,-0.378853,1.55551,1.26641,-1.49436,-0.33732,0.568803,0.593576,-1.31764,0.91268,0.797548,1.10151,0.225209,0.650061,-0.169882,1.05784,1.56772,1.10398,-1.08644,-0.683735,0.763481,-0.569573,0.283149,0.377579,-0.763178,0.592426,-0.588154,-0.704336,-1.61581,0.303178
0.955965,0.393502,0.812778,1.07903,-0.159504,-0.0808105,1.39966,-0.305816,-0.260223,0.354791,0.399116,-0.33732,-1.21325,0.383351,-0.0565719,0.363898,-0.333025,0.655175,0.737013,0.650061,0.672449,0.641385,-0.426591,0.710187,-0.181293,1.26373,1.0112,1.41879,-0.609965,1.61902,-1.64026,0.313139,0.406684,1.08639,0.0989002,0.183317
0.916925,1.07285,1.29457,1.14871,0.917386,1.10603,0.858524,1.12606,1.03187,1.23402,1.20183,0.751339,1.23611,1.25968,1.03288,1.39014,1.30469,1.18627,1.06796,1.31367,1.41586,1.31495,0.793888,1.18609,1.21202,1.43326,1.18493,1.35152,0.90814,1.16877,1.36427,1.39501,1.0085,1.24203,0.998422,1.44103
1.2123,1.24568,1.39095,0.895232,0.759971,1.24248,1.67132,1.06792,1.03187,0.891598,1.28536,1.13487,1.41037,0.980782,1.24858,0.858594,1.1362,1.15707,1.58441,1.15899,1.27209,0.9124,1.06779,1.03821,1.42744,1.32852,1.12146,1.24604,1.20693,0.969694,0.939176,0.985577,1.17805,1.42313,1.2815,1.35381
1.2123,1.01525,1.55159,1.17687,1.10628,1.24248,1.44374,0.922553,1.21139,1.23402,1.34104,0.7833,1.35228,1.14812,1.24858,1.30155,1.16428,1.09868,1.42302,1.43741,1.3296,1.37688,1.00693,1.09736,1.30434,1.39835,1.40709,1.52733,1.04395,1.31097,1.24282,1.30727,1.31933,1.36276,1.2815,1.2666
1.18276,1.04405,1.00542,0.641754,1.2637,1.1879,0.695965,1.21328,1.54052,1.23402,0.979092,1.19879,1.0909,0.925001,1.21777,1.30155,0.855376,1.18627,0.842005,1.40647,1.18583,1.25302,1.61561,1.09736,1.18125,0.979402,1.1532,1.03508,1.36991,0.571536,1.30355,1.21954,1.06502,1.09111,1.09278,1.2666
0.887388,1.30329,1.16606,1.28953,1.35815,1.29706,1.47625,0.660899,1.18147,1.23402,1.20183,1.32664,1.14898,0.925001,0.601467,1.1539,0.911541,1.24466,1.35846,1.03525,0.524489,1.03626,1.21996,1.09736,0.627321,1.22379,0.931044,1.73829,1.17977,1.28253,1.091,1.16105,1.03676,1.66459,1.50167,1.06309
0.856651,1.41551,-0.338657,0.481345,1.16842,0.585876,0.245739,0.20544,2.40285,-0.0503749,1.03027,-0.427176,1.68258,0.8038,-0.406868,-0.550738,0.514905,0.320427,1.10259,-0.600175,0.31145,0.22493,1.68503,0.907082,0.394708,0.514703,-0.22741,0.623447,1.8142,0.68794,0.865695,-0.52472,1.6226,0.221901,0.0989002,0.42304
-0.434433,0.393502,0.524919,-0.235878,-0.0573557,0.0303039,0.381494,0.278476,0.46607,0.658665,0.714695,0.381527,0.791559,0.0680139,0.363783,0.272434,-0.42724,1.10151,0.663898,-0.215487,0.552116,0.849613,0.863846,1.00553,0.806137,0.439801,-0.0622619,0.225774,0.155562,0.843121,0.364503,0.313139,0.296146,-0.0250959,0.221379,0.542901
-0.335119,1.26951,0.23706,0.72042,0.0447921,0.363647,-1.11181,-1.40136,-1.47071,-0.759415,-0.547624,-1.14602,-0.879113,-0.457548,-1.17752,-0.0934201,-0.0503821,1.32467,-1.01774,-2.04275,-0.0495488,-0.60798,-0.543903,0.513293,-0.592722,-0.908442,-1.8789,-1.49748,-0.099614,0.843121,-0.763178,-0.338529,1.18045,-1.32183,-0.0235789,-0.775573
0.459394,-0.190505,1.67635,0.122733,-0.261651,0.474762,-0.297282,0.570622,1.55551,0.253499,0.241326,-0.786599,0.346046,-0.667773,0.0835465,-0.276347,0.138047,-0.906982,-0.21348,-0.119315,0.792782,1.16195,-0.309278,-0.0773888,-0.099007,0.664508,-0.392559,0.557168,-0.35479,0.0672173,0.615099,-0.152338,1.51206,-0.0250959,-0.146058,0.662762
1.35322,0.831508,1.82028,0.242271,-0.568095,0.474762,0.720883,0.643659,0.345021,0.557374,-0.389834,0.111959,0.680181,0.908913,0.293724,0.180971,-0.615669,-0.906982,0.883243,0.650061,0.431783,0.329044,1.09847,-1.94788,-0.510436,1.11392,0.846055,0.756005,-0.099614,0.532759,-0.261987,0.126948,-0.0354666,0.592395,1.93609,0.542901
-0.0371764,-1.06652,0.524919,0.600882,0.249088,0.808105,0.585127,0.278476,-0.260223,0.658665,1.03027,0.471383,0.346046,0.593576,0.503902,0.821216,0.514905,0.208845,0.737013,0.265373,1.03345,0.537272,0.629221,0.119505,0.723851,0.439801,0.763481,0.954842,0.410737,0.222398,0.615099,0.49933,-0.80923,0.715893,0.711296,0.42304
-1.72552,0.977509,1.67635,0.481345,1.37271,-1.19196,-0.500915,-0.670999,-0.744418,-0.0503749,0.556905,1.63951,0.346046,-0.56266,-0.757164,-0.276347,-1.27517,-0.572234,-0.432824,0.169201,-1.97488,-0.816207,-0.309278,-1.25875,0.723851,-0.384125,-1.46602,-1.23236,-0.35479,-0.708686,0.489801,0.313139,-0.919767,-1.69232,-0.391016,-0.655712
1.15323,1.30329,1.16606,1.3177,1.29518,1.26977,0.923548,0.922553,1.15155,1.20289,1.22967,1.07095,1.14898,1.34336,1.18695,1.18343,1.30469,1.33225,1.03568,0.911512,1.24333,1.28398,1.12866,1.27483,1.21202,0.350987,0.994517,0.472507,0.989628,1.22565,1.33391,1.16105,1.37585,0.48745,1.21859,1.09216
0.260766,-0.190505,0.23706,-0.235878,0.759827,-0.414154,-1.31545,0.278476,1.19236,0.658665,0.241326,0.471383,-0.322222,0.698688,0.363783,0.546825,0.138047,0.208845,-0.871513,0.938577,-0.169882,0.849613,0.746534,0.217952,0.559279,0.514703,0.928629,-0.238179,0.0279738,-0.0879634,0.865695,0.49933,-0.367079,0.777642,-0.391016,0.303178
1.35322,0.539504,-0.194728,0.361808,-0.363799,0.696991,0.177861,1.08188,-0.381271,-0.45554,0.714695,-0.157608,-0.544978,0.908913,0.153606,0.0895072,0.326476,0.543593,-0.06725,0.650061,-0.169882,-0.087411,-1.13047,0.513293,0.0655646,1.03902,0.102887,1.21996,0.283149,-0.398325,1.11629,0.592426,0.185609,0.901141,0.343858,-0.296128
-3.11591,-0.482509,-0.0507986,0.242271,-0.77239,-0.191925,-1.38332,0.643659,-0.50232,-0.759415,-0.705413,1.4598,-1.21325,1.01402,0.64402,0.729753,-0.238811,-0.349069,-2.18758,-2.9083,-1.97488,-1.02443,-1.13047,-0.963412,0.641565,-1.80727,-2.78721,-2.02771,0.793501,0.843121,-1.26437,0.592426,-0.367079,-1.81582,-0.0235789,-2.33377
-0.136491,-0.920514,0.0931308,-0.235878,0.249088,0.141418,0.0421059,0.20544,-0.381271,0.152208,-0.074254,-0.517032,0.0119121,0.0680139,0.363783,0.180971,0.514905,-0.125903,0.444554,0.650061,-0.0495488,0.537272,-0.661216,-0.0773888,0.394708,0.664508,0.598332,0.358331,0.0279738,-0.708686,0.489801,0.49933,-1.0303,0.221901,0.343858,-0.296128
-0.335119,0.831508,-0.626516,0.361808,0.0447921,0.474762,0.924516,-1.10922,-0.381271,-0.658123,-1.17878,0.561239,0.12329,0.173126,-1.31764,0.638289,-0.238811,-0.0143208,0.225209,0.073029,0.672449,0.433158,-0.661216,-1.3572,-1.00415,0.215094,0.268035,-0.238179,1.04868,0.222398,0.615099,0.685521,0.406684,0.592395,-0.268537,0.42304
-0.335119,-1.94253,-0.770446,-1.07264,-0.159504,-0.636383,-0.704548,1.08188,-0.260223,-0.252958,-0.389834,-0.786599,1.23707,1.22425,0.153606,0.638289,0.985977,-0.125903,-0.286595,0.650061,-0.651213,0.329044,-0.426591,-0.37273,0.394708,0.814313,0.185461,0.888563,-0.609965,-1.32941,1.24159,1.0579,-1.91461,0.530646,-0.0235789,0.063456
-0.136491,0.539504,0.524919,0.600882,-0.159504,0.808105,-0.0257717,1.15491,-0.744418,0.152208,1.03027,0.561239,0.568803,-0.772885,0.363783,0.272434,-0.521454,-0.237486,-0.140365,-0.504003,-0.410548,-0.191525,-0.191966,-0.0773888,0.230136,2.31236,-0.22741,1.15368,0.793501,0.843121,-0.261987,-0.52472,0.738296,0.592395,0.221379,0.662762
-0.831689,-2.38053,-4.22475,0.122733,0.249088,-3.41424,-0.772426,-0.451889,-1.83386,0.658665,-3.70342,1.4598,-3.9977,1.01402,-0.687105,0.729753,0.891763,-0.125903,-1.23709,-0.119315,-4.6222,-0.191525,-1.13047,1.10398,-0.921865,-1.35786,-0.0622619,-1.76259,0.793501,-1.48459,-1.76556,0.0338529,-2.46729,-2.30981,-4.06539,-3.65224
1.18276,1.13046,1.23031,1.00789,1.04332,1.1879,1.21616,1.15513,1.12163,1.07837,1.22967,0.975065,1.03281,1.23179,1.24858,1.18343,1.16428,1.06948,1.32618,1.3446,1.15707,1.09819,1.21996,0.742436,1.30434,1.22379,1.31188,1.24604,1.09828,1.08345,1.12136,1.19029,1.0085,1.21185,1.25005,1.12123
0.757337,1.12351,-0.338657,-0.714027,0.555531,0.474762,1.73905,0.351513,1.43446,-0.354249,0.556905,0.651095,0.680181,0.383351,0.573961,0.272434,0.609119,0.320427,1.10259,0.553889,0.552116,-0.191525,1.09847,-0.569624,0.559279,0.140192,1.17635,1.02112,0.793501,-0.398325,-0.888476,0.778617,0.296146,1.20989,-0.146058,0.303178
1.12369,1.30329,1.1018,1.26137,1.20073,1.13332,0.403357,0.835335,0.822421,1.4208,1.17399,1.48644,0.742381,1.2039,1.03288,1.33108,1.41702,1.06948,0.357826,0.942447,0.98455,1.22205,1.03736,1.54102,1.02738,0.00186695,0.962781,-0.125225,1.26126,1.31097,0.96954,1.30727,1.17805,0.276168,1.12423,1.15031
1.65116,-0.920514,0.956707,0.839957,-0.159504,0.141418,0.856638,0.278476,0.708168,1.57029,0.241326,-0.0677523,0.568803,0.173126,0.64402,0.180971,0.232261,-0.460652,0.298324,1.13092,0.792782,1.05784,1.21578,0.414846,0.476994,0.514703,1.09378,0.623447,1.04868,0.68794,0.113907,0.406235,0.185609,0.777642,0.833775,0.183317
1.33045,1.27449,1.29457,1.34586,1.2637,1.29706,1.11862,1.35864,1.30115,1.57644,1.00693,1.29467,1.0909,1.06445,1.43347,1.1539,0.714966,1.21547,1.19707,1.31367,0.98455,1.25302,1.31127,0.949476,1.48898,1.04923,1.43883,1.07024,1.26126,1.16877,1.27318,1.21954,1.23456,1.36276,1.37586,0.830509
-0.235805,0.539504,-0.0507986,0.361808,0.0447921,0.474762,0.449372,0.278476,0.345021,0.861248,0.0835358,0.651095,0.346046,-1.08822,0.924257,-0.276347,-0.0503821,-0.0143208,0.0789797,-0.888691,0.552116,0.22493,0.394596,1.30087,0.394708,-0.833539,-0.144836,-0.304458,1.04868,0.222398,-1.89086,-0.617816,0.517221,-0.39559,0.833775,-0.655712
-1.03032,1.12351,2.396,0.242271,-0.976686,-0.414154,-2.74088,-1.10922,0.223973,-0.252958,0.872485,-1.86487,0.346046,-0.352435,-1.24758,-1.55684,-2.1231,0.878341,-1.96824,0.265373,1.03345,0.745499,-1.83434,-0.471177,-0.510436,-1.73237,-2.12662,-1.96143,-0.737553,0.843121,1.11629,0.126948,-0.80923,-3.0508,-0.391016,0.542901
0.887388,1.10166,0.716264,1.34586,0.980353,0.614817,-0.37693,1.24235,0.822421,0.642563,0.895566,0.751339,0.510037,1.17601,1.34102,0.799533,1.27661,1.27386,-0.223188,-0.0784132,0.668258,0.819504,0.793888,1.39313,1.21202,-0.312341,-0.243198,-0.441671,1.28842,1.28253,1.03027,0.897841,1.23456,0.0648858,0.652439,0.510712
-0.136491,0.831508,-0.194728,1.31811,-1.07883,0.363647,-1.79059,0.789732,-0.381271,1.06383,-0.389834,-0.876455,0.791559,-0.667773,0.64402,0.638289,0.138047,-0.125903,-2.04135,-2.33127,1.27411,0.0167027,0.0426591,1.10398,0.312422,-2.03198,-1.71375,-2.02771,-1.12032,0.68794,-0.888476,-0.338529,0.517221,-1.26008,0.0989002,0.782623
0.0621377,-1.50452,-0.626516,-1.43125,0.351235,-1.74753,0.856638,0.643659,0.345021,-0.354249,-1.49436,0.381527,1.12569,0.173126,0.293724,0.729753,0.703334,-0.0143208,1.39505,1.61178,-0.530881,-0.503866,-0.426591,-0.668071,0.559279,0.664508,0.763481,0.623447,-1.12032,-1.17423,-0.763178,0.49933,-1.91461,0.715893,-1.24837,0.303178
1.38953,1.04405,1.29457,1.06422,1.13777,1.24248,1.44374,1.24235,0.882262,1.07837,1.1183,1.07095,1.03281,1.03656,1.37184,1.1539,1.1362,0.9527,1.22935,1.09712,1.30084,1.06723,0.915623,1.09736,1.30434,1.32852,1.31188,1.24604,0.935303,0.941254,1.06063,1.21954,1.06502,1.54386,1.31295,1.29567
1.30091,1.41851,1.23031,1.3177,0.791454,1.35163,0.598429,1.00977,0.702738,1.35854,1.17399,0.879183,0.684295,1.03656,0.878801,1.00625,1.33277,1.12788,0.325548,0.942447,1.18583,1.12916,1.09823,1.39313,0.658095,0.874666,0.962781,0.929596,1.15261,1.22565,1.06063,0.927086,1.34759,0.879832,1.65893,1.09216
-3.61248,-1.35852,-0.194728,0.600882,-0.670242,-2.08087,-2.33361,-3.6655,-0.865467,-0.45554,-1.96773,-2.13444,-2.21565,-1.40356,-2.36853,-0.367811,-3.4421,-1.79964,-1.74889,-2.71596,-4.2612,0.641385,-1.01315,-1.75099,-2.07387,-0.384125,-3.28266,-1.29864,-4.05484,-0.708686,-0.136689,-3.22449,-2.68837,-2.49506,0.588817,-1.85432
1.15323,1.30329,1.26244,1.34586,1.04332,1.1879,1.0536,1.09699,1.36099,1.54532,1.22967,1.29467,1.11994,1.2039,1.09451,1.36061,1.24853,1.47823,1.13251,1.18993,1.15707,1.53171,1.37213,1.39313,1.02738,1.29361,1.21667,1.21088,1.23409,1.31097,1.48573,1.10256,1.26282,1.15148,1.09278,1.29567
0.260766,0.685506,0.956707,-0.714027,-0.77239,0.141418,1.60329,-0.0867065,-0.018125,-1.16458,0.872485,0.471383,0.12329,-0.457548,0.153606,0.546825,0.326476,-1.24173,0.883243,1.32326,1.03345,-0.295639,-0.543903,-1.06186,0.723851,0.739411,1.42408,0.822284,-0.609965,-0.243144,-1.26437,0.220044,-0.0354666,0.715893,0.466337,0.782623
-0.335119,1.26951,-0.626516,1.07903,-0.0573557,-0.525268,0.585127,-0.0136699,1.79761,0.456082,0.0835358,0.740951,0.680181,0.278239,0.0835465,0.272434,-0.238811,0.878341,0.663898,-0.696347,-0.891879,0.22493,1.80235,0.61174,0.230136,0.289996,-0.392559,-0.76841,0.283149,0.532759,0.239205,0.313139,1.18045,-0.951332,-1.37085,-0.296128
-0.136491,-0.482509,0.0931308,-0.59449,0.964122,0.252533,0.381494,0.716695,0.102924,0.759956,0.556905,0.651095,0.12329,0.173126,0.714079,0.729753,0.891763,0.766758,0.517669,0.553889,-0.169882,1.05784,-0.426591,0.217952,0.806137,0.514703,0.598332,0.756005,-0.099614,-0.398325,0.364503,0.49933,-0.367079,0.28365,0.343858,-0.53585
-2.81797,1.12351,0.38099,-5.01737,-3.63253,-1.63641,-3.2839,-0.378853,-0.381271,-3.59557,-0.389834,-3.48228,-2.32703,0.593576,-0.757164,-1.28245,-0.521454,1.32467,-3.2843,-3.38916,-2.45621,0.22493,-0.191966,-0.471177,-0.345864,-2.8559,0.598332,-2.55794,-2.01343,-0.0879634,-0.0113907,-1.92115,1.06991,-2.98905,-0.758453,-1.97419
1.35322,-0.774512,0.668849,-0.953102,0.249088,0.585876,0.653005,0.789732,-0.260223,-0.759415,0.872485,-0.157608,-0.4336,-0.142211,1.06438,-0.184884,0.42069,-1.01857,1.1757,1.32326,-0.169882,-0.087411,-1.36509,-0.766518,0.476994,0.589606,1.09378,0.490889,-2.01343,-0.863867,-0.63788,-0.152338,-0.256542,0.592395,0.0989002,0.42304
0.757337,-0.0445032,0.23706,-0.235878,-0.159504,0.585876,0.78876,1.00884,-3.64959,-0.45554,0.399116,0.0221036,0.568803,1.11914,0.714079,0.363898,0.985977,1.32467,0.371439,0.265373,-0.0495488,-0.295639,-3.59403,-0.0773888,-0.263579,0.964118,0.846055,0.954842,-3.16172,0.68794,-1.13907,0.220044,0.185609,0.901141,0.343858,-0.415989
0.955965,0.977509,-0.338657,0.122733,0.14694,0.696991,0.585127,0.643659,1.31341,1.3677,0.714695,0.561239,0.12329,0.593576,0.433842,0.0895072,0.609119,1.21309,0.663898,-0.119315,-0.169882,0.537272,1.91966,1.10398,0.723851,-0.0845155,0.433184,0.0932158,0.665913,0.222398,-0.0113907,-0.152338,0.959372,0.28365,0.343858,-0.53585
0.459394,0.2475,0.38099,0.600882,0.0447921,0.585876,0.78876,0.935805,-0.260223,0.861248,-0.232044,-0.517032,0.12329,0.383351,0.64402,0.0895072,0.514905,0.320427,0.663898,0.457717,0.431783,0.641385,-0.0746534,0.217952,0.888423,1.03902,0.763481,0.623447,0.410737,-0.0879634,1.11629,0.313139,0.185609,0.715893,0.466337,0.303178
1.2123,0.957636,1.00542,1.06422,1.29518,1.16061,1.24867,1.44586,1.09171,1.07837,1.17399,1.42252,1.20707,1.17601,1.34102,1.18343,1.16428,1.06948,1.26163,1.3446,1.18583,1.03626,1.12866,1.12694,1.30434,1.46817,1.28014,1.49217,1.26126,1.08345,1.27318,1.21954,1.12153,1.54386,1.12423,1.17938
1.05528,1.41551,-0.194728,0.839957,0.0447921,0.808105,0.381494,0.132403,1.31341,0.456082,0.241326,0.111959,-0.656356,0.908913,-0.0565719,0.729753,0.609119,0.878341,0.225209,-0.023143,0.552116,0.745499,1.21578,1.59621,0.14785,0.364899,0.350609,0.159495,0.538325,0.998302,0.364503,0.406235,1.06991,0.28365,-0.268537,0.063456
1.09415,1.3609,1.16606,1.34586,1.20073,1.32435,1.28118,1.32957,1.33107,1.14063,1.25751,1.16683,1.2942,1.00867,1.21777,1.06531,1.10811,1.09868,1.29391,1.06619,1.27209,1.16012,1.3417,1.06779,1.08893,1.43326,1.05799,1.42185,1.20693,1.28253,1.36427,1.04407,1.23456,1.39295,1.15569,1.06309
0.558708,0.393502,-0.482587,0.600882,0.555531,-0.414154,-0.772426,-0.305816,1.19236,0.354791,-0.074254,0.561239,-0.210844,0.383351,0.573961,-0.459275,0.326476,-0.0143208,0.00586483,0.073029,-0.169882,0.537272,1.45041,0.119505,0.559279,-1.28295,-0.0622619,-1.4312,0.410737,1.15348,-0.136689,0.406235,0.959372,-0.272092,-0.146058,1.26207
0.503401,1.04405,1.13393,0.782575,1.32667,1.13332,0.143261,0.428317,1.42084,0.767081,1.00693,0.46369,1.35228,1.2039,0.971246,0.888125,0.77113,1.18627,1.03568,1.2518,0.812027,1.25302,0.702586,0.742436,0.965831,0.94449,0.169373,0.156061,0.690837,1.45317,1.12136,1.27803,1.0085,0.245985,0.87261,1.09216
1.77351,0.640786,1.1018,0.698082,-0.593801,1.10603,0.663453,0.0212992,0.194085,0.0822348,0.505775,0.144081,1.06185,1.09234,-0.230535,0.238455,1.16428,1.18627,-0.094074,0.385614,0.840781,-0.0475243,-0.33217,1.03821,-0.326661,0.59537,0.423264,1.17572,0.555023,0.457776,0.362258,0.283693,0.782444,1.18166,1.3444,0.714219
1.65116,-0.190505,-0.194728,-1.07264,0.249088,-1.08084,1.06027,-0.744035,0.102924,-1.16458,0.556905,-0.606888,0.457424,0.0680139,-0.476927,0.180971,0.232261,-0.0143208,0.444554,0.842405,-0.290215,-0.399752,-1.71703,-0.766518,-0.099007,0.589606,1.17635,1.0874,-0.865141,0.843121,-1.38967,0.406235,-1.14084,0.96289,-0.268537,0.662762
0.955965,0.101499,0.0931308,-0.355416,0.657679,-0.303039,1.53541,0.351513,0.46607,-0.252958,-0.547624,1.10037,1.01431,0.383351,0.924257,0.0895072,0.0438324,-0.0143208,1.24882,1.03475,0.31145,0.537272,0.159972,-0.175836,0.559279,0.514703,0.928629,0.225774,0.665913,0.532759,-0.888476,0.406235,-0.698692,0.468897,-0.268537,0.542901
1.09415,1.18807,1.06967,1.17687,1.48408,1.16061,1.44374,1.24235,1.39092,1.29628,1.25751,1.77409,1.35228,1.14812,1.37184,1.27202,1.10811,1.18627,1.4553,1.12806,1.12832,1.19109,1.37213,1.24525,1.27357,1.04923,1.24841,1.21088,1.34275,1.25409,1.091,1.27803,1.23456,1.06093,0.904063,1.17938
0.0621377,-0.482509,0.23706,-1.31171,0.555531,-0.414154,0.381494,1.08188,-1.10756,-0.658123,-0.232044,-0.157608,1.01431,0.593576,0.293724,0.546825,0.703334,-0.125903,0.517669,1.03475,0.31145,-0.399752,-1.4824,-0.864965,0.312422,0.889215,0.928629,0.756005,-2.01343,-0.0879634,-0.0113907,0.778617,-1.25138,1.02464,0.221379,0.782623
1.05528,0.101499,0.668849,-0.235878,0.14694,0.808105,0.992393,0.643659,0.708168,-0.658123,0.0835358,-0.0677523,1.45983,0.0680139,1.13443,-0.276347,-0.0503821,-0.683817,1.1757,0.650061,1.03345,-0.60798,0.277284,-0.569624,0.888423,0.814313,0.598332,0.756005,0.410737,-1.01905,-0.512583,-0.0592426,0.627759,0.654144,0.711296,1.14221
0.36008,-0.336507,-0.338657,-1.43125,0.351235,0.474762,-0.36516,-0.305816,-0.865467,-0.658123,0.241326,2.17864,-0.879113,1.11914,-0.476927,1.55293,0.985977,-0.349069,-1.09086,-1.08103,-0.530881,-0.816207,0.394596,-0.0773888,-0.099007,-0.384125,-0.888005,-0.437015,-0.737553,-1.48459,1.36689,1.0579,-0.698692,0.407148,0.343858,-1.73446
0.798776,1.24568,1.00542,1.03605,1.20073,0.915002,0.95606,0.89348,1.09171,0.891598,1.14615,1.07095,1.11994,1.14812,1.00206,0.976716,0.911541,1.09868,1.22935,1.31367,0.927042,1.12916,0.946057,0.653704,1.30434,1.32852,0.994517,1.14056,1.01679,1.08345,1.30355,1.1318,0.980245,1.1213,0.746798,1.17938
1.15459,-0.336507,1.24457,0.361808,-0.0573557,0.474762,0.177861,-0.597962,0.829217,0.658665,1.03027,-0.786599,1.01431,0.488463,0.0835465,0.0895072,0.326476,1.99417,0.444554,1.13092,0.792782,0.120816,0.0426591,0.0210582,0.559279,-0.608832,-0.144836,-0.437015,0.155562,0.68794,0.489801,0.406235,-0.146004,0.345399,0.466337,1.38193
-0.633061,-0.336507,0.38099,-0.235878,0.351235,-0.414154,0.0421059,0.351513,-0.139174,0.152208,0.0835358,-0.247464,-0.210844,0.173126,-0.757164,0.272434,0.609119,-1.57648,0.371439,-0.023143,-0.169882,0.22493,0.159972,-2.04633,0.0655646,1.41353,-0.309985,1.0874,0.283149,-0.243144,0.615099,-0.152338,-0.588154,0.407148,0.466337,-0.655712
0.161452,-0.0445032,0.668849,0.481345,1.27057,0.585876,0.51725,0.716695,0.46607,0.557374,0.0835358,0.920662,1.34845,0.488463,0.573961,0.638289,0.42069,-0.125903,0.298324,-0.119315,0.913114,0.0167027,0.159972,0.217952,0.559279,0.439801,0.433184,0.358331,1.17626,-0.708686,0.364503,0.778617,0.296146,0.345399,0.221379,0.42304
1.24184,1.15927,0.812648,1.06422,1.10628,0.723976,1.47625,1.03884,0.972025,1.01612,0.867724,1.16683,0.945681,1.2039,1.15614,1.18343,1.1362,1.01109,1.39074,1.28273,1.04206,0.97433,1.06779,1.03821,1.21202,1.15396,1.43883,1.38669,0.772325,0.912815,0.999904,1.16105,1.26282,1.36276,0.746798,1.17938
0.955965,0.2475,-0.482587,0.00319618,0.657679,-0.747497,1.12815,1.00884,0.345021,0.962539,-0.389834,0.651095,0.234668,0.0680139,0.503902,1.09561,0.703334,0.208845,0.956358,1.03475,1.15378,0.537272,0.863846,0.414846,0.559279,0.289996,1.3415,0.490889,0.283149,0.532759,-1.76556,0.964808,0.406684,0.96289,0.0989002,1.02235
0.161452,0.2475,-1.0583,0.242271,1.06627,0.252533,0.653005,1.30099,-0.139174,0.354791,-0.547624,1.01052,0.791559,0.278239,0.784138,0.729753,0.42069,-0.460652,0.590784,0.361545,0.672449,0.120816,0.511909,0.217952,0.394708,0.739411,0.268035,1.02112,0.410737,0.222398,0.113907,0.49933,0.627759,1.02464,-0.513495,0.42304
-0.235805,0.393502,1.67635,0.72042,-0.568095,0.808105,-0.229405,0.132403,0.46607,0.861248,0.714695,-0.427176,-0.322222,0.278239,0.64402,0.272434,0.703334,0.878341,-0.06725,0.457717,0.0707841,1.26607,0.511909,0.710187,0.888423,0.140192,0.0203124,0.292053,0.155562,0.998302,0.865695,0.220044,-0.0354666,0.160151,0.956254,0.063456
0.658022,0.977509,-0.626516,-0.116341,0.861974,0.141418,-1.04394,0.0593666,0.46607,0.152208,0.0835358,0.920662,-0.544978,0.383351,0.363783,-0.00195644,0.42069,0.655175,-1.3102,0.073029,0.913114,0.22493,0.511909,-0.766518,-0.181293,-1.28295,0.433184,-0.569573,1.17626,0.0672173,0.615099,0.313139,0.627759,0.160151,-0.635974,0.42304
0.658022,0.831508,0.524919,0.959494,-0.568095,0.585876,-0.433038,0.20544,-2.31805,0.253499,0.714695,-1.05617,0.0119121,0.8038,0.293724,-0.367811,0.609119,0.655175,-0.06725,-0.119315,0.431783,0.120816,-1.71703,1.20242,0.394708,-0.00961314,-0.557708,-0.702131,-0.865141,0.68794,-0.136689,0.406235,1.18045,-0.0250959,0.221379,0.303178
0.0621377,0.2475,-0.194728,0.959494,0.351235,0.585876,0.109984,0.132403,0.46607,0.861248,-0.547624,0.111959,0.234668,0.173126,0.433842,0.638289,0.514905,0.320427,0.371439,0.073029,0.913114,1.05784,0.511909,0.61174,0.394708,0.364899,0.102887,0.159495,0.155562,1.30866,0.489801,0.220044,0.075071,0.0984023,-0.0235789,1.26207
0.161452,1.41551,0.956707,0.72042,-0.976686,0.474762,-0.297282,0.497586,0.223973,0.759956,0.0835358,-1.68516,0.0119121,0.0680139,-0.687105,-0.825129,-0.238811,0.0972619,-0.432824,-0.600175,-0.169882,0.329044,0.0426591,0.61174,-1.58015,0.514703,-0.557708,0.490889,-0.35479,0.68794,1.36689,-0.52472,0.738296,0.345399,0.833775,-0.0564053
0.955965,-0.774512,-0.770446,0.959494,0.964122,0.585876,0.585127,0.132403,1.19236,0.759956,0.241326,0.0221036,0.791559,0.0680139,0.293724,-0.0934201,0.0438324,0.320427,0.810128,0.938577,1.15378,1.05784,0.981159,0.0210582,0.559279,0.215094,0.846055,0.0932158,0.921088,1.46384,-0.136689,0.0338529,-0.80923,0.28365,0.0989002,1.50179
1.15323,1.10166,1.26244,0.979725,1.16925,0.996871,1.21616,1.00977,1.09171,1.14063,0.867724,1.19879,1.00377,1.25968,1.03288,1.1539,1.08003,1.18627,1.19707,1.31367,1.0133,1.22205,1.12866,1.03821,0.87351,1.22379,1.28014,1.21088,1.17977,1.11189,0.878448,1.30727,1.03676,1.39295,1.21859,0.946799
0.36008,0.2475,0.524919,0.481345,-0.261651,0.252533,-0.0936494,0.716695,-0.381271,0.152208,0.872485,-0.33732,0.0119121,0.488463,0.153606,0.0895072,0.326476,-0.125903,0.225209,-0.119315,-0.169882,0.329044,-0.426591,-0.569624,0.14785,1.41353,-0.0622619,0.689726,0.283149,0.222398,1.49218,-0.245434,1.06991,0.901141,0.588817,0.662762
0.260766,0.685506,0.812778,-0.235878,-0.568095,0.585876,0.177861,0.351513,-0.381271,-0.759415,0.872485,-0.966311,0.680181,0.488463,0.64402,-0.184884,0.232261,1.54784,0.225209,0.938577,0.31145,0.120816,-1.36509,-0.569624,0.394708,0.814313,0.433184,0.756005,-0.992729,0.843121,0.113907,0.220044,1.06991,0.592395,0.343858,0.662762
-1.03032,-2.96454,-2.4976,-2.62662,-1.48742,-1.41418,-2.40149,-0.378853,-0.381271,-1.56975,-3.38784,-1.41559,1.34845,-1.82401,-1.10746,-1.09952,-1.55781,-2.02281,-1.74889,-1.94658,-0.891879,-0.503866,0.511909,-1.65254,-1.33329,-2.25668,-1.71375,-2.95561,-1.12032,-3.96748,-3.64503,-0.431625,0.075071,-2.37156,1.81361,-2.93308
1.27138,1.10166,1.23031,1.12055,0.791454,1.26977,0.988572,1.32957,0.912183,1.17176,1.17399,0.815261,1.2942,1.14812,1.24858,1.12437,1.24853,1.36145,0.97112,1.00432,1.30084,1.03626,1.06779,1.36356,1.21202,1.36343,0.994517,1.31636,1.09828,1.05501,1.24282,0.985577,1.34759,1.27221,1.2815,1.09216
-0.235805,0.831508,-0.194728,0.481345,-0.670242,0.696991,0.109984,0.862768,-2.80225,-2.27879,1.03027,-0.0677523,-1.436,-1.61378,0.223665,-0.550738,-0.898312,-0.7954,-0.06725,-0.696347,1.03345,-3.10671,-2.4209,-0.668071,-0.0167212,1.11392,-0.144836,1.28624,0.793501,-0.863867,-1.51497,-1.82806,0.296146,1.45688,-0.391016,0.542901
0.658022,-0.62851,-0.914375,-1.31171,1.67916,-0.747497,1.60329,1.00884,1.55551,-0.252958,0.0835358,1.90908,0.568803,0.698688,0.784138,0.729753,0.609119,0.320427,1.1757,0.842405,-0.0495488,0.0167027,0.629221,-0.175836,0.888423,-0.159418,0.763481,0.358331,1.43144,-0.0879634,-0.512583,0.685521,-0.367079,0.530646,-1.12589,0.662762
1.18276,1.18807,1.03754,1.43035,1.0748,1.07874,1.31369,1.21328,0.972025,1.48306,1.00693,1.23075,1.00377,1.28757,1.24858,1.30155,1.08003,0.923504,1.16479,1.3446,1.21458,1.12916,1.31127,1.39313,1.33511,1.36343,1.34362,1.24604,1.28842,1.16877,0.96954,1.19029,1.06502,1.21185,1.15569,1.32474
1.24184,1.18807,1.03754,1.28953,1.10628,1.16061,0.598429,1.09699,1.33107,1.14063,1.1183,1.16683,1.11994,1.23179,0.971246,1.06531,1.22044,1.41984,1.06796,0.973382,1.24333,1.31495,1.37213,1.39313,1.05815,0.700106,0.962781,0.226382,1.31558,0.998134,1.48573,1.04407,1.17805,0.427084,1.02987,1.03402
-0.633061,0.539504,0.0931308,0.122733,-0.0573557,0.252533,0.856638,0.278476,0.829217,-0.0503749,-0.074254,-0.33732,1.23707,-0.0370985,0.784138,0.363898,-0.144597,-1.24173,1.10259,0.938577,-0.530881,0.433158,0.746534,-1.16031,1.05299,0.889215,0.102887,0.689726,0.0279738,-0.0879634,0.239205,0.220044,0.075071,0.28365,-0.0235789,0.662762
1.06461,1.13046,1.03754,1.37402,1.32667,1.16061,1.31369,1.3005,0.882262,1.20289,1.1183,1.32664,1.41037,1.25968,1.24858,1.24249,1.19236,1.21547,1.35846,1.09712,1.3296,1.22205,1.1591,1.24525,1.24279,1.15396,1.12146,1.1054,1.26126,1.11189,1.36427,1.30727,1.14979,1.27221,0.935516,1.35381
-0.0371764,0.101499,-0.482587,0.481345,0.14694,0.141418,-0.704548,-0.0136699,-0.260223,1.469,0.241326,0.291671,0.0119121,-0.247323,0.714079,0.455362,0.138047,0.878341,-0.06725,0.265373,1.27411,0.745499,0.159972,0.61174,0.641565,-0.53393,-0.0622619,-0.900968,0.283149,0.68794,-0.387285,0.126948,0.738296,-0.148594,0.0989002,0.782623
-0.633061,1.99952,-3.07332,0.122733,1.16842,-1.08084,-0.433038,-0.963145,-0.018125,-0.354249,0.0835358,0.740951,-2.9953,0.488463,-1.66793,-0.00195644,-0.144597,1.21309,-0.579054,-0.023143,0.191117,0.433158,0.159972,-0.471177,0.312422,-1.65747,0.433184,-2.22655,0.921088,0.998302,0.990993,-0.0592426,0.848834,-0.827834,-3.94291,-1.25502
-0.732375,-0.62851,-0.194728,0.72042,0.453383,0.363647,-1.31545,-0.0867065,-0.139174,0.557374,-0.074254,0.291671,0.346046,-0.56266,-0.19669,0.0895072,-0.521454,-0.460652,-1.01774,-0.504003,0.0707841,0.433158,-0.426591,0.217952,0.0655646,-1.05825,-0.475133,-1.36492,-0.737553,0.377579,0.239205,0.313139,0.627759,-1.01308,0.221379,0.303178
1.15459,0.977509,0.668849,0.242271,0.453383,0.585876,0.449372,0.424549,0.102924,0.557374,0.556905,0.111959,0.457424,0.8038,0.714079,0.180971,0.797548,0.989924,0.663898,0.746233,0.792782,0.22493,-0.191966,0.513293,1.13528,0.215094,0.598332,0.557168,0.283149,0.377579,-0.261987,0.220044,0.185609,0.407148,0.0989002,0.303178
1.2123,1.07285,1.13393,1.34586,1.2637,1.16061,1.0536,1.38772,1.21139,1.32741,1.06262,1.19879,1.00377,1.2039,1.24858,1.41967,1.41702,1.24466,0.97112,1.15899,1.44461,1.19109,1.28083,1.33398,1.24279,1.36343,1.21667,1.45701,1.28842,1.22565,1.36427,1.19029,1.09328,1.33258,1.25005,1.15031
0.856651,0.2475,-0.194728,0.600882,0.555531,0.252533,0.653005,1.00884,0.223973,0.557374,0.399116,0.830806,0.0119121,0.0680139,0.714079,0.821216,0.514905,0.43201,0.663898,0.265373,0.31145,0.329044,0.629221,0.119505,0.641565,0.889215,0.598332,0.822284,1.30385,0.0672173,-0.0113907,0.313139,0.627759,1.02464,0.833775,-0.176267
0.0621377,0.2475,1.53243,0.481345,0.0447921,0.363647,-0.772426,-0.23278,-2.07595,-1.06329,1.18806,0.0221036,-1.77014,-0.667773,0.784138,-0.550738,0.138047,-0.0143208,0.0789797,-1.08103,-2.09521,-1.96146,-1.59972,0.513293,0.888423,0.140192,-0.557708,0.42461,-0.865141,1.15348,0.364503,-0.804007,0.296146,0.345399,-0.391016,-2.21391
1.18276,1.10166,1.1018,1.20504,1.20073,1.1879,1.31369,0.951625,0.972025,1.23402,1.20183,1.29467,0.887595,0.897111,1.06369,1.1539,1.22044,1.41984,1.22935,1.12806,1.18583,1.25302,1.1591,1.3044,1.18125,1.29361,1.28014,1.24604,1.07112,1.22565,1.21245,1.07331,1.23456,1.18166,1.06133,1.06309
0.161452,-0.482509,0.23706,1.07903,0.14694,0.141418,0.381494,0.278476,1.55551,0.962539,0.556905,-0.0677523,-0.210844,0.488463,0.433842,0.455362,0.42069,1.10151,0.225209,-0.504003,0.31145,1.05784,1.3331,1.49776,0.806137,0.289996,0.433184,0.358331,0.793501,0.843121,0.865695,0.220044,0.627759,0.345399,0.221379,0.42304
-3.41386,-0.0445032,0.23706,-0.59449,-1.48742,0.252533,-2.60512,-1.32833,-1.95491,-0.759415,-0.074254,-1.5953,0.346046,-1.61378,-2.78888,-3.20318,-4.29003,-0.349069,-2.91873,-3.58151,0.431783,-0.920321,-0.661216,-0.963412,-1.99158,-2.7061,-3.94325,-1.36492,-0.609965,-1.17423,-0.261987,-1.82806,0.185609,-2.98905,0.956254,-0.415989
0.558708,0.101499,-0.626516,0.361808,0.351235,-0.0808105,0.0421059,1.08188,-1.47071,0.962539,-0.074254,0.830806,-0.210844,0.278239,0.784138,0.91268,0.42069,0.543593,-0.06725,0.938577,0.31145,0.0167027,-0.426591,0.513293,0.723851,0.0652892,0.515758,0.0932158,-0.227202,0.377579,0.364503,1.151,-0.146004,0.654144,0.221379,0.303178
0.658022,-0.482509,0.23706,0.959494,-1.58957,0.808105,-1.11181,1.37402,-0.623369,1.06383,-0.232044,-1.23588,-0.099466,0.488463,0.64402,0.821216,1.17441,-0.906982,-1.16397,0.457717,0.552116,0.433158,0.394596,0.61174,0.230136,0.289996,0.350609,0.756005,0.793501,0.68794,0.615099,0.406235,0.296146,0.654144,0.833775,0.303178
0.260766,0.393502,1.53243,-0.355416,-0.670242,-0.747497,0.313617,0.20544,0.708168,-0.252958,-0.232044,-1.95473,0.234668,-0.352435,-0.406868,-0.550738,-0.42724,-0.125903,0.663898,1.22709,-0.290215,0.537272,-1.01315,-0.37273,-0.42815,0.739411,0.0203124,0.490889,-0.482377,-1.17423,0.113907,0.592426,0.075071,0.345399,0.343858,0.183317
0.916925,0.813613,0.94116,1.14871,1.32667,0.887713,1.41123,1.18421,1.27123,0.922728,0.784197,1.42252,1.14898,1.00867,0.478208,1.39014,1.24853,0.923504,1.39074,1.18993,0.840781,1.03626,1.433,1.00863,0.658095,1.43326,1.12146,1.35152,1.42423,0.969694,1.27318,1.27803,0.895473,1.21185,1.06133,0.772364
-2.81797,-1.21252,-1.77795,-2.02894,-1.07883,-4.19205,-2.12998,-1.69351,-0.260223,-2.48137,-2.4411,1.36994,-1.10187,-0.457548,-1.87811,0.821216,-1.74624,1.21309,-2.48004,-2.9083,-4.2612,-1.02443,-2.30359,0.119505,-1.00415,-2.03198,-2.37434,-1.82887,-0.865141,-0.708686,-0.0113907,0.220044,-3.13052,-1.75407,-4.5553,-4.01183
0.85785,0.986441,1.1018,1.06422,0.980353,1.21519,1.0536,1.21328,1.06179,1.20289,1.3132,1.29467,1.14898,1.00867,1.27939,1.33108,1.22044,0.9527,1.06796,1.00432,1.18583,1.0053,1.12866,1.12694,1.15047,1.46817,1.1532,1.31636,1.23409,1.08345,1.33391,1.01482,1.12153,1.24203,1.09278,1.2666
-1.42757,0.831508,0.524919,0.00319618,-0.568095,0.0303039,-2.12998,-0.524926,-0.50232,-1.36716,-0.547624,-0.157608,-1.10187,1.6447,-1.24758,-0.550738,-0.804098,-0.572234,-2.69938,-0.311659,-2.81721,-0.712094,-2.4209,-0.569624,-1.82701,-2.48139,-1.30088,-2.09399,-2.52378,0.0672173,0.489801,0.778617,-0.0354666,-0.704336,0.956254,-2.45363
1.12369,1.27449,1.00542,1.28953,0.94887,1.16061,1.15113,1.24235,1.15155,1.48306,1.25751,1.13487,0.771424,1.06445,1.40265,1.21296,1.19236,1.15707,0.97112,0.942447,1.35835,1.25302,1.3417,1.45229,1.21202,1.2587,1.08973,1.14056,1.09828,1.28253,1.15172,1.07331,1.29108,1.21185,1.12423,1.20845
0.161452,-0.920514,-0.482587,0.481345,0.657679,0.363647,-1.31545,-0.0867065,0.829217,0.557374,-0.074254,0.830806,-0.4336,0.0680139,0.573961,0.272434,0.609119,0.766758,-0.725284,0.842405,0.431783,-0.087411,0.629221,0.907082,0.476994,-0.0845155,0.268035,-0.1719,-0.992729,0.222398,-0.512583,0.220044,-0.256542,-0.333841,-0.391016,0.42304
1.15323,1.3897,1.13393,1.12055,0.85442,1.10603,1.02108,1.38772,0.762579,0.922728,1.22967,0.975065,1.17802,1.14812,1.12532,1.12437,1.22044,0.9527,0.906563,0.818707,1.21458,0.788539,0.885189,1.24525,1.05815,1.29361,0.835836,1.45701,1.07112,1.16877,1.091,0.985577,1.51714,1.03075,1.18714,1.20845
0.85785,0.928832,1.23031,1.3177,0.94887,1.29706,0.891036,1.09699,0.972025,1.35854,1.17399,0.879183,1.14898,1.14812,1.31021,1.33108,1.05195,1.39064,0.97112,1.06619,1.30084,1.53171,0.915623,0.949476,1.27357,1.01431,0.962781,1.17572,1.20693,1.31097,1.18209,1.39501,1.06502,0.970381,1.3444,1.23752
0.621551,0.698395,1.00542,-0.512981,0.885903,0.560238,1.11862,0.719044,0.523213,0.860469,0.617144,1.26271,1.03281,1.03656,0.416578,1.41967,1.08003,1.33225,0.906563,1.03525,0.524489,0.571782,0.519982,1.24525,0.811963,0.735018,1.05799,0.999917,0.745163,-0.537621,0.14971,1.27803,0.584642,0.547817,1.12423,0.394422
1.00554,1.27449,1.19818,0.951561,1.04332,1.21519,1.37872,1.47493,1.03187,0.922728,1.14615,1.00703,1.43941,1.09234,1.18695,1.00625,1.10811,1.01109,1.58441,1.15899,1.27209,0.9124,1.03736,0.712859,1.27357,1.64273,1.02625,1.52733,1.12544,0.969694,1.06063,1.04407,1.12153,1.18166,1.18714,1.2666
0.0621377,0.685506,-0.914375,1.43764,-0.670242,0.252533,-1.11181,0.351513,-0.744418,0.962539,0.0835358,0.651095,-0.4336,-1.19333,0.433842,0.363898,0.326476,0.208845,-1.74889,-2.13893,1.27411,-0.399752,0.629221,1.00553,0.14785,-1.80727,-1.71375,-0.834689,1.55903,0.68794,-1.51497,-0.990198,0.627759,-0.148594,-0.0235789,-0.895434
0.887388,1.13046,1.03754,1.20504,1.32667,1.07874,1.28118,1.32957,1.21139,1.17176,1.22967,1.26271,1.46845,1.31546,1.15614,1.09484,1.19236,0.865112,1.39074,1.18993,1.04206,1.19109,1.21996,1.15652,1.24279,1.57291,0.899308,1.49217,1.12544,1.33941,1.36427,1.21954,1.03676,1.1213,1.06133,1.29567
0.955965,-0.920514,0.812778,-0.714027,-0.363799,-0.636383,0.585127,-0.0136699,0.708168,-0.252958,-0.547624,-0.427176,0.568803,1.11914,-0.476927,0.455362,0.703334,0.543593,0.883243,1.22709,-1.01221,-0.816207,0.394596,1.20242,-1.08644,0.664508,0.928629,0.490889,-0.35479,-1.32941,0.740397,0.685521,-0.146004,0.530646,0.221379,-0.296128
-0.136491,-1.50452,-0.770446,-0.235878,-1.18098,0.585876,0.177861,0.643659,-3.04435,-0.0503749,-0.705413,0.561239,-1.54738,-0.667773,0.64402,0.272434,0.703334,-1.01857,-0.652169,-1.08103,0.431783,-1.96146,-0.661216,0.414846,-0.181293,0.0652892,0.928629,0.358331,-0.227202,-2.57085,-0.888476,-1.92115,-0.146004,0.345399,-0.0235789,-1.49474
0.757337,0.2475,-0.914375,0.600882,1.47486,0.474762,0.720883,0.643659,0.708168,0.759956,-0.705413,1.19023,0.234668,0.383351,0.854198,0.272434,0.514905,-0.125903,0.590784,0.457717,0.552116,-0.191525,0.746534,0.808634,0.559279,0.364899,0.680907,0.623447,1.17626,-0.863867,-0.136689,0.592426,0.627759,0.407148,-0.0235789,-0.655712
1.00554,1.10166,1.55159,1.26137,0.94887,1.05145,0.370845,0.399244,0.852342,0.673693,1.00693,0.975065,0.800466,1.34336,0.231688,0.681411,0.855376,1.24466,0.293269,0.47842,0.783273,0.9124,0.854756,1.00863,0.411906,0.281163,0.328055,0.0857394,1.26126,1.31097,1.06063,0.72237,0.895473,0.215802,1.40731,0.743292
1.15323,1.13046,1.23031,1.20504,1.29518,1.29706,1.08611,1.3005,1.33107,1.14063,1.25751,1.03899,1.14898,0.952892,1.27939,0.976716,0.995787,1.04029,1.29391,1.18993,1.30084,1.16012,1.12866,1.12694,1.27357,1.32852,1.1532,1.17572,1.15261,1.25409,1.24282,1.01482,1.29108,1.27221,1.12423,0.888654
0.459394,0.977509,0.23706,0.959494,0.964122,0.474762,0.313617,0.935805,1.07131,0.152208,1.03027,0.651095,0.0119121,0.383351,0.994316,0.638289,0.232261,0.0972619,0.663898,0.553889,0.913114,0.953727,-0.309278,0.907082,0.806137,-0.0845155,1.25893,-0.1719,-0.609965,1.30866,-0.136689,0.964808,0.627759,0.28365,0.711296,-0.296128
0.658022,-0.482509,0.812778,-0.59449,0.453383,0.0303039,0.585127,1.00884,-0.018125,0.0509165,-0.232044,0.381527,0.0119121,-0.247323,0.784138,0.180971,1.17441,0.878341,0.737013,0.938577,0.191117,0.22493,0.159972,1.00553,0.806137,1.18882,0.680907,0.954842,-1.37549,-0.243144,0.865695,0.49933,-0.256542,0.839391,0.711296,0.063456
-2.12277,-0.336507,-2.35367,-0.116341,0.861974,-0.525268,-2.74088,-0.305816,-0.744418,-0.354249,-2.28331,-1.86487,-2.9953,0.8038,-1.59787,-1.37391,-0.804098,0.655175,-1.96824,-0.984863,-0.651213,-0.60798,-0.543903,0.217952,-1.82701,-2.10688,-2.04404,-2.16027,-1.12032,-0.398325,0.615099,0.220044,0.296146,-2.06282,-1.61581,-3.1728
-3.7118,0.393502,0.812778,1.07903,0.0447921,0.363647,-1.17969,-1.98566,-0.381271,0.253499,-0.705413,-0.696743,-0.656356,-0.98311,-3.06912,-0.184884,-3.91317,-1.13015,-1.09086,-0.215487,0.431783,0.641385,-0.309278,-0.963412,-3.30815,-1.65747,-1.71375,-1.76259,0.410737,0.532759,1.49218,0.49933,0.627759,-1.93932,0.833775,-0.296128
1.09415,1.15927,1.23031,1.14871,0.917386,1.16061,1.24867,0.951625,0.972025,0.767081,1.25751,0.879183,1.23611,1.14812,0.817171,0.770003,0.855376,0.865112,1.19707,1.18993,1.35835,0.943365,0.885189,0.683281,1.21202,1.39835,1.21667,1.52733,0.935303,1.19721,1.03027,1.10256,1.03676,1.39295,1.25005,1.17938
1.35999,1.15927,1.16606,1.20504,1.51556,1.21519,1.37872,1.27143,1.15155,1.20289,1.22967,1.3586,1.23611,1.23179,1.43347,1.21296,1.24853,1.33225,1.39074,1.12806,1.21458,1.22205,1.06779,1.36356,1.33511,1.18887,1.37535,1.24604,1.17977,1.25409,1.15172,1.36576,1.31933,1.21185,1.3444,1.12123
1.27138,1.15927,1.23031,1.20504,1.10628,1.26977,1.3462,1.38772,1.30115,1.29628,1.14615,1.10291,1.23611,1.14812,1.4951,0.976716,1.22044,1.04029,1.29391,1.06619,1.09957,1.12916,1.433,1.15652,1.24279,1.22379,1.12146,1.17572,1.26126,1.16877,1.091,1.04407,1.34759,1.15148,1.15569,1.23752
1.24184,0.928832,1.16606,1.09238,1.32667,1.13332,1.02108,1.12606,1.09171,1.32741,1.25751,1.23075,1.20707,1.14812,1.15614,1.41967,1.27661,1.15707,1.26163,1.18993,1.44461,1.28398,1.00693,1.09736,1.24279,1.36343,1.18493,1.24604,0.962465,1.02657,1.33391,1.21954,1.26282,1.36276,1.15569,1.20845
0.757337,1.70752,-1.49009,0.959494,-0.670242,0.0303039,1.12815,0.789732,0.587119,0.152208,-0.074254,-1.32573,1.90534,0.0680139,-1.3877,-0.916593,0.232261,-0.7954,1.02947,0.169201,1.03345,0.120816,-1.4824,-0.0773888,-1.49787,1.03902,0.185461,1.15368,-0.099614,0.532759,-0.888476,-0.431625,0.296146,1.14814,1.20121,1.26207
0.36008,0.977509,-0.0507986,0.600882,0.453383,0.363647,0.313617,0.716695,1.31341,0.658665,0.556905,-0.517032,0.346046,-0.142211,0.573961,-0.184884,-0.709883,0.878341,0.590784,0.169201,0.792782,0.849613,1.21578,0.907082,0.230136,0.964118,-0.309985,0.822284,0.921088,0.998302,0.990993,0.313139,1.18045,0.530646,-0.0235789,-0.415989
-2.61934,-0.774512,-2.35367,-1.67033,0.351235,-0.636383,-1.51908,-0.23278,-1.95491,-0.556832,-0.547624,-3.21271,-1.77014,0.278239,-1.0374,-1.46537,-1.27517,0.320427,-2.84561,-3.19682,-1.85454,-1.33678,1.45041,-0.37273,-1.74472,-2.8559,-4.19098,-2.49166,-3.03413,-0.398325,-0.63788,-0.0592426,-0.919767,-3.0508,-0.635974,-4.13169
1.27138,1.30329,1.26244,1.14871,1.10628,1.24248,1.37872,0.864407,1.00195,0.922728,1.22967,1.13487,1.2942,1.23179,1.09451,0.976716,1.16428,1.15707,1.22935,1.31367,1.21458,1.03626,1.1591,1.15652,1.1197,1.36343,1.31188,1.52733,0.962465,1.19721,1.03027,1.1318,1.23456,1.42313,1.25005,1.32474
0.856651,1.99952,-0.482587,0.242271,-0.159504,0.808105,0.585127,-0.963145,0.46607,-0.354249,0.556905,0.0221036,0.568803,0.8038,-0.126631,-1.28245,0.609119,0.878341,0.0789797,-0.407831,-0.530881,-0.191525,0.511909,1.59621,-0.181293,0.364899,-0.392559,-0.039342,0.538325,-0.243144,0.364503,-0.804007,1.73313,0.28365,0.221379,-0.415989
0.757337,0.101499,1.3885,0.00319618,-0.0573557,1.14145,0.585127,-0.0136699,0.46607,0.658665,0.556905,-0.0677523,0.234668,0.278239,0.503902,-0.276347,0.42069,0.320427,0.371439,0.265373,0.913114,0.849613,0.277284,0.61174,0.476994,-0.0845155,0.515758,0.0932158,-0.227202,0.377579,-0.63788,-0.152338,0.627759,1.02464,1.44617,0.183317
-0.235805,-0.482509,-0.770446,0.122733,0.453383,-0.0808105,0.585127,0.20544,0.345021,0.658665,-0.074254,0.740951,0.568803,0.8038,0.433842,0.363898,0.703334,0.43201,0.298324,0.553889,0.191117,0.745499,0.629221,1.10398,0.559279,0.140192,0.102887,-0.503294,0.793501,0.843121,0.489801,0.871713,-0.146004,-0.519089,0.0989002,1.02235
0.955965,1.12351,0.668849,0.959494,-1.48742,0.696991,-0.500915,-0.305816,-1.10756,0.861248,0.241326,-0.696743,0.346046,1.6447,0.363783,0.363898,0.609119,0.320427,-0.652169,-0.119315,-0.0495488,1.05784,-0.0746534,1.00553,0.14785,-0.00961314,-0.0622619,0.225774,0.538325,0.998302,0.615099,0.778617,1.73313,-0.0250959,0.221379,0.42304
0.85785,1.04405,1.06967,0.838904,1.35815,1.13332,1.6063,1.15513,1.18147,0.642563,1.22967,1.42252,1.17802,1.06445,1.21777,1.09484,1.22044,0.981896,1.64897,1.40647,1.07081,0.509851,1.06779,0.860745,1.33511,1.18887,1.47056,1.31636,1.15261,0.941254,1.12136,0.839351,0.697671,1.27221,0.998422,1.35381
-0.831689,-1.50452,-2.35367,-0.474953,1.37271,-0.191925,-2.40149,-0.0136699,-0.623369,-0.354249,-0.389834,1.36994,-4.44321,0.593576,-0.19669,1.46146,0.514905,-1.24173,-1.23709,-1.08103,-1.97488,-0.191525,-2.06896,-1.16031,-0.42815,-1.05825,-1.5486,-2.49166,-0.099614,-0.708686,-0.387285,0.685521,-1.47246,-2.37156,-2.35068,-1.25502
0.0621377,-0.0445032,0.0931308,-0.116341,1.67916,-0.414154,0.177861,0.351513,-0.260223,-0.759415,0.0835358,0.0221036,1.12569,0.8038,0.0835465,-0.642202,0.326476,0.878341,0.663898,0.553889,-0.0495488,-0.295639,-0.309278,-0.37273,0.476994,0.814313,0.0203124,0.623447,0.538325,-0.708686,0.489801,0.592426,-1.58299,0.901141,-0.146058,0.303178
-0.0371764,-0.62851,0.524919,0.481345,0.0447921,0.91922,0.313617,0.424549,-0.018125,1.26641,0.241326,0.561239,-0.4336,-0.877997,1.06438,0.180971,0.0438324,-0.0143208,-0.21348,-0.311659,-0.290215,0.849613,1.21578,1.30087,0.394708,-0.0845155,0.433184,0.159495,0.283149,-0.0879634,-0.0113907,-0.0592426,-0.367079,0.28365,0.833775,-0.415989
1.18276,1.27449,1.51946,1.37402,1.4526,1.21519,1.41123,1.12606,1.33107,1.29628,1.34104,1.39056,0.829509,1.25968,1.15614,1.09484,1.27661,1.36145,1.58441,1.28273,0.927042,1.25302,1.2504,1.3044,0.935058,1.32852,1.34362,1.2812,1.34275,1.36785,1.12136,1.10256,1.29108,1.21185,1.37586,0.801437
-1.82483,0.2475,1.53243,-0.235878,0.249088,-0.303039,-0.0257717,-1.18225,-0.865467,-0.556832,-0.074254,-0.786599,-0.767734,0.698688,-1.45776,0.272434,0.326476,-0.683817,-0.06725,-0.504003,-0.0495488,-1.02443,-1.13047,-0.668071,-0.757293,1.11392,-0.640282,0.822284,-0.35479,-0.243144,0.113907,0.0338529,0.406684,-0.45734,0.588817,0.183317
0.161452,-2.08853,-0.194728,0.242271,-0.670242,-0.303039,0.109984,-1.69351,-1.22861,-3.39299,-1.80994,-0.247464,-0.4336,-3.92626,-2.36853,-3.02026,-2.1231,-4.70079,-0.286595,-1.27338,-0.290215,-3.52316,-1.4824,-0.37273,-2.64987,0.814313,-1.2183,0.292053,0.283149,0.222398,-1.01377,-2.85211,-3.68321,0.0984023,0.466337,-0.415989
1.38953,1.41851,1.39095,1.00789,1.16925,1.1879,1.24867,1.35864,1.03187,1.26515,1.17399,1.10291,1.35228,1.25968,1.24858,1.30155,1.41702,1.39064,1.35846,1.37554,1.24333,1.16012,1.03736,1.48187,1.27357,1.43326,1.31188,1.38669,0.962465,1.02657,1.27318,1.10256,1.31933,1.36276,1.21859,1.29567
-0.434433,0.685506,-0.482587,0.959494,-0.568095,0.696991,-0.229405,-0.23278,-0.744418,-0.0503749,0.556905,-0.786599,-0.322222,-0.0370985,0.293724,0.180971,0.232261,1.10151,-0.432824,-0.119315,-0.290215,0.22493,-0.426591,0.316399,0.723851,-0.608832,-0.144836,0.0932158,0.0279738,0.532759,-1.26437,0.126948,0.738296,-0.148594,-0.0235789,0.063456
-1.92414,0.539504,-0.482587,1.43764,-0.261651,0.474762,-2.53725,0.862768,-0.744418,0.152208,-0.232044,-0.0677523,-1.77014,0.278239,0.573961,0.821216,0.42069,-0.125903,-2.40693,-2.42744,-0.410548,-0.60798,0.277284,0.513293,0.230136,-2.8559,-2.12662,-2.62422,0.793501,1.46384,-0.763178,0.313139,1.51206,-1.26008,0.0989002,-1.25502
-0.136491,0.101499,0.0931308,0.959494,-0.363799,0.808105,0.0421059,0.424549,0.829217,-0.354249,0.872485,0.740951,0.346046,0.173126,0.573961,-0.00195644,0.232261,1.10151,-0.140365,-0.600175,0.191117,-0.191525,1.21578,1.00553,0.394708,-0.0845155,-0.557708,-0.1719,1.30385,0.843121,0.615099,-0.245434,0.517221,-0.148594,0.221379,0.42304
0.976,1.13046,1.48733,1.14871,1.0748,1.24248,0.95606,1.09699,1.24131,0.79821,1.25751,0.847222,1.23611,0.952892,1.00206,0.740472,0.743048,0.981896,1.0034,1.12806,1.3871,1.25302,1.00693,1.00863,1.18125,1.39835,0.994517,1.21088,0.962465,1.08345,1.425,0.927086,1.17805,1.21185,1.21859,1.2666
1.56675,1.13046,1.13393,1.12055,1.32667,1.05145,1.41123,1.27143,1.12163,1.1095,1.14615,1.39056,1.2942,1.2039,1.27939,1.36061,0.967705,1.24466,1.55213,1.31367,1.27209,1.28398,1.12866,0.979054,1.33511,1.11905,1.40709,1.21088,1.26126,1.14033,1.06063,1.24878,1.03676,1.3024,1.18714,1.23752
0.36008,0.393502,-0.482587,0.242271,-4.24542,1.03033,-0.704548,-3.37335,-3.28644,0.557374,0.241326,-3.30256,0.0119121,-1.29845,-2.85894,-0.276347,-1.27517,1.32467,0.444554,0.361545,0.552116,0.433158,-2.06896,-0.274283,-3.22587,0.364899,-0.392559,1.0874,0.538325,1.30866,-3.01854,-0.431625,0.075071,0.839391,-0.268537,1.50179
0.856651,0.101499,-4.65654,-2.38755,0.759827,-3.63647,0.449372,0.862768,0.829217,0.557374,-4.96574,1.01052,-2.10427,0.593576,0.363783,1.00414,0.609119,1.43625,0.298324,0.265373,-2.33587,0.433158,1.3331,1.10398,0.14785,0.364899,1.17635,0.42461,-3.79966,-1.95013,0.990993,0.778617,-0.256542,0.592395,-3.69795,-2.69335
0.856651,0.539504,0.23706,-0.235878,0.0447921,0.585876,0.856638,0.935805,-0.865467,0.0509165,1.18806,-0.606888,0.0119121,0.698688,0.924257,0.546825,0.891763,0.43201,0.590784,0.746233,1.39445,0.120816,-1.36509,0.119505,0.888423,0.889215,1.17635,0.888563,-0.737553,0.222398,0.113907,0.126948,-0.0354666,1.02464,0.0989002,1.14221
-0.0371764,-0.190505,0.524919,0.481345,0.861974,0.363647,1.2639,0.497586,0.950266,0.253499,0.714695,0.830806,0.902937,1.01402,0.714079,0.0895072,1.08019,0.320427,1.10259,0.361545,-0.290215,0.120816,1.21578,1.30087,0.559279,1.03902,0.102887,0.557168,0.665913,0.843121,0.364503,-0.431625,0.185609,0.777642,0.221379,-0.176267
1.27138,0.871222,0.909032,1.12055,1.29518,0.915002,1.28118,0.835335,1.39092,1.26515,1.14615,1.03899,1.03281,1.03656,0.971246,1.21296,1.02387,0.923504,1.29391,1.49928,1.18583,1.43881,1.1591,0.919899,1.1197,0.874666,1.5023,0.999917,0.826651,1.31097,1.15172,1.30727,0.895473,1.18166,0.904063,1.29567
0.946463,1.21688,1.00542,1.2332,1.32667,1.13332,0.338333,1.09699,1.15155,1.14063,1.20183,0.719378,0.916638,1.25968,1.15614,0.622351,0.995787,1.30305,0.842005,0.633096,0.783273,1.16012,1.06779,1.3044,0.842737,1.01431,0.296319,0.788953,1.04395,1.36785,1.36427,0.956331,1.37585,0.849648,1.02987,0.946799
-0.335119,-0.62851,-0.626516,0.600882,0.14694,0.363647,0.924516,0.424549,1.31341,0.456082,0.241326,0.561239,0.0119121,-0.142211,0.363783,0.180971,-0.238811,0.766758,0.883243,1.13092,0.672449,1.37018,1.56772,-0.274283,0.723851,0.364899,0.268035,0.225774,1.17626,0.998302,0.239205,0.49933,-0.256542,0.901141,-0.513495,0.542901
-1.42757,-0.482509,0.38099,0.242271,-1.89602,0.141418,-0.161527,-1.98566,-0.744418,-1.46845,-0.074254,-1.50545,-1.10187,-1.82401,-1.59787,-2.74587,-2.21731,-2.13439,-0.579054,-1.27338,-0.410548,-0.920321,0.0426591,-1.65254,-2.40301,0.0652892,-1.13573,0.159495,0.921088,0.532759,0.113907,-3.31759,-0.0354666,-0.951332,1.44617,-0.415989
-0.136491,0.539504,-0.338657,0.242271,0.249088,0.474762,-0.636671,0.862768,0.829217,-0.354249,0.399116,0.201815,0.902937,-0.247323,0.0835465,-0.276347,-0.333025,0.0972619,-0.21348,-0.215487,0.0707841,-0.399752,0.746534,0.119505,0.0655646,0.889215,-0.557708,0.822284,-1.63067,-0.0879634,1.11629,-0.245434,0.627759,0.468897,-0.391016,0.542901
-0.533747,-0.190505,-1.0583,-0.953102,1.67916,-0.414154,-1.04394,0.0593666,-0.139174,0.759956,0.241326,1.19023,-0.210844,-0.352435,0.363783,0.455362,0.514905,-0.0143208,-0.725284,-0.696347,0.552116,0.120816,0.159972,0.316399,0.559279,-0.0845155,-0.475133,0.0269369,0.155562,-1.48459,-0.63788,-0.245434,-0.80923,-0.0250959,-0.635974,0.542901
0.976,1.21688,1.26244,1.37402,1.32667,1.1879,1.18364,1.15513,1.5106,1.45193,1.22967,1.29467,1.20707,1.00867,1.27939,1.18343,1.02387,1.30305,1.10023,1.12806,1.18583,1.40784,1.5243,1.3044,1.27357,1.08414,1.28014,1.14056,1.31558,1.28253,1.30355,1.04407,1.26282,1.1213,1.25005,1.17938
0.459394,-0.336507,0.23706,0.600882,-0.159504,0.252533,-0.433038,0.497586,0.102924,0.253499,0.241326,-3.12285,-0.099466,-0.457548,0.573961,-0.459275,0.326476,-0.0143208,0.517669,0.265373,-0.530881,0.329044,-2.30359,0.513293,0.394708,0.889215,0.0203124,0.822284,-3.4169,0.998302,0.740397,0.406235,0.848834,0.407148,0.711296,-0.296128
0.856651,-0.62851,0.668849,-0.953102,0.453383,0.585876,1.33178,-1.40136,-0.50232,-2.27879,-0.547624,0.201815,0.902937,-1.7189,-1.31764,-1.46537,0.985977,-2.02281,1.32193,1.41944,-0.0495488,-2.48203,-0.661216,-1.3572,-1.90929,0.589606,0.433184,1.41879,-0.992729,-2.41567,-2.76795,-1.17639,0.296146,0.96289,1.07873,-0.655712
0.658022,0.685506,0.0931308,1.07903,-0.159504,0.363647,0.585127,0.0593666,0.587119,0.658665,0.399116,0.111959,0.12329,0.908913,0.503902,-0.00195644,1.17441,0.208845,0.152095,0.457717,1.27411,0.433158,1.09847,1.59621,0.559279,0.514703,0.515758,0.490889,1.17626,0.222398,-0.0113907,-0.245434,0.848834,0.530646,0.588817,0.902485
-1.82483,-1.65052,1.67635,-2.14847,-2.7132,-1.74753,-1.11181,-2.49691,-1.10756,-4.00074,-3.70342,-2.31415,0.12329,-3.19047,-2.5787,-3.20318,-1.36938,-1.24173,-0.652169,-0.888691,-0.410548,-5.2931,-1.71703,-2.14478,-2.56758,1.86295,-1.96147,-0.238179,-1.50308,-3.65712,-4.02092,-1.82806,-0.919767,-1.13658,0.221379,-1.0153
-0.931003,1.12351,0.0931308,-3.22431,-5.36904,-6.74768,-2.40149,-2.2778,-0.623369,-1.06329,0.0835358,-1.77501,-1.436,-4.13648,-2.01823,-2.19708,-1.36938,-3.69655,-2.91873,0.169201,0.431783,-4.87664,-3.24209,-2.24322,-0.592722,-2.48139,-3.11751,-2.49166,-0.737553,-1.48459,0.239205,-3.0383,-3.79374,-3.11255,-5.41266,0.902485
0.757337,-2.08853,0.0931308,0.00319618,-0.465947,0.252533,0.449372,0.570622,-0.018125,0.861248,0.556905,0.471383,-0.210844,-0.142211,0.924257,-0.0934201,0.0438324,-0.349069,-0.286595,-0.311659,-1.01221,0.537272,0.629221,1.59621,0.641565,0.289996,-0.722856,0.954842,-0.865141,-1.17423,-0.136689,0.126948,-0.0354666,0.0984023,0.0989002,0.183317
-0.434433,1.41551,0.0931308,0.242271,0.249088,0.252533,-1.72271,-0.0136699,1.07131,-0.45554,0.0835358,-0.517032,-0.322222,0.488463,0.293724,-0.825129,0.138047,-0.7954,-1.82201,-1.85041,-0.891879,0.0167027,-0.778528,0.119505,-0.263579,-1.58256,-1.46602,-1.89515,-0.227202,1.61902,1.49218,-0.245434,0.848834,-1.44533,-0.268537,-0.53585
1.2123,1.30329,1.16606,1.12055,1.16925,1.1879,1.24867,1.41679,1.33107,0.891598,1.09046,1.26271,1.46845,1.25968,1.24858,1.18343,1.19236,1.24466,1.32618,1.22086,1.30084,1.19109,1.3417,1.21567,1.27357,1.43326,1.21667,1.49217,1.23409,1.19721,1.39464,1.16105,1.40411,1.42313,0.998422,1.2666
1.18276,1.44731,1.16606,1.28953,0.94887,1.21519,1.18364,1.24235,1.15155,1.35854,1.1183,1.23075,1.11994,1.2039,1.15614,1.1539,1.30469,1.30305,1.0034,1.06619,1.09957,1.28398,1.28083,1.54102,1.02738,1.29361,1.08973,1.42185,1.31558,1.22565,1.27318,1.1318,1.34759,1.27221,1.18714,1.12123
-2.12277,0.393502,-0.770446,-0.833565,0.759827,0.252533,0.720883,-1.62047,0.950266,-2.27879,0.0835358,-0.0677523,0.568803,-0.247323,-2.36853,-0.184884,-2.21731,-0.906982,0.371439,-0.792519,0.0707841,0.0167027,-0.191966,-3.42459,-0.757293,0.439801,-0.557708,0.623447,1.30385,0.68794,0.865695,-0.152338,-1.91461,0.654144,-0.0235789,-0.775573
1.2123,1.15927,1.03754,1.28953,1.6415,1.24248,1.24867,1.24235,1.48068,1.23402,1.25751,1.32664,1.17802,0.952892,1.46428,1.12437,1.22044,0.865112,1.32618,1.09712,1.24333,1.16012,1.2504,1.36356,1.30434,0.94449,1.08973,1.1054,1.12544,1.28253,1.091,1.30727,1.29108,1.00056,1.12423,1.17938
1.33045,1.50492,1.13393,1.20504,1.13777,1.24248,1.24867,1.21328,1.03187,1.04725,1.09046,1.3586,1.17802,1.17601,1.18695,1.1539,1.30469,1.47823,1.06796,1.06619,1.21458,1.12916,1.00693,1.33398,1.18125,1.22379,1.24841,1.35152,1.17977,1.22565,1.18209,1.07331,1.31933,1.3024,1.09278,1.2666
0.0621377,0.685506,0.38099,-0.235878,0.453383,0.585876,1.06027,1.08188,0.950266,0.0509165,0.872485,0.471383,1.34845,-0.247323,0.573961,-0.916593,-0.804098,0.208845,0.956358,-0.119315,0.792782,0.0167027,0.981159,0.414846,0.394708,0.589606,0.185461,1.28624,0.538325,0.0672173,1.36689,-0.431625,1.06991,0.96289,0.0989002,1.14221
0.558708,-0.774512,-0.194728,-0.953102,0.0447921,-0.191925,0.381494,0.789732,-0.50232,0.152208,-0.389834,0.291671,0.568803,0.593576,0.784138,0.729753,0.985977,-0.7954,0.225209,-0.119315,-0.0495488,-0.191525,0.0426591,0.217952,0.312422,-0.908442,0.0203124,0.159495,0.538325,-2.10531,-0.888476,0.778617,-0.80923,0.0366532,0.833775,-0.0564053
1.25391,0.831508,1.10064,0.361808,-0.261651,1.03033,0.992393,0.278476,0.345021,-0.151666,0.872485,-0.247464,1.23707,0.698688,0.64402,-0.0934201,0.797548,0.878341,1.10259,1.03475,1.27411,-0.191525,-0.0746534,0.316399,0.888423,0.589606,1.0112,0.557168,0.538325,-0.0879634,-0.261987,-0.152338,0.517221,0.777642,0.833775,1.14221
0.916925,0.871222,1.1018,1.06422,1.29518,1.13332,0.598429,1.35864,1.03187,1.29628,1.20183,1.3586,0.771424,1.12023,1.24858,1.36061,1.30469,1.18627,0.906563,1.28273,1.15707,1.28398,1.09823,1.18609,1.24279,1.04923,1.21667,0.894435,1.15261,1.22565,1.091,1.36576,0.895473,1.00056,0.998422,1.12123
-0.633061,-0.0445032,0.23706,0.122733,0.249088,0.696991,-0.0936494,0.497586,1.19236,0.152208,0.872485,0.651095,1.23707,-0.772885,0.223665,-0.276347,-0.804098,-0.0143208,0.298324,-0.407831,0.0707841,0.22493,1.21578,-0.175836,-0.099007,-0.0845155,0.0203124,-0.304458,0.665913,0.532759,1.24159,-0.0592426,0.627759,0.592395,0.466337,0.303178
-1.82483,-1.79652,1.10064,-1.43125,-0.0573557,-2.08087,-0.908181,-0.744035,0.102924,0.456082,-1.02099,-1.50545,0.346046,-0.142211,0.153606,0.363898,-1.18096,-0.906982,-0.944628,0.553889,0.191117,0.537272,-0.426591,-0.864965,-1.49787,-0.908442,0.763481,-1.0998,-1.12032,-1.01905,-0.387285,0.49933,-1.69353,-1.93932,-0.635974,-1.0153
0.0621377,0.685506,0.23706,1.07903,0.249088,0.585876,0.585127,0.497586,0.345021,0.456082,0.556905,0.740951,0.457424,0.698688,0.293724,0.363898,0.326476,0.43201,0.590784,-0.215487,0.913114,0.641385,0.746534,0.513293,-0.0167212,0.439801,0.268035,0.888563,0.538325,-0.243144,0.489801,0.592426,0.406684,0.777642,0.466337,0.662762
