527,0.237655,0.98487,-0.627042,-0.195272,0.542556,1.08712,-0.86357,-0.493529,-0.755042,0.458793,-1.04674,1.16101
274,0.237655,0.441873,-0.0667578,-0.141914,0.542556,-0.918529,1.15631,-0.287892,1.25373,-0.604176,0.953958,-0.77938
676,0.237655,-0.372622,-0.61509,-0.00333688,0.542556,-0.918529,-0.86357,-0.493529,0.282489,0.209025,-1.04674,-0.743947
147,0.237655,0.98487,-0.638995,-0.195272,0.542556,-0.918529,-0.86357,-0.493529,-0.378398,-0.371833,-1.04674,-1.32016
618,0.237655,1.52787,-0.46568,-0.195272,-1.78269,-0.918529,-0.86357,-0.493529,-0.797227,-0.13949,-1.04674,-0.842654
311,0.237655,-0.64412,-0.664395,-0.190089,0.542556,1.08712,-0.86357,-0.493529,-0.654604,-0.488004,0.953958,1.47063
522,0.237655,0.98487,-0.365576,-0.0993043,0.542556,1.08712,1.15631,-0.0822548,-0.755042,-0.09883,0.953958,-0.258849
685,0.237655,1.79936,1.27793,-0.195272,0.542556,-0.918529,-0.86357,-0.493529,1.15329,-1.06886,0.953958,0.000151612
56,0.237655,-0.372622,0.38147,-0.0993043,0.542556,-0.918529,1.15631,-0.287892,0.349783,-1.06886,0.953958,0.711348
422,0.237655,-0.915618,-0.58969,-0.195272,-1.78269,-0.918529,-0.86357,-0.493529,-0.704823,0.232259,-1.04674,-0.146643
467,0.237655,-1.18712,-0.514985,-0.189898,-1.78269,1.08712,1.15631,1.56284,-0.747007,-0.30213,0.953958,-0.125552
29,0.237655,0.170375,-0.340177,0.223914,0.542556,1.08712,1.15631,1.76848,-0.453727,-0.720347,0.953958,-0.716106
248,0.237655,-0.915618,0.580184,-0.195272,0.542556,1.08712,1.15631,-0.0822548,-0.554165,-0.0175099,0.953958,-0.301031
159,0.237655,1.79936,-0.638995,-0.195272,0.542556,1.08712,-0.86357,-0.493529,-0.119266,1.9516,-1.04674,1.37192
503,0.237655,0.713372,1.42733,-0.195272,0.542556,-0.918529,1.15631,0.123382,0.751537,-1.06886,0.953958,2.18098
302,0.237655,-1.45861,1.05381,-0.195272,0.542556,1.08712,-0.86357,-0.493529,-0.486871,0.627242,-1.04674,0.0997022
672,0.237655,-1.73011,-0.664395,-0.185675,0.542556,-0.918529,-0.86357,-0.493529,1.09504,-1.06886,-1.04674,-1.15143
215,0.237655,0.98487,-0.178815,-0.195272,0.542556,-0.918529,1.15631,-0.0822548,-0.0268622,-1.06886,0.953958,0.127543
376,0.237655,-0.101123,-0.377529,-0.195272,0.542556,1.08712,1.15631,0.123382,-0.780152,1.23133,0.953958,-0.27994
665,0.237655,-1.18712,-0.638995,-0.195272,-1.78269,1.08712,-0.86357,-0.493529,-0.152411,1.31846,-1.04674,0.000151612
8,0.237655,-1.45861,0.232061,-0.0922027,-1.78269,-0.918529,-0.86357,-0.493529,-0.755042,-0.0465528,-1.04674,-0.315373
429,0.237655,0.441873,-0.316271,-0.195272,0.542556,1.08712,-0.86357,-0.493529,-0.194595,0.092853,0.953958,0.401728
656,0.237655,1.79936,0.281366,-0.195272,-1.78269,1.08712,1.15631,0.123382,-0.320143,1.1384,0.953958,0.135135
669,-3.10892,0.170375,-0.58969,-0.195272,0.542556,-0.918529,-0.86357,-0.493529,-0.060007,-0.604176,-1.04674,-1.17252
674,0.237655,0.170375,-0.402929,-0.195272,0.542556,1.08712,-0.86357,-0.493529,-0.855481,1.78315,0.953958,-0.490852
464,0.237655,-1.73011,1.27793,-0.193352,0.542556,-0.918529,1.15631,-0.287892,-0.554165,-1.06886,-1.04674,2.19448
592,0.237655,-1.73011,-0.664395,-0.00333688,0.542556,-0.918529,-0.86357,-0.493529,-0.445691,-1.06886,-1.04674,0.380637
226,0.237655,-1.18712,1.42733,-0.19508,-1.78269,-0.918529,-0.86357,-0.493529,-0.353288,-1.06886,-1.04674,0.000151612
352,0.237655,1.79936,0.829698,0.242148,0.542556,1.08712,1.15631,0.123382,-0.152411,0.615625,0.953958,0.000151612
500,3.58423,-1.73011,-0.664395,18.9982,2.8678,1.08712,-0.86357,-0.493529,3.46338,1.545,-1.04674,-1.18686
48,0.237655,0.713372,-0.0667578,-0.192009,-1.78269,-0.918529,-0.86357,-0.493529,-0.554165,0.418133,-1.04674,-0.174484
644,0.237655,0.98487,-0.552338,-0.187978,0.542556,-0.918529,1.15631,-0.0822548,0.0484667,-1.06886,0.953958,-1.08816
400,0.237655,-1.45861,-0.290872,-0.195272,0.542556,-0.918529,-0.86357,-0.493529,0.249344,0.51107,-1.04674,0.0364285
42,0.237655,1.79936,-0.290872,0.821599,0.542556,-0.918529,-0.86357,-0.493529,-0.729933,-1.06886,0.953958,-0.406487
391,0.237655,-0.101123,-0.216167,0.572468,-1.78269,1.08712,-0.86357,-0.493529,1.35417,-1.06886,-1.04674,-0.765038
611,0.237655,-1.45861,-0.489586,-0.194696,-1.78269,-0.918529,-0.86357,-0.493529,-0.805262,0.325196,-1.04674,0.409321
74,0.237655,0.713372,5.31197,0.0350501,0.542556,-0.918529,1.15631,1.76848,3.36294,-1.06886,0.953958,0.732439
183,-3.10892,-1.45861,0.979107,-0.195272,-1.78269,1.08712,-0.86357,-0.493529,0.374892,-0.488004,0.953958,-0.61065
141,0.237655,-1.73011,0.306765,-0.195272,-1.78269,-0.918529,-0.86357,-0.493529,-0.704823,0.557539,-1.04674,-0.786129
380,0.237655,-0.101123,-0.278919,0.0152808,0.542556,1.08712,1.15631,0.534656,0.249344,-0.441536,0.953958,0.633732
546,0.237655,-1.73011,-0.577737,-0.194696,0.542556,-0.918529,-0.86357,-0.493529,-0.495911,0.092853,-1.04674,1.48497
482,3.58423,0.170375,-0.664395,-0.195272,0.542556,-0.918529,-0.86357,-0.493529,-0.95592,-8.41822e-05,-1.04674,-0.940517
120,0.237655,0.170375,0.829698,0.393008,0.542556,-0.918529,1.15631,0.94593,0.0484667,-1.06886,0.953958,0.760279
648,0.237655,0.170375,-0.216167,-0.152086,-1.78269,1.08712,-0.86357,-0.493529,-0.654604,-1.06886,0.953958,-0.237757
548,0.237655,-1.18712,-0.514985,-0.195272,-1.78269,1.08712,-0.86357,-0.493529,-0.704823,-0.13949,-1.04674,0.275181
298,0.237655,1.79936,-0.627042,-0.195272,0.542556,1.08712,1.15631,0.534656,-0.61242,1.71925,0.953958,0.641325
39,0.237655,1.79936,3.48171,0.131785,0.542556,1.08712,1.15631,-0.0822548,-0.353288,1.94579,0.953958,1.33734
349,0.237655,0.170375,-0.638995,-0.195272,0.542556,-0.918529,-0.86357,-0.493529,-0.537091,0.67371,-1.04674,-0.0479364
441,0.237655,-1.18712,-0.58969,-0.195272,0.542556,1.08712,-0.86357,-0.493529,-0.554165,0.214833,-1.04674,0.430413
144,0.237655,0.98487,-0.58969,-0.176462,0.542556,-0.918529,1.15631,-0.287892,-0.704823,-0.441536,-1.04674,-1.27123
327,0.237655,-1.18712,0.25746,-0.195272,0.542556,1.08712,-0.86357,-0.493529,0.349783,-0.644836,-1.04674,1.71698
440,0.237655,1.79936,0.0826515,-0.0801108,0.542556,-0.918529,-0.86357,-0.493529,-0.763078,1.89351,0.953958,0.858986
291,0.237655,-1.73011,0.244013,-0.194504,0.542556,1.08712,1.15631,-0.0822548,-0.328178,0.092853,-1.04674,0.0296793
638,0.237655,-1.45861,-0.440281,-0.195272,0.542556,1.08712,-0.86357,-0.493529,-0.554165,-0.604176,-1.04674,-0.406487
340,0.237655,-1.45861,-0.61509,-0.195272,0.542556,1.08712,-0.86357,-0.493529,-0.353288,-0.371833,-1.04674,0.0718618
87,0.237655,-1.18712,0.879003,-0.195272,0.542556,1.08712,1.15631,1.3572,1.65549,-1.06886,0.953958,1.3019
219,0.237655,0.98487,0.717641,0.188598,0.542556,1.08712,1.15631,-0.0822548,-0.780152,1.9516,0.953958,-0.624149
366,-3.10892,0.441873,-0.652442,-0.195272,-1.78269,-0.918529,-0.86357,-0.493529,-0.654604,-0.13949,-1.04674,-0.0411872
574,0.237655,1.79936,-0.265472,0.436194,0.542556,1.08712,1.15631,1.15157,-0.789192,0.691136,0.953958,0.0085881
606,-3.10892,-1.18712,2.32379,-0.195272,-1.78269,1.08712,-0.86357,-0.493529,-0.453727,0.092853,-1.04674,0.641325
123,0.237655,0.170375,0.979107,0.380533,0.542556,-0.918529,1.15631,0.94593,2.96119,-1.06886,0.953958,2.1523
533,0.237655,0.441873,-0.440281,-0.176078,0.542556,-0.918529,1.15631,-0.287892,-0.671678,0.325196,0.953958,-0.160142
664,0.237655,-1.45861,-0.514985,-0.195272,0.542556,-0.918529,-0.86357,-0.493529,-0.95592,-0.232427,-1.04674,-0.97595
553,0.237655,-1.73011,-0.664395,-0.195272,0.542556,-0.918529,1.15631,-0.287892,2.86075,-0.522856,0.953958,1.51956
212,0.237655,0.170375,-0.216167,-0.195272,-1.78269,1.08712,-0.86357,-0.493529,0.148905,-0.720347,-1.04674,0.205158
437,0.237655,0.98487,0.979107,-0.00333688,0.542556,1.08712,1.15631,1.97411,0.148905,1.30104,0.953958,0.092953
343,0.237655,0.98487,-0.652442,-0.137691,0.542556,-0.918529,1.15631,-0.287892,0.291528,0.092853,0.953958,0.704598
356,-3.10892,0.170375,-0.414881,-0.195272,0.542556,1.08712,-0.86357,-0.493529,-0.855481,0.789882,0.953958,0.000151612
393,0.237655,1.52787,-0.440281,-0.195272,0.542556,-0.918529,1.15631,0.94593,0.768612,-0.511239,0.953958,-1.04597
643,-3.10892,0.170375,-0.0413582,-0.195272,0.542556,-0.918529,-0.86357,-0.493529,1.45461,-0.604176,-1.04674,-0.659582
668,0.237655,0.170375,-0.58969,-0.171856,0.542556,1.08712,-0.86357,-0.493529,-0.654604,1.09193,-1.04674,0.0575197
634,0.237655,-1.73011,-0.540385,-0.195272,0.542556,-0.918529,-0.86357,-0.493529,1.11111,-0.604176,-1.04674,-1.09575
303,0.237655,-1.45861,-0.503033,-0.195272,0.542556,-0.918529,-0.86357,-0.493529,0.19109,-0.371833,-1.04674,-1.09575
460,0.237655,-0.915618,-0.552338,-0.194696,0.542556,1.08712,1.15631,-0.0822548,-0.780152,-0.0581699,-1.04674,-0.47651
387,0.237655,0.441873,0.530879,0.0626887,0.542556,-0.918529,1.15631,2.38539,-0.285994,1.15582,0.953958,0.591549
113,0.237655,-0.372622,-0.440281,0.108561,0.542556,-0.918529,1.15631,0.329019,-0.772117,-1.06886,0.953958,0.352797
536,0.237655,-1.18712,-0.664395,-0.195272,0.542556,-0.918529,-0.86357,-0.493529,-0.403507,-0.0233185,-1.04674,0.184067
262,0.237655,0.170375,-0.58969,-0.195272,0.542556,1.08712,-0.86357,-0.493529,1.40439,-0.0233185,-1.04674,-0.828312
161,0.237655,-1.45861,-0.503033,-0.195272,0.542556,1.08712,-0.86357,-0.493529,-0.629494,-1.06886,-1.04674,0.127543
244,0.237655,-1.45861,-0.514985,-0.195272,0.542556,-0.918529,-0.86357,-0.493529,1.65549,0.255493,-1.04674,-0.195575
313,0.237655,0.98487,-0.577737,-0.17627,0.542556,-0.918529,1.15631,1.76848,-0.913736,-0.604176,0.953958,-1.00379
106,0.237655,1.79936,-0.365576,1.25268,0.542556,-0.918529,1.15631,0.329019,-0.554165,-0.255661,0.953958,-0.328871
191,0.237655,-0.372622,0.84165,-0.195272,0.542556,1.08712,1.15631,0.534656,2.01506,-0.0930214,0.953958,-0.195575
666,0.237655,0.170375,0.0826515,0.0369694,-1.78269,-0.918529,-0.86357,-0.493529,-0.0519719,0.092853,-1.04674,-0.406487
211,0.237655,-0.915618,0.518926,-0.135004,-1.78269,-0.918529,-0.86357,-0.493529,-0.855481,-0.0233185,0.953958,1.92789
529,0.237655,0.170375,-0.141462,-0.194312,0.542556,1.08712,1.15631,-0.287892,-0.847446,-0.604176,-1.04674,-1.15143
660,0.237655,1.52787,0.904402,-0.195272,-1.78269,-0.918529,1.15631,-0.287892,-0.411542,0.156747,0.953958,-0.413236
508,-3.10892,0.441873,0.232061,-0.195272,-1.78269,-0.918529,-0.86357,-0.493529,-0.453727,0.092853,-1.04674,0.275181
206,0.237655,-0.64412,-0.577737,-0.159956,-1.78269,-0.918529,-0.86357,-0.493529,0.0655413,-0.255661,-1.04674,-0.912676
650,0.237655,0.98487,-0.141462,-0.195272,0.542556,1.08712,-0.86357,-0.493529,-0.755042,0.557539,0.953958,-0.469761
573,0.237655,0.441873,-0.402929,-0.195272,0.542556,1.08712,-0.86357,-0.493529,-0.654604,-0.13949,-1.04674,-0.680673
46,0.237655,0.170375,-0.61509,-0.195272,-1.78269,-0.918529,-0.86357,-0.493529,-0.604384,-0.30213,-1.04674,-0.596308
22,0.237655,-1.45861,-0.61509,-0.195272,0.542556,-0.918529,-0.86357,-0.493529,-0.687749,-0.0930214,-1.04674,0.810055
371,0.237655,0.441873,-0.638995,0.486481,0.542556,-0.918529,-0.86357,-0.493529,2.68498,0.789882,-1.04674,0.38823
578,0.237655,0.98487,-0.278919,-0.195272,0.542556,-0.918529,1.15631,-0.0822548,-0.729933,0.092853,0.953958,-0.518692
456,0.237655,-1.18712,0.829698,-0.195272,0.542556,1.08712,-0.86357,-0.493529,-0.855481,0.789882,0.953958,1.07665
88,0.237655,0.441873,-0.638995,-0.19412,0.542556,1.08712,-0.86357,-0.493529,0.0986861,0.615625,-1.04674,0.2195
569,-3.10892,-0.101123,-0.627042,-0.195272,-1.78269,1.08712,-0.86357,-0.493529,-0.411542,-0.604176,-1.04674,-0.0833696
552,0.237655,-0.372622,-0.46568,-0.149783,0.542556,-0.918529,-0.86357,-0.493529,-0.747007,0.325196,-1.04674,0.844644
459,0.237655,-1.18712,0.38147,-0.0528561,0.542556,-0.918529,1.15631,1.3572,1.35417,-0.743582,0.953958,-0.716106
537,0.237655,0.170375,-0.0174527,-0.195272,0.542556,1.08712,-0.86357,-0.493529,-0.789192,-0.325364,-1.04674,-0.800471
237,-3.10892,-1.73011,-0.664395,-0.195272,0.542556,-0.918529,-0.86357,-0.493529,0.249344,-1.06886,-1.04674,3.20011
439,0.237655,-0.915618,-0.627042,-0.184715,0.542556,1.08712,-0.86357,-0.493529,-0.863516,0.557539,-1.04674,-0.786129
318,0.237655,0.170375,-0.365576,-0.191817,0.542556,-0.918529,-0.86357,-0.493529,-0.880591,-0.371833,-1.04674,-1.3345
115,0.237655,-0.101123,-0.652442,0.188598,-1.78269,1.08712,1.15631,-0.287892,-0.93985,0.557539,0.953958,0.211907
292,0.237655,0.170375,0.00794684,-0.0801108,0.542556,-0.918529,1.15631,0.740293,-0.403507,-8.41822e-05,0.953958,-0.568468
52,0.237655,-0.915618,-0.638995,0.207791,-1.78269,-0.918529,-0.86357,-0.493529,-0.93081,0.18579,-1.04674,-0.286689
603,0.237655,0.98487,0.829698,0.764402,0.542556,-0.918529,1.15631,-0.0822548,1.75592,-1.06886,0.953958,-0.392145
49,0.237655,0.170375,0.979107,0.226985,0.542556,-0.918529,1.15631,2.38539,2.05724,-1.06886,0.953958,1.79375
468,0.237655,0.98487,1.12852,-0.195272,0.542556,1.08712,-0.86357,-0.493529,0.349783,0.964139,0.953958,1.4352
358,0.237655,1.52787,0.855097,-0.0365416,0.542556,-0.918529,1.15631,1.3572,-0.621459,1.24876,0.953958,-0.364305
412,0.237655,-0.64412,-0.664395,-0.147864,0.542556,-0.918529,1.15631,2.59103,2.25812,-1.06886,0.953958,2.10337
315,0.237655,-0.915618,-0.664395,-0.195272,0.542556,-0.918529,-0.86357,-0.493529,-0.847446,-0.488004,-1.04674,-0.399738
598,0.237655,-0.101123,-0.638995,0.179001,0.542556,-0.918529,1.15631,0.329019,-0.780152,0.406516,-1.04674,-0.631741
680,-3.10892,0.170375,-0.514985,-0.195272,0.542556,1.08712,-0.86357,-0.493529,-0.95592,-1.06886,-1.04674,-0.877243
20,0.237655,-0.372622,-0.652442,-0.00256914,0.542556,-0.918529,-0.86357,-0.493529,-0.838407,0.441367,-1.04674,-0.286689
625,0.237655,-0.372622,0.530879,-0.195272,-1.78269,-0.918529,-0.86357,-0.493529,-0.511981,0.0231501,0.953958,-0.497601
36,-3.10892,-0.372622,0.232061,-0.195272,0.542556,1.08712,-0.86357,-0.493529,1.55505,-0.95269,0.953958,-0.554126
458,0.237655,-1.18712,-0.627042,0.668435,0.542556,1.08712,-0.86357,-0.493529,-0.687749,1.48691,-1.04674,0.240592
308,0.237655,0.170375,-0.0667578,-0.119649,0.542556,1.08712,1.15631,-0.0822548,-0.805262,0.092853,-1.04674,-0.750696
369,0.237655,-0.101123,0.605584,-0.195272,0.542556,-0.918529,1.15631,0.740293,-0.403507,0.116087,0.953958,0.169725
259,0.237655,0.170375,1.81281,-0.195272,0.542556,1.08712,-0.86357,-0.493529,-0.277959,-1.06886,-1.04674,0.289523
505,0.237655,0.98487,-0.365576,-0.118498,0.542556,1.08712,-0.86357,-0.493529,0.952415,-0.720347,0.953958,-1.03247
127,0.237655,0.170375,-0.577737,-0.168401,0.542556,-0.918529,-0.86357,-0.493529,-0.880591,0.209025,-1.04674,-0.223415
38,0.237655,0.170375,1.6888,0.0465662,0.542556,1.08712,1.15631,0.740293,0.651099,-1.06886,0.953958,1.36518
107,0.237655,-0.372622,-0.638995,-0.195272,0.542556,-0.918529,-0.86357,-0.493529,0.851976,-1.06886,-1.04674,-0.786129
628,0.237655,-1.73011,-0.514985,-0.167057,-1.78269,-0.918529,1.15631,0.123382,-0.747007,-0.0233185,0.953958,-0.596308
492,0.237655,-1.73011,-0.216167,-0.19508,-1.78269,-0.918529,-0.86357,-0.493529,-0.54613,-0.371833,-1.04674,1.70938
175,0.237655,1.79936,0.456175,-0.195272,0.542556,1.08712,-0.86357,-0.493529,-0.320143,2.88097,0.953958,0.310614
168,0.237655,-0.372622,-0.652442,-0.0513206,0.542556,-0.918529,-0.86357,-0.493529,-0.91474,0.557539,-1.04674,-1.15143
633,0.237655,0.441873,-0.61509,-0.110053,0.542556,-0.918529,1.15631,-0.287892,-0.847446,0.51107,-1.04674,-0.518692
512,0.237655,0.441873,-0.440281,-0.182412,0.542556,1.08712,-0.86357,-0.493529,-0.353288,0.67371,-1.04674,-0.301031
513,0.237655,0.98487,0.829698,-0.195272,0.542556,1.08712,1.15631,0.94593,1.15329,-1.06886,0.953958,1.20319
134,0.237655,-1.73011,-0.664395,-0.19508,0.542556,-0.918529,-0.86357,-0.493529,-0.788187,-0.313747,0.953958,0.788963
152,0.237655,0.713372,-0.365576,-0.195272,0.542556,-0.918529,-0.86357,-0.493529,0.450221,2.41628,-1.04674,-1.38343
66,0.237655,0.98487,-0.652442,-0.195272,0.542556,1.08712,-0.86357,-0.493529,-0.922775,1.1384,-1.04674,-1.01813
94,0.237655,0.98487,-0.61509,-0.195272,-1.78269,-0.918529,-0.86357,-0.493529,1.05285,0.906053,-1.04674,-1.13034
314,0.237655,-1.45861,-0.46568,-0.195272,0.542556,1.08712,-0.86357,-0.493529,-0.9057,-1.06886,0.953958,-0.821562
31,0.237655,1.79936,-0.664395,-0.18913,-1.78269,1.08712,-0.86357,-0.493529,1.15329,-0.174341,-1.04674,-0.940517
362,0.237655,-0.101123,-0.627042,-0.174543,0.542556,1.08712,1.15631,-0.287892,-0.897665,0.51107,-1.04674,-0.364305
249,0.237655,-1.18712,0.38147,-0.195272,0.542556,-0.918529,-0.86357,-0.493529,-0.646569,0.18579,-1.04674,0.837895
171,0.237655,0.170375,-0.365576,-0.0993043,-1.78269,1.08712,1.15631,0.329019,0.902195,-0.604176,0.953958,-1.06706
658,0.237655,-0.64412,-0.664395,-0.195272,-1.78269,-0.918529,-0.86357,-0.493529,-0.95592,-0.569325,-1.04674,-1.17252
99,0.237655,0.98487,-0.190767,-0.195272,0.542556,-0.918529,1.15631,-0.287892,-0.788187,-1.06886,0.953958,-0.940517
233,0.237655,0.170375,7.85193,-0.192393,-1.78269,-0.918529,1.15631,7.73195,4.66864,-1.06886,0.953958,2.09662
213,0.237655,-0.915618,0.00794684,-0.194312,0.542556,1.08712,1.15631,-0.0822548,1.45461,-0.371833,0.953958,-0.554126
538,0.237655,0.98487,3.51906,1.06958,0.542556,-0.918529,1.15631,1.15157,1.45461,-1.06886,0.953958,0.324956
550,0.237655,0.441873,-0.141462,-0.184139,0.542556,1.08712,1.15631,0.534656,-0.403507,-0.720347,0.953958,2.35646
479,0.237655,-0.372622,1.87556,-0.195272,-1.78269,-0.918529,-0.86357,-0.493529,0.0484667,-1.06886,0.953958,0.000151612
149,0.237655,0.713372,1.27793,9.6126,0.542556,-0.918529,1.15631,0.740293,0.651099,1.10935,0.953958,1.33734
591,0.237655,0.170375,1.42733,0.764402,0.542556,-0.918529,1.15631,2.79666,2.96119,-1.06886,0.953958,-0.020096
28,0.237655,0.170375,-0.0667578,-0.191625,0.542556,-0.918529,1.15631,-0.287892,1.45461,0.209025,0.953958,-0.0757768
10,0.237655,1.79936,0.680288,-0.0307836,0.542556,1.08712,1.15631,0.329019,-0.604384,0.400707,0.953958,0.162976
402,0.237655,0.170375,-0.489586,-0.193928,0.542556,1.08712,1.15631,-0.0822548,1.23666,0.092853,-1.04674,-1.03247
246,0.237655,-0.372622,-0.365576,-0.19508,0.542556,1.08712,1.15631,-0.0822548,-0.922775,0.789882,-1.04674,-1.31341
389,0.237655,0.98487,-0.489586,-0.195272,0.542556,-0.918529,1.15631,0.329019,-0.880591,-0.604176,0.953958,-0.286689
281,0.237655,0.713372,-0.664395,-0.195272,-1.78269,-0.918529,-0.86357,-0.493529,-0.712858,-0.488004,-1.04674,-1.11684
40,0.237655,1.52787,-0.638995,-0.195272,0.542556,-0.918529,-0.86357,-0.493529,-0.95592,-1.06886,0.953958,-0.708513
208,0.237655,0.170375,-0.58969,-0.174543,0.542556,1.08712,1.15631,-0.0822548,-0.704823,1.25457,-1.04674,-0.181233
590,0.237655,1.52787,-0.61509,-0.0991123,0.542556,1.08712,-0.86357,-0.493529,-0.420582,-1.06886,-1.04674,0.486093
596,-3.10892,0.170375,0.0826515,-0.195272,-1.78269,-0.918529,-0.86357,-0.493529,1.05285,-0.836519,0.953958,-0.933768
197,0.237655,0.98487,-0.564291,-0.193736,0.542556,-0.918529,1.15631,0.329019,-0.9057,-0.13949,-1.04674,-1.2223
360,0.237655,0.713372,3.22025,-0.195272,0.542556,1.08712,1.15631,-0.287892,0.148905,-1.06886,0.953958,3.05247
431,0.237655,1.52787,-0.216167,-0.195272,-1.78269,1.08712,-0.86357,-0.493529,-0.152411,-0.371833,-1.04674,0.0431777
119,0.237655,0.170375,3.07084,0.12238,0.542556,-0.918529,1.15631,1.3572,0.751537,-0.0175099,0.953958,1.44954
564,0.237655,-1.45861,3.81788,-0.195272,0.542556,1.08712,1.15631,3.0023,2.76031,-1.06886,0.953958,2.11012
21,0.237655,-0.372622,-0.489586,-0.195272,-1.78269,1.08712,-0.86357,-0.493529,-0.838407,-0.13949,0.953958,-1.04597
143,0.237655,1.79936,4.56493,-0.00333688,0.542556,1.08712,1.15631,1.3572,3.06163,-1.06886,0.953958,2.74285
202,0.237655,1.25637,1.27793,5.80941,0.542556,1.08712,-0.86357,-0.493529,-0.747007,-0.116256,0.953958,0.135135
491,0.237655,1.52787,0.269413,0.0350501,0.542556,-0.918529,1.15631,1.15157,0.349783,0.847968,0.953958,-0.117959
27,0.237655,0.170375,-0.054805,3.26474,-1.78269,1.08712,1.15631,-0.287892,-0.345253,-0.0233185,0.953958,0.135135
663,0.237655,-0.372622,-0.241567,-0.166481,0.542556,-0.918529,-0.86357,-0.493529,0.784682,-0.13949,0.953958,-0.463012
565,0.237655,0.98487,1.53939,-0.195272,0.542556,1.08712,1.15631,0.123382,0.382927,-1.06886,0.953958,1.06315
473,0.237655,-1.73011,-0.664395,-0.19508,-1.78269,-0.918529,1.15631,-0.0822548,1.85636,-0.13949,-1.04674,0.0575197
65,0.237655,1.79936,1.7142,-0.195272,0.542556,-0.918529,1.15631,1.15157,1.01067,-1.06886,0.953958,0.880077
224,0.237655,-1.18712,-0.440281,-0.195272,0.542556,-0.918529,-0.86357,-0.493529,-0.503946,2.18394,0.953958,0.978784
189,0.237655,-0.64412,-0.664395,-0.185099,0.542556,-0.918529,1.15631,-0.287892,-0.58731,0.092853,-1.04674,-0.722855
137,0.237655,-0.101123,1.27793,0.688972,0.542556,-0.918529,1.15631,2.38539,0.952415,0.325196,0.953958,0.648074
34,0.237655,-0.101123,3.48171,-0.173775,0.542556,1.08712,1.15631,-0.287892,-0.704823,0.975756,-1.04674,0.9501
507,0.237655,0.441873,-0.61509,-0.19508,0.542556,-0.918529,1.15631,-0.287892,1.05285,-0.371833,-1.04674,-1.18011
278,0.237655,1.52787,0.157356,0.202417,0.542556,-0.918529,1.15631,0.740293,-0.453727,-0.13949,0.953958,0.106451
131,0.237655,0.713372,-0.365576,-0.195272,-1.78269,-0.918529,-0.86357,-0.493529,-0.855481,0.441367,-1.04674,-0.905927
236,0.237655,-1.18712,0.680288,-0.107749,-1.78269,-0.918529,-0.86357,-0.493529,-0.453727,0.092853,-1.04674,-0.61065
501,0.237655,-0.101123,-0.652442,-0.195272,-1.78269,-0.918529,-0.86357,-0.493529,0.400002,-0.255661,-1.04674,-1.13793
341,0.237655,1.52787,-0.0667578,-0.191433,-1.78269,1.08712,-0.86357,-0.493529,-0.654604,-0.488004,0.953958,-1.02488
13,0.237655,1.79936,1.57674,-0.00333688,0.542556,1.08712,1.15631,0.740293,0.0484667,-1.06886,0.953958,0.282774
502,0.237655,-0.101123,0.0826515,0.286485,0.542556,1.08712,1.15631,1.97411,-0.453727,1.31265,0.953958,1.35843
245,0.237655,-1.18712,-0.61509,-0.188554,0.542556,1.08712,1.15631,0.740293,-0.855481,0.325196,-1.04674,-1.23579
599,0.237655,-0.101123,0.605584,-0.195272,0.542556,1.08712,1.15631,1.97411,0.349783,-0.528664,0.953958,0.486093
544,0.237655,0.98487,2.77202,-0.194312,0.542556,1.08712,1.15631,0.94593,0.450221,0.67371,0.953958,0.521527
158,0.237655,0.441873,0.25746,-0.195272,-1.78269,-0.918529,1.15631,0.740293,-0.637529,-0.604176,0.953958,-0.750696
427,0.237655,0.170375,-0.58969,-0.118498,-1.78269,1.08712,-0.86357,-0.493529,-0.604384,-0.116256,0.953958,0.500435
485,0.237655,0.170375,-0.365576,0.913536,-1.78269,1.08712,1.15631,0.534656,-0.604384,-0.13949,0.953958,-0.413236
540,0.237655,-1.18712,-0.638995,-0.195272,0.542556,-0.918529,-0.86357,-0.493529,-0.797227,-0.232427,-1.04674,-0.750696
359,0.237655,0.170375,-0.290872,-0.191049,0.542556,-0.918529,1.15631,-0.287892,-0.353288,-1.06886,-1.04674,-0.539784
406,0.237655,-1.18712,0.306765,-0.0781915,0.542556,-0.918529,1.15631,-0.0822548,-0.102191,0.522688,0.953958,0.240592
487,0.237655,-1.73011,0.829698,1.50354,0.542556,-0.918529,1.15631,0.534656,1.35417,-1.06886,0.953958,2.05444
442,0.237655,1.52787,-0.514985,-0.194888,0.542556,-0.918529,-0.86357,-0.493529,1.62234,-1.06886,-1.04674,-0.484103
164,0.237655,-1.18712,-0.365576,-0.156885,0.542556,-0.918529,-0.86357,-0.493529,-0.353288,-1.06886,0.953958,0.943351
566,0.237655,0.170375,0.0826515,-0.195272,0.542556,-0.918529,-0.86357,-0.493529,-0.95592,-1.06886,0.953958,1.07665
166,0.237655,-1.73011,-0.638995,0.61239,0.542556,1.08712,-0.86357,-0.493529,-0.453727,-0.488004,-1.04674,-0.716106
63,-3.10892,-1.18712,-0.514985,-0.195272,0.542556,-0.918529,-0.86357,-0.493529,-0.252849,5.66908,-1.04674,0.78137
192,0.237655,-1.18712,-0.514985,-0.195272,0.542556,1.08712,-0.86357,-0.493529,-0.244814,-0.0755957,0.953958,-0.252099
157,0.237655,0.713372,-0.652442,-0.194312,0.542556,-0.918529,-0.86357,-0.493529,-0.788187,-0.371833,-1.04674,0.500435
683,0.237655,-1.18712,-0.564291,-0.17224,0.542556,-0.918529,-0.86357,-0.493529,-0.687749,-1.06886,-1.04674,1.40061
153,0.237655,0.170375,-0.61509,-0.19508,-1.78269,-0.918529,1.15631,-0.287892,-0.872556,0.092853,-1.04674,-1.07466
517,-3.10892,-1.18712,-0.514985,-0.195272,0.542556,-0.918529,1.15631,0.329019,-0.486871,-0.604176,0.953958,-0.870494
575,0.237655,1.79936,-0.365576,0.380533,0.542556,-0.918529,1.15631,1.76848,1.25373,-1.06886,0.953958,-1.15902
2,0.237655,-0.915618,-0.290872,-0.195272,-1.78269,1.08712,-0.86357,-0.493529,-0.604384,0.557539,-1.04674,-0.167735
381,0.237655,-1.18712,-0.564291,-0.194888,0.542556,1.08712,-0.86357,-0.493529,-0.295033,-0.255661,-1.04674,-1.2223
300,0.237655,1.52787,0.38147,-0.195272,0.542556,1.08712,1.15631,1.56284,0.0484667,-1.06886,0.953958,0.626983
480,0.237655,1.52787,0.38147,-0.107366,0.542556,-0.918529,1.15631,0.740293,1.5209,1.25457,0.953958,-0.554126
661,-3.10892,-1.18712,-0.564291,-0.195272,0.542556,1.08712,-0.86357,-0.493529,-0.872556,-0.232427,-1.04674,-0.765038
251,0.237655,-0.372622,-0.652442,-0.104103,-1.78269,1.08712,-0.86357,-0.493529,1.72278,-0.371833,-1.04674,-0.596308
632,-3.10892,0.441873,-0.414881,-0.195272,0.542556,-0.918529,-0.86357,-0.493529,-0.252849,0.557539,0.953958,-0.265598
567,0.237655,0.441873,-0.58969,-0.195272,0.542556,1.08712,-0.86357,-0.493529,-0.604384,-0.122064,0.953958,0.22625
101,0.237655,-0.915618,-0.638995,-0.195272,0.542556,1.08712,-0.86357,-0.493529,-0.913736,0.557539,0.953958,0.599142
469,0.237655,-0.915618,0.232061,-0.192201,-1.78269,1.08712,-0.86357,-0.493529,1.35417,-0.95269,-1.04674,-0.673924
187,0.237655,0.441873,-0.627042,-0.195272,0.542556,-0.918529,-0.86357,-0.493529,-0.646569,-0.488004,-1.04674,-0.44867
316,0.237655,1.52787,3.36965,-0.195272,0.542556,1.08712,-0.86357,-0.493529,0.0484667,4.62354,0.953958,0.591549
329,0.237655,-1.45861,0.456175,-0.128095,0.542556,1.08712,-0.86357,-0.493529,-0.654604,-1.06886,-1.04674,1.75916
450,0.237655,0.441873,-0.577737,0.342722,0.542556,-0.918529,1.15631,-0.287892,-0.839411,0.906053,-1.04674,-0.174484
240,0.237655,0.713372,-0.664395,2.34057,-1.78269,-0.918529,-0.86357,-0.493529,2.05724,-1.06886,0.953958,-0.294282
531,-3.10892,0.98487,-0.440281,-0.195272,0.542556,-0.918529,-0.86357,-0.493529,-0.888626,-0.13949,-1.04674,-0.750696
635,0.237655,-0.915618,0.0826515,-0.191433,-1.78269,-0.918529,1.15631,-0.287892,-0.721898,-0.0233185,0.953958,-0.835061
254,0.237655,0.98487,-0.141462,-0.0346223,0.542556,-0.918529,-0.86357,-0.493529,1.05285,-0.900413,0.953958,0.78137
461,0.237655,-0.372622,-0.253519,-0.195272,0.542556,1.08712,-0.86357,-0.493529,0.851976,-1.06886,0.953958,-1.18011
382,0.237655,0.170375,-0.178815,-0.194888,-1.78269,-0.918529,-0.86357,-0.493529,0.450221,-0.13949,-1.04674,1.11883
577,0.237655,-0.372622,0.232061,-0.195272,0.542556,-0.918529,-0.86357,-0.493529,0.450221,-1.06886,-1.04674,1.76591
322,0.237655,-1.73011,3.64307,-0.137691,0.542556,1.08712,1.15631,1.76848,0.93534,-0.894605,0.953958,1.94139
588,0.237655,0.441873,-0.652442,0.91795,0.542556,1.08712,-0.86357,-0.493529,-0.54613,1.25457,0.953958,0.493686
305,0.237655,1.52787,2.32379,-0.195272,0.542556,1.08712,1.15631,2.38539,0.224234,1.24876,0.953958,0.654823
639,-3.10892,-0.372622,0.38147,-0.195272,0.542556,-0.918529,-0.86357,-0.493529,-0.252849,0.26711,0.953958,1.40061
601,0.237655,0.98487,2.02497,-0.0726253,0.542556,1.08712,-0.86357,-0.493529,-0.303069,-0.476387,0.953958,0.430413
334,0.237655,0.170375,-0.664395,-0.19508,-1.78269,1.08712,-0.86357,-0.493529,-0.604384,-0.197576,-1.04674,0.901169
15,0.237655,-0.915618,-0.652442,0.321033,0.542556,-0.918529,-0.86357,-0.493529,0.257379,-1.06886,-1.04674,1.39302
69,0.237655,1.52787,-0.116063,-0.0584222,0.542556,1.08712,1.15631,1.97411,-0.637529,2.31754,0.953958,-0.364305
250,0.237655,-0.372622,-0.58969,-0.195272,0.542556,1.08712,-0.86357,-0.493529,0.851976,-1.06886,-1.04674,-0.631741
335,0.237655,-1.18712,-0.638995,-0.194312,0.542556,1.08712,-0.86357,-0.493529,-0.788187,0.209025,-1.04674,-0.673924
626,0.237655,0.98487,0.0572519,-0.195272,0.542556,1.08712,-0.86357,-0.493529,-0.621459,1.48691,0.953958,-0.252099
270,0.237655,-1.18712,-0.577737,-0.102375,0.542556,-0.918529,-0.86357,-0.493529,0.131831,-0.604176,-1.04674,-1.04597
430,0.237655,0.98487,0.157356,-0.0240658,0.542556,-0.918529,1.15631,-0.287892,-0.805262,0.865393,0.953958,1.32299
486,0.237655,-0.101123,3.51906,0.0603855,0.542556,1.08712,1.15631,0.740293,0.458256,1.02222,0.953958,2.21557
151,0.237655,0.170375,0.0826515,-0.195272,0.542556,1.08712,-0.86357,-0.493529,-0.654604,-0.255661,0.953958,1.14751
524,0.237655,1.79936,-0.577737,-0.195272,0.542556,-0.918529,1.15631,0.740293,1.25373,-0.366024,0.953958,-0.821562
217,0.237655,-1.18712,0.829698,-0.0634125,0.542556,-0.918529,-0.86357,-0.493529,0.148905,0.150939,-1.04674,0.38823
428,0.237655,0.441873,-0.365576,-0.19412,0.542556,1.08712,-0.86357,-0.493529,-0.0519719,1.02222,-1.04674,-0.568468
516,0.237655,-0.915618,-0.216167,-0.150359,0.542556,-0.918529,1.15631,-0.287892,0.55066,-0.13949,0.953958,-0.940517
111,0.237655,0.170375,-0.365576,-0.151511,0.542556,1.08712,-0.86357,-0.493529,0.349783,-1.06886,-1.04674,1.32974
579,-3.10892,-1.18712,-0.664395,-0.195272,0.542556,-0.918529,-0.86357,-0.493529,-0.654604,0.67371,-1.04674,0.760279
403,0.237655,0.441873,-0.627042,-0.19508,0.542556,-0.918529,1.15631,-0.0822548,-0.470801,0.209025,-1.04674,0.352797
170,-3.10892,-0.101123,-0.0667578,-0.195272,0.542556,-0.918529,-0.86357,-0.493529,-0.654604,1.06869,0.953958,-0.328871
23,0.237655,-0.915618,-0.601643,-0.195272,0.542556,-0.918529,-0.86357,-0.493529,-0.604384,-0.13949,0.953958,0.844644
453,0.237655,-1.18712,0.86705,-0.195272,0.542556,-0.918529,-0.86357,-0.493529,-0.91474,1.25457,0.953958,0.880077
555,0.237655,-1.18712,-0.365576,-0.00333688,-1.78269,1.08712,-0.86357,-0.493529,-0.152411,1.02222,-1.04674,-1.04597
484,-3.10892,0.98487,0.704194,-0.195272,0.542556,-0.918529,-0.86357,-0.493529,-0.0268622,-1.06886,0.953958,0.9501
198,0.237655,-1.73011,-0.664395,-0.171088,0.542556,-0.918529,1.15631,-0.287892,-0.888626,-0.13949,-1.04674,-1.30666
102,0.237655,0.441873,1.05381,-0.0993043,0.542556,1.08712,-0.86357,-0.493529,1.80614,1.75991,0.953958,-0.328871
455,0.237655,0.713372,-0.61509,0.0542436,0.542556,-0.918529,1.15631,-0.0822548,-0.554165,0.789882,-1.04674,-0.603057
280,0.237655,-1.18712,0.0826515,-0.156885,0.542556,1.08712,-0.86357,-0.493529,-0.403507,0.278727,-1.04674,0.2195
178,0.237655,1.52787,1.42733,-0.195272,0.542556,-0.918529,1.15631,1.15157,-0.144375,0.789882,0.953958,0.810055
338,0.237655,0.170375,0.232061,-0.195272,-1.78269,-0.918529,-0.86357,-0.493529,-0.0690465,0.325196,0.953958,-1.07466
534,0.237655,-0.372622,1.57674,-0.195272,0.542556,1.08712,-0.86357,-0.493529,-0.453727,1.96902,0.953958,0.0220865
627,0.237655,0.170375,-0.61509,0.00779533,-1.78269,-0.918529,-0.86357,-0.493529,-0.320143,-0.13949,-1.04674,-0.729605
60,0.237655,-1.18712,0.00794684,-0.195272,0.542556,1.08712,-0.86357,-0.493529,0.0484667,-0.249853,-1.04674,0.978784
176,0.237655,-1.73011,0.829698,-0.194504,-1.78269,1.08712,-0.86357,-0.493529,-0.102191,-1.06886,-1.04674,2.13121
265,0.237655,0.170375,-0.58969,-0.165714,0.542556,1.08712,1.15631,-0.287892,-0.20263,-0.836519,-1.04674,-0.252099
532,-3.10892,-0.101123,-0.316271,-0.195272,0.542556,-0.918529,-0.86357,-0.493529,-0.738972,-0.906222,-1.04674,0.261683
385,0.237655,0.170375,0.929802,0.242915,0.542556,-0.918529,1.15631,1.76848,2.05724,-1.06886,0.953958,-0.223415
140,0.237655,-0.915618,-0.414881,-0.195272,-1.78269,1.08712,-0.86357,-0.493529,1.05285,-0.255661,0.953958,-1.00379
68,0.237655,-1.73011,-0.664395,-0.167249,0.542556,-0.918529,1.15631,0.534656,-0.386433,-0.0465528,-1.04674,-0.0268452
122,0.237655,-1.73011,-0.664395,-0.195272,0.542556,-0.918529,-0.86357,-0.493529,-0.654604,-0.62741,-1.04674,0.605891
472,0.237655,0.98487,0.0452991,-0.0835656,0.542556,1.08712,1.15631,0.123382,-0.654604,-1.06886,0.953958,-0.701764
404,0.237655,0.98487,-0.46568,-0.19508,0.542556,-0.918529,-0.86357,-0.493529,-0.95592,-0.13949,-1.04674,-1.07466
67,0.237655,-1.18712,-0.514985,-0.18222,0.542556,1.08712,-0.86357,-0.493529,1.35417,-0.488004,0.953958,-0.849403
423,0.237655,0.98487,-0.290872,-0.0651399,0.542556,-0.918529,1.15631,-0.287892,-0.855481,-1.06886,0.953958,-0.631741
289,0.237655,-1.73011,-0.664395,-0.195272,0.542556,-0.918529,-0.86357,-0.493529,-0.00978767,-0.13949,-1.04674,0.437162
18,0.237655,-0.915618,-0.627042,-0.194504,-1.78269,-0.918529,-0.86357,-0.493529,-0.704823,-0.255661,-1.04674,-0.97595
549,-3.10892,-1.45861,-0.216167,-0.195272,-1.78269,-0.918529,-0.86357,-0.493529,1.25373,-1.06886,0.953958,1.0699
285,0.237655,1.79936,-0.166862,-0.191433,0.542556,1.08712,1.15631,-0.287892,-0.61242,1.22553,0.953958,-0.547376
410,0.237655,-0.915618,-0.664395,-0.195272,-1.78269,-0.918529,-0.86357,-0.493529,-0.52102,-0.371833,-1.04674,0.0718618
629,0.237655,-0.101123,-0.365576,-0.19508,0.542556,1.08712,-0.86357,-0.493529,-0.847446,-0.371833,-1.04674,-0.575217
677,-3.10892,-0.101123,-0.514985,-0.195272,0.542556,1.08712,-0.86357,-0.493529,-0.805262,0.789882,0.953958,-0.722855
353,0.237655,-0.372622,-0.627042,-0.195272,0.542556,1.08712,-0.86357,-0.493529,0.349783,1.50434,0.953958,0.211907
103,0.237655,1.52787,-0.58969,-0.0993043,-1.78269,-0.918529,1.15631,-0.0822548,-0.838407,0.441367,0.953958,-0.322122
558,0.237655,-1.73011,0.530879,-0.19412,0.542556,-0.918529,1.15631,-0.287892,0.851976,-0.662262,-1.04674,3.17227
132,0.237655,-1.73011,-0.664395,-0.195272,-1.78269,-0.918529,-0.86357,-0.493529,1.75592,-8.41822e-05,-1.04674,-0.589559
205,0.237655,0.441873,-0.290872,-0.195272,0.542556,-0.918529,1.15631,-0.287892,-0.95592,0.10447,0.953958,-0.0622784
688,0.237655,1.79936,0.25746,-0.19316,0.542556,-0.918529,1.15631,-0.287892,1.9568,-0.371833,0.953958,-0.349963
586,0.237655,0.98487,-0.601643,-0.177998,0.542556,-0.918529,1.15631,-0.287892,4.1082,3.34565,0.953958,0.985533
426,0.237655,-0.101123,-0.278919,-0.0417238,0.542556,-0.918529,1.15631,-0.287892,-0.353288,0.441367,0.953958,-0.737197
156,0.237655,0.98487,-0.601643,-0.187594,0.542556,-0.918529,-0.86357,-0.493529,-0.922775,0.092853,-1.04674,-1.14468
630,0.237655,0.713372,-0.652442,-0.195272,-1.78269,1.08712,-0.86357,-0.493529,-0.604384,1.21391,0.953958,0.0364285
673,0.237655,0.98487,-0.190767,-0.195272,0.542556,1.08712,-0.86357,-0.493529,1.5219,-0.371833,0.953958,-0.603057
277,-3.10892,-0.101123,-0.638995,-0.195272,0.542556,-0.918529,-0.86357,-0.493529,-0.788187,0.092853,0.953958,-1.29232
523,0.237655,-0.372622,0.0826515,-0.0190755,0.542556,-0.918529,1.15631,0.123382,0.249344,-0.604176,0.953958,-0.849403
194,0.237655,0.170375,-0.638995,-0.195272,0.542556,-0.918529,-0.86357,-0.493529,-0.838407,-0.0233185,0.953958,-0.687422
367,0.237655,0.170375,1.87556,-0.195272,0.542556,-0.918529,1.15631,1.3572,2.05724,-1.06886,0.953958,1.68829
59,0.237655,-0.101123,-0.290872,-0.195272,0.542556,1.08712,1.15631,0.329019,1.50483,0.092853,0.953958,2.12446
454,0.237655,0.98487,0.232061,-0.195272,-1.78269,1.08712,-0.86357,-0.493529,1.25373,0.487836,0.953958,-0.765038
622,0.237655,0.98487,0.28286,-0.148248,0.542556,-0.918529,1.15631,1.56284,0.224234,-0.371833,0.953958,-0.701764
276,0.237655,-1.18712,-0.365576,0.226409,0.542556,1.08712,-0.86357,-0.493529,-0.888626,0.394899,0.953958,2.1523
96,0.237655,-0.372622,-0.58969,-0.120417,0.542556,-0.918529,-0.86357,-0.493529,-0.621459,-1.06886,-1.04674,0.620234
457,0.237655,1.79936,-0.514985,-0.0895156,0.542556,1.08712,1.15631,-0.0822548,1.40439,0.67371,0.953958,-0.722855
301,0.237655,0.170375,-0.0667578,-0.195272,0.542556,1.08712,-0.86357,-0.493529,1.26277,-0.278896,-1.04674,-0.97595
449,0.237655,-0.372622,-0.627042,-0.19508,0.542556,-0.918529,-0.86357,-0.493529,-0.913736,0.092853,-1.04674,-1.28557
339,0.237655,-0.372622,-0.528432,-0.195272,0.542556,1.08712,-0.86357,-0.493529,-0.830371,0.092853,0.953958,-0.364305
526,0.237655,0.441873,0.904402,-0.195272,-1.78269,1.08712,-0.86357,-0.493529,0.851976,-0.174341,0.953958,0.092953
98,0.237655,-0.372622,-0.141462,-0.193352,0.542556,1.08712,1.15631,1.56284,0.952415,-1.06886,-1.04674,-1.2012
260,0.237655,-0.372622,-0.46568,-0.191241,0.542556,-0.918529,1.15631,-0.287892,-0.403507,-0.604176,-1.04674,-1.28557
290,-3.10892,0.713372,-0.190767,-0.195272,0.542556,1.08712,-0.86357,-0.493529,0.55066,1.37074,0.953958,0.0642689
90,-3.10892,-0.915618,-0.58969,-0.195272,0.542556,1.08712,-0.86357,-0.493529,-0.696788,-0.255661,-1.04674,-0.322122
37,0.237655,0.441873,1.91291,-0.195272,0.542556,1.08712,1.15631,0.740293,1.83929,-0.662262,0.953958,0.675914
84,-3.10892,0.170375,-0.514985,-0.195272,0.542556,1.08712,-0.86357,-0.493529,-0.755042,0.557539,-1.04674,-0.687422
193,3.58423,0.170375,-0.664395,-0.195272,0.542556,-0.918529,-0.86357,-0.493529,-0.95592,-8.41822e-05,-1.04674,0.25409
92,0.237655,-1.45861,-0.627042,-0.140378,0.542556,-0.918529,-0.86357,-0.493529,1.9568,-1.06886,-1.04674,-0.244507
687,0.237655,-0.372622,-0.638995,-0.195272,0.542556,-0.918529,-0.86357,-0.493529,0.96045,-0.488004,0.953958,-1.07466
264,0.237655,0.441873,-0.638995,0.0325549,-1.78269,-0.918529,1.15631,-0.287892,-0.529055,-0.778433,0.953958,0.401728
121,-3.10892,0.170375,-0.0667578,-0.195272,-1.78269,1.08712,-0.86357,-0.493529,-0.788187,0.325196,-1.04674,-0.919426
580,0.237655,1.52787,-0.627042,-0.19508,-1.78269,-0.918529,-0.86357,-0.493529,-0.838407,0.325196,-1.04674,-0.64524
377,0.237655,-0.915618,-0.58969,0.190517,0.542556,-0.918529,-0.86357,-0.493529,-0.830371,1.1384,-1.04674,0.000151612
609,0.237655,0.441873,-0.216167,0.228136,0.542556,-0.918529,-0.86357,-0.493529,0.952415,-0.371833,0.953958,-1.04597
562,0.237655,-0.372622,-0.627042,-0.19508,-1.78269,-0.918529,-0.86357,-0.493529,-0.830371,-0.0233185,0.953958,-0.722855
474,0.237655,1.52787,-0.638995,-0.195272,-1.78269,-0.918529,-0.86357,-0.493529,-0.888626,-0.0233185,-1.04674,0.169725
476,-3.10892,-0.915618,-0.577737,-0.195272,-1.78269,-0.918529,-0.86357,-0.493529,-0.888626,0.092853,-1.04674,-1.23579
416,0.237655,-0.372622,-0.141462,-0.195272,0.542556,-0.918529,-0.86357,-0.493529,-0.821332,1.25457,0.953958,-0.589559
445,0.237655,0.98487,-0.0667578,-0.195272,0.542556,1.08712,1.15631,-0.0822548,-0.880591,-0.604176,0.953958,-1.00379
438,0.237655,0.170375,-0.141462,-0.0916269,0.542556,-0.918529,1.15631,1.76848,-0.855481,-0.882988,0.953958,-0.117959
446,0.237655,1.79936,-0.652442,0.380533,0.542556,-0.918529,-0.86357,-0.493529,-0.947885,-1.06886,0.953958,1.67479
76,0.237655,-0.915618,0.38147,-0.195272,0.542556,1.08712,-0.86357,-0.493529,-0.888626,0.906053,-1.04674,-0.505194
130,0.237655,-0.372622,-0.216167,-0.0864447,0.542556,1.08712,1.15631,1.97411,1.55505,-0.371833,0.953958,-0.575217
272,0.237655,0.170375,-0.61509,-0.195272,0.542556,-0.918529,-0.86357,-0.493529,-0.93081,-0.30213,-1.04674,-1.27123
470,0.237655,0.170375,-0.166862,-0.189898,0.542556,1.08712,1.15631,0.123382,0.902195,-0.836519,0.953958,-0.961608
163,0.237655,-1.18712,1.87556,-0.195272,-1.78269,1.08712,1.15631,0.94593,-0.144375,0.0638101,0.953958,0.247341
583,0.237655,-0.101123,0.0826515,-0.195272,0.542556,1.08712,-0.86357,-0.493529,-0.152411,1.02222,0.953958,0.0431777
57,0.237655,-1.18712,-0.601643,-0.148056,0.542556,-0.918529,-0.86357,-0.493529,-0.453727,0.441367,-1.04674,0.486093
243,0.237655,0.170375,-0.503033,-0.130014,0.542556,-0.918529,-0.86357,-0.493529,0.148905,-1.06886,0.953958,4.10703
670,0.237655,0.98487,-0.627042,-0.195272,0.542556,1.08712,-0.86357,-0.493529,0.148905,0.255493,0.953958,0.521527
397,0.237655,0.98487,-0.58969,-0.0399964,0.542556,1.08712,-0.86357,-0.493529,-0.704823,-0.371833,-1.04674,-0.729605
324,0.237655,-0.915618,-0.58969,-0.195272,-1.78269,1.08712,1.15631,1.56284,-0.0690465,0.789882,0.953958,0.430413
116,0.237655,1.52787,-0.564291,-0.185675,0.542556,1.08712,1.15631,-0.287892,1.12015,-0.604176,0.953958,-0.912676
652,0.237655,0.713372,-0.664395,0.0177759,0.542556,1.08712,-0.86357,-0.493529,1.65549,-0.255661,-1.04674,-0.44192
681,0.237655,0.170375,0.530879,-0.195272,-1.78269,-0.918529,-0.86357,-0.493529,2.35856,-0.604176,0.953958,0.310614
179,0.237655,0.98487,3.14554,-0.195272,0.542556,1.08712,-0.86357,-0.493529,0.0565018,-0.534473,0.953958,0.894419
77,0.237655,0.170375,-0.61509,-0.195272,0.542556,-0.918529,-0.86357,-0.493529,-0.252849,0.18579,-1.04674,-0.146643
499,0.237655,0.170375,-0.178815,0.0717096,0.542556,-0.918529,1.15631,0.123382,0.450221,0.092853,0.953958,-0.940517
654,-3.10892,-1.45861,-0.402929,-0.195272,0.542556,1.08712,-0.86357,-0.493529,-0.880591,4.3215,0.953958,0.000151612
294,0.237655,1.52787,1.55134,-0.195272,0.542556,1.08712,-0.86357,-0.493529,-0.353288,-1.06886,0.953958,0.22625
370,0.237655,-0.372622,-0.652442,-0.195272,0.542556,-0.918529,-0.86357,-0.493529,-0.353288,-0.488004,0.953958,-0.905927
225,-3.10892,-0.915618,-0.514985,-0.195272,0.542556,-0.918529,-0.86357,-0.493529,-0.721898,0.557539,0.953958,-0.237757
365,0.237655,-0.372622,-0.514985,-0.172815,0.542556,1.08712,-0.86357,-0.493529,-0.788187,0.325196,-1.04674,1.57609
332,0.237655,0.170375,-0.58969,-0.195272,0.542556,1.08712,-0.86357,-0.493529,-0.152411,-0.13949,0.953958,-0.701764
150,3.58423,0.170375,-0.664395,-0.195272,0.542556,-0.918529,-0.86357,-0.493529,-0.95592,-8.41822e-05,-1.04674,-0.708513
649,0.237655,0.98487,1.02841,-0.163027,0.542556,-0.918529,1.15631,0.740293,0.91927,1.14421,0.953958,-0.244507
0,0.237655,-0.915618,-0.190767,0.0373533,0.542556,1.08712,-0.86357,-0.493529,1.34613,-0.488004,-1.04674,-0.800471
195,0.237655,0.170375,0.0826515,0.0365856,0.542556,-0.918529,1.15631,3.0023,1.30395,0.092853,0.953958,-0.554126
525,0.237655,0.170375,-0.627042,-0.195272,0.542556,-0.918529,-0.86357,-0.493529,-0.855481,1.02222,-1.04674,-0.81397
190,0.237655,-0.915618,-0.652442,-0.187594,0.542556,1.08712,-0.86357,-0.493529,-0.353288,-0.13949,-1.04674,-1.20795
89,0.237655,-1.73011,-0.664395,-0.195272,-1.78269,-0.918529,-0.86357,-0.493529,-0.838407,-0.488004,-1.04674,-0.792878
561,0.237655,0.98487,1.12852,-0.195272,0.542556,-0.918529,1.15631,1.76848,-0.353288,-0.604176,0.953958,0.985533
547,-3.10892,-0.101123,-0.638995,-0.195272,0.542556,-0.918529,-0.86357,-0.493529,-0.921771,-1.06886,-1.04674,-0.729605
267,0.237655,1.52787,-0.204214,9.40147,0.542556,1.08712,1.15631,-0.287892,-0.646569,1.9516,0.953958,0.2195
239,-3.10892,-0.101123,4.1167,-0.195272,0.542556,-0.918529,-0.86357,-0.493529,1.45461,-0.429919,0.953958,1.41411
253,0.237655,0.441873,-0.316271,-0.195272,0.542556,-0.918529,-0.86357,-0.493529,-0.704823,-0.371833,-1.04674,0.177318
6,0.237655,-1.18712,-0.627042,-0.176078,0.542556,-0.918529,-0.86357,-0.493529,0.349783,-0.720347,-1.04674,-1.19361
498,-3.10892,1.52787,2.32379,-0.195272,2.8678,1.08712,-0.86357,-0.493529,-0.880591,0.67371,-1.04674,-1.13793
283,0.237655,-0.915618,-0.514985,-0.194888,0.542556,1.08712,-0.86357,-0.493529,-0.604384,0.67371,-1.04674,0.620234
207,0.237655,-0.915618,-0.61509,-0.191817,-1.78269,-0.918529,1.15631,-0.0822548,0.676208,-8.41822e-05,-1.04674,0.739188
351,0.237655,-0.372622,-0.58969,-0.195272,0.542556,1.08712,-0.86357,-0.493529,1.55505,3.11331,-1.04674,-0.349963
617,0.237655,-0.101123,0.169309,-0.193352,0.542556,1.08712,1.15631,-0.287892,-0.353288,0.557539,-1.04674,-0.336464
451,0.237655,-0.372622,-0.365576,-0.195272,0.542556,1.08712,-0.86357,-0.493529,-0.0519719,0.325196,0.953958,0.205158
593,0.237655,0.170375,-0.0667578,0.380533,0.542556,1.08712,1.15631,1.76848,-0.470801,0.092853,0.953958,-0.933768
333,0.237655,0.441873,-0.577737,-0.194888,-1.78269,1.08712,-0.86357,-0.493529,-0.871551,0.725988,-1.04674,0.38823
462,0.237655,0.98487,-0.216167,-0.193928,0.542556,-0.918529,-0.86357,-0.493529,-0.737968,-0.441536,-1.04674,-0.940517
396,0.237655,0.98487,-0.141462,-0.00525623,0.542556,-0.918529,1.15631,1.56284,0.751537,-0.604176,0.953958,-0.765038
490,0.237655,-0.372622,-0.0667578,-0.0877882,-1.78269,1.08712,1.15631,0.123382,-0.54613,1.08031,0.953958,-0.336464
463,0.237655,-1.45861,0.232061,-0.0551593,0.542556,-0.918529,1.15631,1.3572,2.29126,0.383282,0.953958,0.0085881
443,0.237655,0.170375,0.630983,-0.156885,0.542556,-0.918529,-0.86357,-0.493529,-0.58731,0.441367,0.953958,-0.13905
616,0.237655,0.170375,-0.664395,-0.195272,0.542556,-0.918529,-0.86357,-0.493529,-0.704823,-1.06886,-1.04674,-0.969201
388,0.237655,0.170375,-0.365576,-0.195272,0.542556,-0.918529,1.15631,0.123382,0.249344,-1.06886,0.953958,-0.539784
71,0.237655,0.441873,-0.652442,-0.188938,0.542556,-0.918529,1.15631,0.123382,-0.679713,-1.06886,-1.04674,-0.096868
231,0.237655,0.441873,0.00794684,-0.194696,0.542556,1.08712,1.15631,-0.287892,-0.654604,-0.488004,-1.04674,-0.315373
234,0.237655,-1.73011,-0.664395,-0.176078,0.542556,-0.918529,1.15631,-0.287892,-0.922775,0.278727,0.953958,2.74285
112,0.237655,-1.18712,1.05381,-0.195272,-1.78269,1.08712,1.15631,-0.0822548,-0.152411,-0.633219,0.953958,-0.315373
54,0.237655,0.98487,0.855097,-0.19508,-1.78269,1.08712,1.15631,-0.0822548,-0.303069,1.0745,-1.04674,-0.336464
539,0.237655,1.52787,1.14047,-0.137691,0.542556,-0.918529,1.15631,0.123382,-0.060007,0.737605,0.953958,0.0296793
117,0.237655,1.79936,-0.440281,0.586095,0.542556,1.08712,1.15631,0.94593,-0.755042,0.906053,0.953958,0.135135
326,0.237655,-0.915618,-0.638995,-0.195272,0.542556,1.08712,-0.86357,-0.493529,-0.646569,0.998991,-1.04674,-0.821562
436,0.237655,0.441873,-0.402929,-0.195272,0.542556,1.08712,-0.86357,-0.493529,1.55505,0.441367,0.953958,-0.589559
373,0.237655,0.98487,-0.540385,-0.19316,0.542556,1.08712,1.15631,-0.287892,-0.789192,0.092853,-1.04674,-0.673924
273,0.237655,0.98487,-0.365576,-0.0478658,0.542556,-0.918529,1.15631,-0.287892,-0.93081,0.325196,-1.04674,-0.969201
93,0.237655,0.170375,0.0826515,-0.124832,0.542556,-0.918529,1.15631,0.740293,0.0484667,-1.06886,0.953958,0.394979
494,0.237655,0.170375,-0.652442,-0.195272,-1.78269,-0.918529,-0.86357,-0.493529,-0.805262,0.325196,-1.04674,-0.160142
682,0.237655,1.52787,-0.652442,0.0636484,0.542556,-0.918529,-0.86357,-0.493529,1.37124,-0.604176,0.953958,-0.729605
268,0.237655,-1.18712,-0.365576,-0.195272,0.542556,1.08712,-0.86357,-0.493529,-0.453727,0.150939,-1.04674,0.289523
684,0.237655,1.52787,-0.141462,-0.123296,-1.78269,-0.918529,1.15631,1.15157,-0.897665,-0.488004,0.953958,0.964442
14,0.237655,0.170375,0.0572519,-0.195272,0.542556,1.08712,-0.86357,-0.493529,-0.411542,0.789882,-1.04674,2.27885
331,-3.10892,0.441873,-0.153415,-0.195272,0.542556,-0.918529,-0.86357,-0.493529,0.174015,-0.371833,0.953958,-0.961608
142,0.237655,-1.73011,-0.664395,-0.19508,-1.78269,1.08712,-0.86357,-0.493529,-0.244814,-0.0233185,-1.04674,-1.07466
43,0.237655,0.170375,-0.489586,-0.195272,0.542556,1.08712,1.15631,0.123382,-0.847446,-0.0233185,0.953958,2.67958
220,0.237655,0.170375,0.530879,0.393008,0.542556,1.08712,1.15631,0.94593,0.349783,-1.06886,0.953958,-0.0901188
229,0.237655,0.98487,0.0198996,0.262301,0.542556,1.08712,1.15631,0.94593,-0.495911,-0.255661,0.953958,-0.737197
413,0.237655,0.170375,0.306765,1.34021,-1.78269,1.08712,1.15631,-0.287892,-0.922775,1.44044,0.953958,0.0575197
105,0.237655,1.79936,-0.353624,0.929466,0.542556,1.08712,-0.86357,-0.493529,-0.780152,-0.13949,0.953958,-0.554126
678,0.237655,0.170375,-0.216167,-0.195272,-1.78269,1.08712,-0.86357,-0.493529,-0.897665,-0.13949,-1.04674,-0.497601
1,0.237655,0.170375,-0.61509,-0.195272,0.542556,-0.918529,-0.86357,-0.493529,0.450221,-0.13949,-1.04674,-0.750696
587,0.237655,-0.915618,-0.365576,-0.195272,0.542556,1.08712,-0.86357,-0.493529,0.249344,-1.06886,0.953958,0.563709
444,0.237655,0.98487,-0.627042,-0.195272,0.542556,-0.918529,-0.86357,-0.493529,-0.9057,0.092853,-1.04674,-0.969201
607,0.237655,0.170375,-0.216167,0.706822,0.542556,-0.918529,1.15631,1.56284,-0.629494,0.011533,0.953958,0.641325
47,0.237655,0.170375,-0.652442,-0.195272,0.542556,-0.918529,-0.86357,-0.493529,-0.947885,-1.06886,-1.04674,-1.29907
506,0.237655,-0.915618,-0.638995,-0.194312,0.542556,-0.918529,-0.86357,-0.493529,1.38731,0.789882,-1.04674,-0.81397
379,0.237655,0.441873,-0.22812,0.371704,0.542556,-0.918529,1.15631,0.94593,0.349783,-0.604176,0.953958,-1.02488
679,0.237655,-0.915618,-0.58969,0.329094,-1.78269,-0.918529,1.15631,1.76848,-0.91474,1.1384,0.953958,1.4352
582,0.237655,1.79936,0.0946042,-0.195272,-1.78269,-0.918529,1.15631,-0.287892,-0.345253,-0.662262,0.953958,-0.258849
357,0.237655,0.441873,-0.638995,-0.19412,0.542556,-0.918529,1.15631,-0.287892,-0.328178,-1.06886,-1.04674,-1.31341
214,0.237655,-1.73011,-0.664395,-0.183756,-1.78269,1.08712,-0.86357,-0.493529,-0.445691,-0.0233185,-1.04674,-0.420829
173,0.237655,0.170375,0.829698,-0.195272,-1.78269,-0.918529,-0.86357,-0.493529,1.60527,-0.418302,0.953958,2.60956
420,0.237655,-1.45861,-0.10411,-0.132509,0.542556,-0.918529,1.15631,0.740293,-0.654604,0.092853,0.953958,-0.64524
520,0.237655,0.441873,0.829698,1.72408,0.542556,1.08712,1.15631,0.740293,-0.747007,1.83543,0.953958,0.886827
145,0.237655,0.713372,-0.664395,0.4527,0.542556,-0.918529,1.15631,2.38539,2.05724,-1.06886,0.953958,3.13009
689,-3.10892,0.713372,-0.652442,-0.195272,0.542556,-0.918529,1.15631,-0.287892,-0.947885,2.18394,-1.04674,0.795712
563,0.237655,1.52787,-0.514985,-0.195272,0.542556,-0.918529,-0.86357,-0.493529,-0.453727,0.952522,-1.04674,0.268432
125,0.237655,0.441873,-0.577737,-0.140954,0.542556,-0.918529,1.15631,-0.287892,-0.797227,1.37074,-1.04674,-0.80722
497,0.237655,0.170375,0.0826515,0.0791951,0.542556,1.08712,1.15631,0.534656,-0.747007,0.67371,0.953958,-0.244507
519,0.237655,-1.73011,-0.664395,-0.19508,0.542556,-0.918529,-0.86357,-0.493529,-0.621459,0.906053,-1.04674,-0.357556
337,0.237655,-1.73011,-0.664395,-0.19508,0.542556,-0.918529,1.15631,-0.0822548,0.0484667,-0.970116,-1.04674,0.675914
421,0.237655,0.170375,-0.216167,-0.173583,-1.78269,1.08712,-0.86357,-0.493529,-0.93081,0.278727,-1.04674,0.437162
310,0.237655,0.713372,-0.290872,-0.195272,-1.78269,-0.918529,-0.86357,-0.493529,1.06993,0.441367,-1.04674,-0.884836
242,0.237655,-1.18712,1.60214,0.764402,0.542556,1.08712,1.15631,2.59103,0.567735,-1.06886,0.953958,1.51281
600,0.237655,-1.18712,-0.652442,-0.00333688,0.542556,-0.918529,-0.86357,-0.493529,0.96045,0.092853,-1.04674,-0.912676
433,0.237655,0.441873,0.456175,-0.194696,0.542556,1.08712,1.15631,0.534656,-0.646569,-0.488004,0.953958,-0.315373
11,0.237655,0.98487,0.829698,-0.195272,0.542556,1.08712,1.15631,0.740293,0.0484667,1.66117,0.953958,0.831146
321,0.237655,1.52787,-0.46568,-0.195272,0.542556,-0.918529,-0.86357,-0.493529,1.25373,-0.488004,0.953958,-0.800471
659,0.237655,0.170375,-0.61509,-0.195272,0.542556,-0.918529,-0.86357,-0.493529,-0.822336,-0.488004,-1.04674,-0.64524
70,0.237655,-1.73011,-0.664395,-0.195272,-1.78269,1.08712,-0.86357,-0.493529,4.33418,-1.06886,0.953958,1.44954
559,0.237655,0.170375,3.81788,2.68375,0.542556,-0.918529,1.15631,3.61921,-0.897665,-1.06886,0.953958,1.35843
293,0.237655,1.79936,-0.652442,-0.183948,-1.78269,1.08712,1.15631,-0.287892,-0.847446,3.81034,0.953958,-0.81397
432,0.237655,0.98487,-0.638995,-0.194696,0.542556,1.08712,1.15631,1.97411,1.18644,-0.319556,-1.04674,-0.0833696
185,-3.10892,1.52787,0.00794684,-0.195272,0.542556,1.08712,-0.86357,-0.493529,-0.453727,0.906053,-1.04674,-0.0757768
535,0.237655,0.98487,-0.0413582,0.285141,0.542556,-0.918529,1.15631,0.534656,-0.58731,0.209025,0.953958,-0.919426
667,0.237655,-1.73011,-0.664395,-0.195272,0.542556,-0.918529,-0.86357,-0.493529,-0.704823,-0.604176,0.953958,-0.560875
287,0.237655,0.170375,3.81788,-0.195272,0.542556,-0.918529,-0.86357,-0.493529,-0.95592,-1.06886,0.953958,0.823553
612,0.237655,-1.18712,-0.664395,-0.195272,0.542556,1.08712,-0.86357,-0.493529,-0.9057,-1.06886,0.953958,-0.455419
372,0.237655,-1.73011,-0.664395,-0.195272,0.542556,-0.918529,-0.86357,-0.493529,-0.838407,-0.226619,-1.04674,1.61827
686,0.237655,0.170375,-0.627042,-0.186827,0.542556,-0.918529,-0.86357,-0.493529,-0.872556,-1.06886,-1.04674,-0.919426
85,3.58423,0.170375,-0.664395,-0.195272,0.542556,-0.918529,-0.86357,-0.493529,-0.95592,-8.41822e-05,-1.04674,0.507185
636,0.237655,0.170375,-0.58969,-0.195272,0.542556,-0.918529,-0.86357,-0.493529,-0.704823,-0.429919,-1.04674,-0.589559
424,0.237655,0.170375,-0.58969,-0.156117,-1.78269,-0.918529,-0.86357,-0.493529,-0.9057,0.557539,-1.04674,-0.877243
653,0.237655,0.170375,0.120004,-0.140762,0.542556,1.08712,1.15631,1.76848,0.400002,-1.06886,0.953958,1.9203
613,-3.10892,-0.101123,-0.61509,-0.195272,-1.78269,-0.918529,-0.86357,-0.493529,-0.61242,1.25457,-1.04674,0.662416
570,0.237655,0.98487,-0.61509,-0.147096,0.542556,1.08712,-0.86357,-0.493529,-0.805262,0.209025,-1.04674,-0.328871
133,-3.10892,0.170375,-0.638995,-0.195272,-1.78269,-0.918529,-0.86357,-0.493529,-0.411542,-0.604176,-1.04674,-0.427578
418,0.237655,-1.73011,-0.664395,0.802789,0.542556,-0.918529,-0.86357,-0.493529,1.30395,-8.41822e-05,-1.04674,0.000151612
62,0.237655,-1.18712,-0.216167,-0.137691,0.542556,-0.918529,1.15631,-0.0822548,-0.554165,-0.371833,0.953958,-1.1025
354,0.237655,-0.915618,-0.440281,-0.195272,0.542556,-0.918529,-0.86357,-0.493529,-0.486871,-0.0233185,-1.04674,-0.800471
541,0.237655,-1.18712,-0.664395,-0.195272,0.542556,1.08712,-0.86357,-0.493529,1.97388,-0.0349356,-1.04674,-0.413236
330,0.237655,-0.372622,0.530879,-0.17627,0.542556,-0.918529,1.15631,0.329019,0.0484667,-1.06886,0.953958,2.47626
7,0.237655,0.98487,0.244013,-0.0877882,0.542556,-0.918529,1.15631,0.740293,-0.060007,-0.819093,0.953958,2.28644
209,0.237655,-0.101123,-0.514985,-0.195272,-1.78269,1.08712,-0.86357,-0.493529,-0.855481,-0.313747,-1.04674,0.788963
203,0.237655,0.170375,0.157356,-0.19508,0.542556,1.08712,-0.86357,-0.493529,-0.537091,1.02222,0.953958,-0.526285
238,0.237655,-0.915618,-0.216167,-0.195272,0.542556,1.08712,-0.86357,-0.493529,-0.805262,0.272919,-1.04674,0.338455
610,0.237655,0.170375,1.27793,0.0369694,0.542556,-0.918529,1.15631,2.79666,-0.102191,-0.389259,0.953958,0.669165
17,0.237655,-0.372622,-0.440281,-0.0818382,0.542556,-0.918529,1.15631,-0.0822548,0.851976,-0.557707,0.953958,-1.06706
347,0.237655,0.98487,1.72615,0.246178,-1.78269,-0.918529,1.15631,2.38539,0.558695,-1.06886,0.953958,0.739188
91,0.237655,-0.372622,-0.652442,-0.176078,0.542556,-0.918529,-0.86357,-0.493529,-0.135336,-0.441536,-1.04674,0.943351
309,0.237655,0.170375,0.0198996,-0.191241,0.542556,1.08712,1.15631,-0.287892,-0.303069,1.34751,-1.04674,-0.497601
4,0.237655,-0.372622,-0.0787105,-0.164946,0.542556,-0.918529,1.15631,2.38539,0.685248,-0.720347,0.953958,-0.961608
104,0.237655,-1.73011,-0.664395,-0.19508,-1.78269,-0.918529,1.15631,0.329019,-0.95592,-0.807476,-1.04674,-1.06031
109,0.237655,0.170375,-0.290872,-0.195272,0.542556,1.08712,-0.86357,-0.493529,-0.453727,0.557539,-1.04674,0.0642689
465,0.237655,0.98487,-0.627042,-0.195272,0.542556,1.08712,-0.86357,-0.493529,-0.646569,0.441367,0.953958,2.3708
647,0.237655,1.52787,-0.316271,-0.195272,0.542556,-0.918529,-0.86357,-0.493529,-0.788187,-0.488004,-1.04674,-0.455419
79,0.237655,0.441873,-0.340177,0.203761,0.542556,-0.918529,1.15631,2.79666,-0.662639,-0.371833,0.953958,0.0507705
624,0.237655,0.441873,2.62261,-0.195272,0.542556,1.08712,-0.86357,-0.493529,0.0484667,-0.662262,0.953958,-0.273191
317,0.237655,-0.372622,0.0198996,-0.195272,0.542556,1.08712,1.15631,0.123382,1.56308,-0.162724,0.953958,1.56175
646,0.237655,0.170375,-0.426834,-0.194312,0.542556,1.08712,1.15631,0.534656,-0.805262,-0.255661,0.953958,-0.997041
619,0.237655,1.79936,0.754993,-0.193928,0.542556,-0.918529,1.15631,-0.0822548,0.0735764,1.37074,0.953958,-0.27994
25,0.237655,1.52787,0.979107,-0.195272,0.542556,1.08712,1.15631,0.123382,-0.654604,-1.06886,0.953958,0.0997022
154,0.237655,-0.915618,1.21517,1.95478,0.542556,-0.918529,1.15631,2.59103,0.349783,-1.06886,0.953958,1.76591
361,0.237655,0.441873,-0.178815,-0.0801108,0.542556,1.08712,1.15631,0.740293,0.952415,-0.836519,0.953958,-1.07466
348,0.237655,0.713372,0.829698,0.572468,0.542556,1.08712,-0.86357,-0.493529,0.0735764,-1.06886,0.953958,0.437162
511,0.237655,0.170375,-0.340177,-0.192777,0.542556,-0.918529,-0.86357,-0.493529,1.10307,0.789882,-1.04674,-1.13034
257,0.237655,-0.101123,-0.627042,-0.195272,0.542556,1.08712,-0.86357,-0.493529,-0.102191,0.238067,0.953958,1.42845
177,-3.10892,-1.73011,-0.664395,-0.190089,0.542556,1.08712,-0.86357,-0.493529,-0.922775,-0.70873,-1.04674,1.83593
288,0.237655,-1.73011,-0.664395,-0.191625,0.542556,-0.918529,1.15631,-0.287892,-0.729933,-0.511239,-1.04674,-0.0268452
100,0.237655,0.170375,0.232061,-0.195272,0.542556,-0.918529,-0.86357,-0.493529,-0.152411,1.71925,-1.04674,0.633732
223,0.237655,-0.101123,-0.0667578,-0.18222,0.542556,1.08712,1.15631,-0.287892,-0.00175258,1.60308,-1.04674,-0.167735
530,0.237655,0.441873,1.42733,-0.195272,-1.78269,1.08712,-0.86357,-0.493529,-0.453727,0.557539,-1.04674,0.120793
295,0.237655,-1.73011,-0.216167,-0.194504,-1.78269,-0.918529,-0.86357,-0.493529,-0.353288,-0.0233185,-1.04674,1.70938
409,0.237655,-0.372622,-0.514985,-0.195272,0.542556,-0.918529,-0.86357,-0.493529,-0.755042,0.092853,-1.04674,-0.533034
542,0.237655,-0.101123,-0.141462,-0.192393,0.542556,1.08712,1.15631,-0.0822548,-0.554165,-1.06886,0.953958,1.04881
80,0.237655,1.52787,-0.477633,1.1596,0.542556,-0.918529,1.15631,0.94593,-0.252849,-1.06886,0.953958,-0.539784
386,0.237655,-0.64412,-0.664395,-0.19508,0.542556,1.08712,-0.86357,-0.493529,-0.554165,0.534305,-1.04674,-0.455419
204,0.237655,0.98487,-0.116063,-0.0993043,0.542556,-0.918529,1.15631,3.41357,-0.353288,-1.06886,0.953958,-0.575217
174,0.237655,0.98487,1.87556,-0.195272,0.542556,1.08712,1.15631,0.534656,0.851976,-0.371833,0.953958,-0.680673
210,0.237655,-0.915618,-0.503033,-0.0993043,0.542556,-0.918529,1.15631,0.329019,-0.863516,1.1384,0.953958,-0.174484
355,0.237655,0.170375,0.0826515,-0.187402,0.542556,1.08712,1.15631,-0.0822548,-0.336213,-0.13949,-1.04674,-0.0411872
312,0.237655,0.98487,-0.552338,-0.195272,0.542556,-0.918529,1.15631,-0.287892,0.106721,-0.13949,0.953958,-0.919426
30,0.237655,0.170375,0.605584,-0.166481,0.542556,1.08712,1.15631,0.123382,-0.805262,0.743413,0.953958,-0.385396
230,0.237655,0.98487,-0.61509,-0.19412,0.542556,-0.918529,1.15631,0.123382,-0.353288,-0.488004,0.953958,-0.919426
518,0.237655,1.52787,0.617537,-0.195272,0.542556,1.08712,1.15631,-0.287892,-0.102191,-0.371833,0.953958,-0.413236
136,0.237655,-1.73011,-0.664395,-0.0476738,0.542556,-0.918529,1.15631,0.123382,-0.838407,0.964139,-1.04674,-1.01138
3,0.237655,-0.64412,-0.664395,-0.195272,-1.78269,1.08712,1.15631,1.76848,1.35417,-1.06886,0.953958,-0.835061
545,0.237655,0.170375,-0.652442,-0.0566948,-1.78269,-0.918529,-0.86357,-0.493529,-0.938845,-0.255661,-1.04674,-1.2223
328,0.237655,-1.18712,-0.627042,-0.193352,0.542556,-0.918529,-0.86357,-0.493529,-0.503946,-0.13949,-1.04674,-0.792878
258,-3.10892,-0.101123,-0.514985,-0.195272,0.542556,1.08712,-0.86357,-0.493529,-0.805262,0.789882,-1.04674,-0.722855
218,0.237655,-0.915618,-0.577737,-0.125407,0.542556,-0.918529,-0.86357,-0.493529,-0.897665,0.557539,-1.04674,-1.01813
186,-3.10892,0.170375,0.829698,-0.195272,0.542556,1.08712,-0.86357,-0.493529,-0.152411,0.557539,0.953958,0.472595
475,0.237655,0.441873,0.120004,-0.12867,-1.78269,1.08712,1.15631,0.740293,-0.863516,0.139322,0.953958,-0.673924
608,0.237655,0.441873,-0.58969,-0.185675,0.542556,1.08712,-0.86357,-0.493529,-0.54613,-0.0233185,-1.04674,-0.328871
571,0.237655,-0.101123,-0.652442,-0.19508,0.542556,-0.918529,1.15631,-0.287892,0.500441,-0.488004,-1.04674,-1.02488
478,0.237655,0.98487,2.62261,1.83175,0.542556,1.08712,-0.86357,-0.493529,2.35856,-0.946882,0.953958,2.44758
471,0.237655,0.441873,3.96729,-0.0436432,0.542556,-0.918529,1.15631,1.97411,0.57577,-1.06886,0.953958,1.40061
401,0.237655,0.441873,-0.552338,0.00913888,-1.78269,1.08712,-0.86357,-0.493529,-0.654604,0.441367,0.953958,-0.385396
19,0.237655,0.98487,0.108051,0.42986,0.542556,-0.918529,1.15631,0.94593,0.18205,-0.319556,0.953958,-0.771787
72,0.237655,0.441873,-0.141462,-0.195272,0.542556,-0.918529,-0.86357,-0.493529,-0.704823,0.092853,-1.04674,-0.181233
405,0.237655,0.170375,-0.340177,-0.195272,0.542556,1.08712,1.15631,-0.287892,-0.20263,1.08612,0.953958,-0.237757
363,0.237655,0.170375,-0.365576,-0.194888,-1.78269,-0.918529,1.15631,-0.287892,-0.822336,10.5483,-1.04674,-1.01138
286,0.237655,0.713372,5.31197,-0.195272,0.542556,1.08712,1.15631,0.94593,1.25373,-0.941073,0.953958,2.8559
323,0.237655,-0.915618,-0.514985,-0.195272,0.542556,-0.918529,-0.86357,-0.493529,0.148905,-0.604176,0.953958,-1.13793
350,0.237655,1.79936,-0.402929,-0.195272,0.542556,-0.918529,-0.86357,-0.493529,-0.378398,1.02222,0.953958,-0.539784
631,0.237655,-1.18712,-0.365576,-0.194888,0.542556,-0.918529,-0.86357,-0.493529,-0.20263,-0.488004,-1.04674,1.39302
407,0.237655,-0.372622,-0.0667578,-0.195272,-1.78269,-0.918529,-0.86357,-0.493529,-0.353288,-0.0233185,-1.04674,0.141885
61,0.237655,0.441873,-0.58969,-0.194504,0.542556,1.08712,1.15631,-0.287892,-0.813297,0.325196,-1.04674,-0.659582
263,0.237655,-0.372622,-0.58969,-0.195272,-1.78269,1.08712,-0.86357,-0.493529,-0.445691,1.08031,0.953958,-0.547376
504,0.237655,0.441873,-0.141462,-0.00333688,-1.78269,1.08712,1.15631,-0.0822548,-0.152411,-0.371833,0.953958,-1.50323
392,0.237655,-1.73011,-0.664395,-0.137691,0.542556,-0.918529,1.15631,-0.287892,-0.704823,-0.534473,-1.04674,-0.371054
572,0.237655,-1.18712,0.00794684,-0.137691,0.542556,1.08712,-0.86357,-0.493529,-0.755042,-1.06886,0.953958,0.823553
345,0.237655,0.98487,-0.216167,-0.118498,-1.78269,1.08712,1.15631,-0.0822548,-0.797227,-0.604176,0.953958,-0.687422
495,0.237655,1.52787,-0.552338,-0.186827,0.542556,-0.918529,-0.86357,-0.493529,-0.880591,0.67371,-1.04674,0.177318
53,0.237655,0.170375,0.0333464,-0.19412,-1.78269,1.08712,-0.86357,-0.493529,-0.604384,-0.418302,-1.04674,-1.06031
95,0.237655,0.441873,-0.216167,-0.193736,0.542556,-0.918529,-0.86357,-0.493529,-0.654604,-0.197576,-1.04674,-0.870494
184,0.237655,0.441873,-0.414881,-0.137691,-1.78269,1.08712,-0.86357,-0.493529,1.37928,-0.13949,0.953958,-0.695015
637,0.237655,-1.18712,-0.540385,-0.195272,0.542556,1.08712,-0.86357,-0.493529,-0.135336,-0.371833,-1.04674,-1.28557
489,-3.10892,-0.101123,-0.58969,-0.195272,0.542556,-0.918529,-0.86357,-0.493529,-0.855481,0.604008,0.953958,0.697006
496,0.237655,0.170375,-0.58969,-0.190857,0.542556,-0.918529,-0.86357,-0.493529,-0.805262,0.958331,0.953958,-0.490852
44,0.237655,0.170375,-0.652442,-0.19412,-1.78269,-0.918529,1.15631,-0.0822548,-0.872556,-0.325364,-1.04674,-0.659582
81,0.237655,-1.73011,-0.664395,-0.156885,0.542556,-0.918529,1.15631,0.740293,-0.20263,-1.06886,-1.04674,0.303865
58,0.237655,0.441873,0.281366,0.0814983,-1.78269,1.08712,-0.86357,-0.493529,0.0313922,-0.766816,0.953958,0.92226
604,0.237655,1.52787,-0.540385,-0.19412,0.542556,1.08712,1.15631,1.76848,-0.863516,1.48691,0.953958,1.27406
201,0.237655,-0.64412,-0.664395,-0.195272,-1.78269,-0.918529,-0.86357,-0.493529,-0.604384,-0.13949,-1.04674,-0.828312
222,0.237655,0.170375,-0.577737,0.788202,0.542556,1.08712,1.15631,0.94593,-0.839411,-0.511239,0.953958,-0.526285
160,0.237655,0.170375,-0.365576,-0.192201,0.542556,-0.918529,-0.86357,-0.493529,-0.453727,1.60308,-1.04674,0.211907
320,0.237655,0.441873,0.00794684,-0.137691,-1.78269,1.08712,1.15631,-0.287892,0.00628251,-0.604176,0.953958,-0.891585
64,0.237655,0.98487,-0.216167,-0.0371174,0.542556,-0.918529,-0.86357,-0.493529,-0.855481,0.557539,0.953958,-0.596308
671,0.237655,0.170375,0.108051,-0.195272,-1.78269,-0.918529,-0.86357,-0.493529,-0.445691,-1.06886,0.953958,-0.750696
477,0.237655,0.170375,-0.61509,-0.127903,0.542556,-0.918529,-0.86357,-0.493529,0.751537,-1.06886,-1.04674,-0.905927
279,0.237655,0.441873,-0.141462,-0.192585,0.542556,-0.918529,1.15631,0.123382,4.08309,-0.371833,0.953958,1.40736
325,0.237655,1.79936,0.0826515,-0.157652,0.542556,-0.918529,1.15631,0.740293,1.07796,1.9516,0.953958,0.55696
50,0.237655,-0.915618,-0.514985,-0.195272,0.542556,1.08712,-0.86357,-0.493529,-0.252849,0.278727,-1.04674,0.0642689
568,-3.10892,-0.915618,-0.365576,-0.195272,0.542556,1.08712,-0.86357,-0.493529,-0.0348973,0.325196,-1.04674,1.13317
75,0.237655,0.98487,0.38147,-0.185675,0.542556,-0.918529,-0.86357,-0.493529,-0.102191,1.56823,-1.04674,0.41607
296,0.237655,-1.73011,-0.664395,-0.175119,0.542556,1.08712,1.15631,-0.0822548,-0.654604,0.092853,-1.04674,0.000151612
425,0.237655,0.170375,-0.514985,-0.195272,0.542556,-0.918529,-0.86357,-0.493529,2.15768,-0.371833,0.953958,-0.0125031
640,0.237655,-1.73011,0.680288,-0.190473,0.542556,-0.918529,-0.86357,-0.493529,-0.403507,-0.13949,-1.04674,-0.680673
24,0.237655,-0.372622,-0.428328,-0.128095,0.542556,-0.918529,-0.86357,-0.493529,0.969489,-0.604176,-1.04674,-1.01813
114,-3.10892,-1.18712,0.530879,-0.195272,0.542556,1.08712,-0.86357,-0.493529,-0.9057,1.37074,-1.04674,0.169725
642,0.237655,1.79936,-0.178815,-0.0993043,0.542556,1.08712,1.15631,-0.287892,4.09112,1.92255,0.953958,0.303865
344,-3.10892,0.170375,0.00794684,-0.195272,0.542556,1.08712,-0.86357,-0.493529,-0.922775,-1.06886,-1.04674,-0.750696
408,0.237655,0.713372,1.92487,-0.195272,0.542556,-0.918529,1.15631,0.534656,0.977524,-1.06886,0.953958,1.88571
172,0.237655,-1.18712,-0.190767,-0.193544,0.542556,1.08712,1.15631,-0.287892,-0.805262,1.25457,-1.04674,-0.750696
165,-3.10892,-1.45861,-0.58969,-0.195272,0.542556,1.08712,-0.86357,-0.493529,-0.922775,0.557539,-1.04674,-1.12359
108,0.237655,-0.915618,1.87556,-0.195272,0.542556,1.08712,-0.86357,-0.493529,1.773,-1.06886,0.953958,1.54065
375,0.237655,-1.18712,2.32379,1.09069,0.542556,-0.918529,1.15631,2.17975,3.2625,-1.06886,0.953958,2.26535
557,0.237655,0.170375,-0.241567,-0.156885,0.542556,-0.918529,-0.86357,-0.493529,-0.654604,1.38236,0.953958,-0.695015
448,-3.10892,-0.101123,0.38147,-0.195272,0.542556,1.08712,-0.86357,-0.493529,-0.295033,1.25457,-1.04674,0.760279
269,0.237655,-0.372622,-0.58969,-0.195272,0.542556,1.08712,-0.86357,-0.493529,-0.22774,-0.488004,-1.04674,-0.252099
307,0.237655,0.170375,0.232061,-0.195272,0.542556,1.08712,-0.86357,-0.493529,1.15329,-1.06886,0.953958,-0.863745
383,0.237655,-0.372622,-0.58969,-0.195272,-1.78269,-0.918529,-0.86357,-0.493529,-0.95592,-0.720347,-1.04674,-1.29232
221,0.237655,0.170375,-0.514985,-0.195272,0.542556,-0.918529,-0.86357,-0.493529,0.450221,-1.06886,-1.04674,-0.97595
275,0.237655,-1.18712,-0.340177,-0.195272,-1.78269,1.08712,-0.86357,-0.493529,0.0655413,1.71925,-1.04674,0.205158
509,0.237655,0.441873,0.38147,-0.195272,0.542556,1.08712,1.15631,0.123382,-0.252849,0.842159,0.953958,-0.202324
110,0.237655,-0.915618,-0.627042,-0.195272,-1.78269,-0.918529,-0.86357,-0.493529,1.07796,-0.13949,-1.04674,0.563709
434,0.237655,0.713372,-0.664395,-0.17032,0.542556,-0.918529,1.15631,3.61921,2.15768,-0.185959,0.953958,1.96248
554,0.237655,-1.73011,-0.664395,-0.195272,-1.78269,-0.918529,-0.86357,-0.493529,-0.637529,0.789882,0.953958,0.198409
488,0.237655,-1.18712,-0.664395,0.0444549,0.542556,-0.918529,1.15631,1.76848,1.05285,-1.06886,0.953958,1.6672
256,0.237655,-1.45861,-0.216167,-0.195272,-1.78269,1.08712,-0.86357,-0.493529,-0.729933,1.43463,-1.04674,0.500435
138,0.237655,0.170375,-0.22812,-0.195272,0.542556,1.08712,1.15631,0.534656,-0.855481,0.743413,0.953958,-0.490852
466,0.237655,-1.73011,-0.664395,0.073437,0.542556,1.08712,1.15631,1.76848,1.85636,-1.06886,0.953958,2.83481
551,0.237655,-0.101123,-0.58969,2.70448,0.542556,-0.918529,1.15631,0.123382,-0.880591,0.441367,0.953958,-0.511943
266,0.237655,0.170375,0.332165,-0.162067,0.542556,1.08712,1.15631,-0.0822548,1.47972,-0.0233185,-1.04674,-0.792878
336,0.237655,0.170375,-0.0667578,-0.107749,0.542556,-0.918529,1.15631,1.76848,-0.755042,-1.06886,0.953958,0.373888
167,0.237655,1.79936,0.0706987,-0.195272,-1.78269,-0.918529,-0.86357,-0.493529,0.743502,-0.116256,-1.04674,-0.765038
73,0.237655,0.170375,-0.216167,-0.193928,-1.78269,1.08712,1.15631,1.15157,0.0565018,-0.232427,0.953958,-0.27994
155,-3.10892,-0.101123,-0.664395,-0.19508,-1.78269,1.08712,-0.86357,-0.493529,-0.95592,1.83543,-1.04674,-1.04597
124,0.237655,1.52787,-0.477633,-0.195272,0.542556,1.08712,1.15631,1.3572,-0.20263,-0.0175099,0.953958,-0.0268452
447,0.237655,0.713372,-0.664395,-0.192968,0.542556,-0.918529,-0.86357,-0.493529,0.450221,-1.06886,-1.04674,2.63065
368,0.237655,-1.73011,-0.664395,-0.191817,0.542556,-0.918529,1.15631,1.56284,-0.897665,0.092853,-1.04674,0.42282
282,-3.10892,-0.101123,2.5479,-0.195272,0.542556,-0.918529,-0.86357,-0.493529,-0.855481,1.25457,0.953958,1.0699
82,0.237655,-1.45861,-0.540385,-0.18721,0.542556,-0.918529,-0.86357,-0.493529,1.05285,-0.604176,-1.04674,-1.09575
543,0.237655,0.170375,-0.652442,-0.160915,-1.78269,-0.918529,-0.86357,-0.493529,-0.737968,-0.0814042,-1.04674,-0.117959
16,0.237655,0.441873,1.57674,-0.195272,0.542556,1.08712,1.15631,-0.0822548,-0.0519719,0.847968,0.953958,-0.167735
200,0.237655,0.170375,-0.365576,0.0859128,0.542556,-0.918529,1.15631,0.329019,1.05285,-0.778433,0.953958,-0.94811
589,0.237655,1.79936,-0.652442,-0.19508,-1.78269,-0.918529,-0.86357,-0.493529,-0.54613,-0.325364,-1.04674,-0.146643
32,0.237655,0.170375,2.16243,-0.176078,-1.78269,1.08712,-0.86357,-0.493529,-0.679713,0.092853,0.953958,1.75157
602,0.237655,1.79936,-0.652442,-0.119266,0.542556,-0.918529,1.15631,1.3572,1.06089,-0.720347,0.953958,-0.758289
528,0.237655,-1.73011,-0.627042,-0.178573,-1.78269,-0.918529,-0.86357,-0.493529,-0.838407,-0.371833,-1.04674,-0.673924
55,0.237655,0.441873,-0.0667578,-0.188554,0.542556,1.08712,1.15631,1.76848,-0.654604,1.45206,0.953958,-0.315373
390,0.237655,-1.73011,-0.664395,-0.195272,0.542556,1.08712,-0.86357,-0.493529,2.60965,-1.06886,0.953958,3.53082
378,0.237655,-0.64412,-0.664395,-0.191433,-1.78269,-0.918529,-0.86357,-0.493529,-0.353288,-0.13949,-1.04674,0.0153373
9,0.237655,-0.915618,1.35263,-0.185675,0.542556,1.08712,1.15631,0.123382,0.466292,-0.488004,0.953958,2.04009
615,0.237655,-0.372622,-0.241567,1.68569,0.542556,-0.918529,1.15631,-0.287892,0.55066,-0.604176,0.953958,-0.863745
126,0.237655,0.98487,0.530879,0.112208,0.542556,-0.918529,1.15631,2.38539,1.05285,-1.06886,0.953958,2.25776
26,0.237655,-0.915618,-0.627042,-0.181836,-1.78269,-0.918529,-0.86357,-0.493529,-0.93081,0.092853,-1.04674,-0.765038
118,0.237655,0.98487,0.0826515,-0.0399964,0.542556,1.08712,1.15631,0.94593,1.25373,-0.488004,0.953958,-0.743947
623,0.237655,0.170375,-0.503033,-0.19508,0.542556,1.08712,-0.86357,-0.493529,-0.596349,-0.278896,-1.04674,-0.673924
188,0.237655,0.441873,-0.58969,-0.195272,0.542556,1.08712,-0.86357,-0.493529,-0.822336,0.67371,-1.04674,-0.153392
595,0.237655,-1.18712,-0.61509,-0.195272,-1.78269,1.08712,-0.86357,-0.493529,0.617954,-8.41822e-05,-1.04674,-0.80722
483,0.237655,-1.73011,-0.0667578,-0.19508,-1.78269,1.08712,1.15631,-0.287892,1.75592,0.092853,-1.04674,-0.533034
252,0.237655,1.25637,0.941755,-0.169552,0.542556,1.08712,1.15631,1.3572,2.05724,-1.06886,0.953958,0.268432
493,0.237655,-0.372622,0.680288,-0.195272,-1.78269,-0.918529,-0.86357,-0.493529,1.25373,-0.371833,0.953958,-0.554126
556,0.237655,0.170375,-0.664395,-0.195272,-1.78269,-0.918529,-0.86357,-0.493529,-0.470801,-0.371833,-1.04674,-0.596308
415,-3.10892,-0.915618,0.979107,-0.195272,0.542556,1.08712,-0.86357,-0.493529,0.148905,-0.488004,-1.04674,-0.11121
319,0.237655,0.170375,0.754993,-0.110053,0.542556,-0.918529,1.15631,-0.0822548,1.60527,-0.644836,0.953958,-0.596308
241,0.237655,-0.915618,0.680288,0.0484855,0.542556,-0.918529,1.15631,0.94593,-0.453727,-0.197576,0.953958,0.303865
560,0.237655,0.170375,0.0826515,-0.194888,-1.78269,1.08712,-0.86357,-0.493529,-0.453727,-1.06886,-1.04674,0.141885
227,0.237655,0.713372,-0.664395,-0.195272,0.542556,-0.918529,-0.86357,-0.493529,1.04482,-1.06886,0.953958,-0.954859
35,0.237655,-1.73011,-0.652442,-0.127903,-1.78269,-0.918529,1.15631,-0.0822548,2.86075,-1.06886,-1.04674,3.64978
597,0.237655,0.441873,-0.664395,-0.156885,0.542556,1.08712,-0.86357,-0.493529,-0.453727,0.319387,0.953958,0.282774
394,3.58423,0.170375,-0.664395,-0.195272,0.542556,-0.918529,-0.86357,-0.493529,-0.95592,-8.41822e-05,-1.04674,-0.505194
395,0.237655,-1.45861,0.605584,-0.195272,-1.78269,1.08712,-0.86357,-0.493529,-0.947885,1.60308,-1.04674,0.000151612
414,0.237655,0.170375,1.12852,-0.195272,0.542556,-0.918529,-0.86357,-0.493529,1.42146,0.906053,0.953958,-0.933768
261,0.237655,0.98487,-0.265472,-0.195272,0.542556,-0.918529,-0.86357,-0.493529,1.15329,-0.488004,0.953958,-0.750696
655,0.237655,-1.45861,-0.365576,0.00856307,0.542556,1.08712,-0.86357,-0.493529,1.55505,-0.0233185,-1.04674,-0.533034
78,-3.10892,-0.915618,-0.365576,-0.195272,0.542556,-0.918529,1.15631,1.76848,-0.95592,-1.06886,-1.04674,-0.716106
129,0.237655,-1.45861,-0.340177,-0.19508,-1.78269,1.08712,1.15631,1.15157,-0.353288,-0.13949,0.953958,-0.891585
162,0.237655,0.170375,-0.552338,-0.164178,-1.78269,1.08712,1.15631,1.15157,-0.880591,0.67371,0.953958,0.971191
417,0.237655,1.79936,-0.526938,-0.195272,0.542556,-0.918529,1.15631,-0.287892,1.27884,-0.488004,0.953958,-0.708513
346,0.237655,0.713372,0.00794684,-0.0993043,0.542556,1.08712,1.15631,0.534656,0.106721,-0.493813,0.953958,-0.132301
581,0.237655,-0.915618,1.72615,0.193972,0.542556,1.08712,-0.86357,-0.493529,1.55505,-0.929456,0.953958,2.06119
514,0.237655,-1.18712,-0.540385,-0.195272,0.542556,-0.918529,-0.86357,-0.493529,1.35417,-1.06886,-1.04674,-0.743947
481,0.237655,0.170375,-0.58969,-0.195272,0.542556,-0.918529,-0.86357,-0.493529,1.00263,-0.255661,0.953958,-0.849403
235,0.237655,1.79936,-0.440281,-0.133661,-1.78269,-0.918529,1.15631,0.329019,1.30395,-1.06886,0.953958,-0.771787
284,0.237655,-0.372622,0.38147,-0.195272,-1.78269,1.08712,-0.86357,-0.493529,-0.805262,0.789882,-1.04674,0.000995261
384,0.237655,0.98487,-0.514985,-0.195272,0.542556,1.08712,1.15631,0.123382,0.349783,-0.226619,0.953958,0.810055
199,0.237655,-0.372622,-0.141462,-0.195272,0.542556,1.08712,1.15631,-0.0822548,-0.453727,3.11331,-1.04674,0.114044
97,0.237655,-0.101123,-0.652442,-0.195272,-1.78269,-0.918529,-0.86357,-0.493529,-0.947885,-1.06886,-1.04674,0.0220865
657,0.237655,0.170375,-0.216167,-0.13462,0.542556,-0.918529,-0.86357,-0.493529,-0.629494,-1.06886,-1.04674,0.669165
419,0.237655,1.52787,-0.652442,1.94998,0.542556,-0.918529,-0.86357,-0.493529,-0.847446,1.48691,0.953958,0.0642689
128,0.237655,-0.64412,-0.664395,-0.0110143,0.542556,-0.918529,-0.86357,-0.493529,-0.152411,-0.488004,0.953958,1.21754
169,0.237655,-0.372622,-0.627042,-0.123296,-1.78269,-0.918529,-0.86357,-0.493529,1.13622,-0.371833,0.953958,-1.10925
86,0.237655,0.98487,-0.216167,-0.19508,0.542556,-0.918529,-0.86357,-0.493529,1.78907,0.557539,-1.04674,-0.575217
364,-3.10892,-1.45861,-0.489586,-0.195272,0.542556,1.08712,-0.86357,-0.493529,-0.637529,-1.06886,-1.04674,-0.0690276
521,0.237655,0.441873,-0.365576,-0.19508,0.542556,-0.918529,1.15631,-0.287892,1.05285,-0.371833,-1.04674,-1.12359
645,-3.10892,-1.45861,-0.638995,-0.195272,0.542556,1.08712,-0.86357,-0.493529,-0.855481,0.394899,-1.04674,-0.104461
641,0.237655,0.98487,-0.627042,0.0419597,-1.78269,1.08712,1.15631,4.23612,-0.54613,1.57404,0.953958,0.795712
675,0.237655,-0.915618,-0.290872,-0.192009,-1.78269,1.08712,-0.86357,-0.493529,1.55505,-1.06886,-1.04674,-0.455419
399,0.237655,1.79936,-0.365576,-0.192777,-1.78269,-0.918529,-0.86357,-0.493529,-0.737968,0.557539,-1.04674,-0.174484
216,3.58423,0.170375,-0.216167,-0.195272,0.542556,-0.918529,-0.86357,-0.493529,-0.52102,-0.371833,-1.04674,0.177318
435,0.237655,0.170375,-0.141462,-0.0628367,0.542556,1.08712,1.15631,0.534656,-0.805262,0.975756,0.953958,-1.30666
297,0.237655,0.170375,-0.552338,-0.0993043,0.542556,-0.918529,1.15631,-0.0822548,-0.814301,0.238067,-1.04674,0.578051
585,0.237655,0.170375,0.680288,-0.152854,0.542556,1.08712,1.15631,1.97411,0.886125,-1.06886,0.953958,0.2195
304,0.237655,0.98487,-0.627042,-0.164562,0.542556,1.08712,1.15631,-0.287892,0.57577,-1.06886,-1.04674,-1.32775
232,0.237655,1.79936,2.32379,-0.195272,-1.78269,1.08712,-0.86357,-0.493529,-0.503946,-0.0465528,0.953958,0.788963
306,0.237655,0.441873,-0.166862,-0.194312,0.542556,-0.918529,-0.86357,-0.493529,-0.822336,0.209025,-1.04674,-1.01138
605,0.237655,-1.73011,-0.664395,-0.195272,-1.78269,-0.918529,-0.86357,-0.493529,-0.95592,-1.06886,-1.04674,1.73807
5,0.237655,0.170375,-0.216167,-0.195272,0.542556,-0.918529,1.15631,-0.0822548,-0.838407,-0.488004,0.953958,-1.32775
374,-3.10892,1.79936,1.05381,-0.195272,0.542556,1.08712,-0.86357,-0.493529,-0.0519719,3.06103,-1.04674,0.303865
247,0.237655,-1.73011,4.71434,-0.00333688,0.542556,1.08712,1.15631,2.59103,1.9568,-1.06886,0.953958,2.40539
51,0.237655,-1.18712,-0.652442,-0.176078,-1.78269,-0.918529,-0.86357,-0.493529,-0.127301,-0.255661,-1.04674,-0.884836
255,0.237655,0.170375,0.00794684,-0.166481,0.542556,-0.918529,1.15631,-0.287892,-0.58731,-0.488004,0.953958,-0.940517
33,0.237655,0.441873,-0.0294055,-0.140762,0.542556,1.08712,1.15631,1.76848,1.35417,0.615625,0.953958,-0.716106
452,3.58423,0.170375,-0.664395,-0.195272,0.542556,-0.918529,-0.86357,-0.493529,-0.95592,-8.41822e-05,-1.04674,3.37559
662,0.237655,-0.372622,-0.514985,-0.00333688,-1.78269,-0.918529,1.15631,0.123382,-0.847446,0.092853,0.953958,0.704598
398,0.237655,0.170375,-0.627042,0.87035,0.542556,-0.918529,1.15631,-0.0822548,1.58016,-1.06886,-1.04674,-0.701764
45,0.237655,0.98487,-0.452234,-0.195272,0.542556,1.08712,1.15631,-0.0822548,1.10307,-0.784242,0.953958,-0.912676
182,0.237655,1.52787,-0.302824,-0.145753,0.542556,1.08712,1.15631,13.2841,1.55505,-0.255661,0.953958,-0.497601
299,0.237655,0.170375,-0.377529,-0.082606,0.542556,1.08712,1.15631,-0.0822548,-0.461762,-0.13949,-1.04674,-1.13034
411,0.237655,-1.73011,-0.664395,-0.195272,-1.78269,-0.918529,-0.86357,-0.493529,0.0484667,-1.06886,-1.04674,-0.884836
584,0.237655,0.170375,-0.58969,-0.156117,-1.78269,-0.918529,-0.86357,-0.493529,-0.780152,0.557539,-1.04674,-0.877243
510,0.237655,1.25637,-0.440281,-0.194888,-1.78269,1.08712,-0.86357,-0.493529,-0.805262,-0.30213,-1.04674,-0.856152
148,0.237655,-1.45861,3.07084,-0.195272,0.542556,1.08712,-0.86357,-0.493529,-0.152411,-8.41822e-05,0.953958,0.275181
135,0.237655,0.170375,-0.627042,-0.195272,0.542556,-0.918529,-0.86357,-0.493529,-0.0690465,-0.13949,-1.04674,0.570458
41,0.237655,-0.372622,-0.503033,-0.182412,-1.78269,1.08712,-0.86357,-0.493529,-0.654604,-0.371833,-1.04674,-0.758289
180,0.237655,0.441873,-0.58969,-0.157844,-1.78269,-0.918529,-0.86357,-0.493529,-0.704823,-1.06886,-1.04674,0.810055
146,0.237655,0.713372,3.14554,-0.174351,0.542556,1.08712,1.15631,-0.287892,3.52164,-1.06886,0.953958,3.81176
576,0.237655,1.52787,0.38147,-0.168209,-1.78269,1.08712,-0.86357,-0.493529,-0.503946,0.092853,-1.04674,0.135135
228,0.237655,1.52787,3.51906,0.188598,0.542556,1.08712,1.15631,-0.287892,0.751537,-0.557707,0.953958,1.13317
651,0.237655,-0.915618,-0.540385,-0.179917,-1.78269,1.08712,1.15631,-0.287892,-0.320143,0.557539,-1.04674,-0.680673
181,0.237655,-0.915618,-0.365576,-0.195272,0.542556,1.08712,1.15631,0.123382,-0.805262,0.162556,0.953958,0.184067
515,0.237655,-1.45861,0.232061,-0.195272,0.542556,1.08712,-0.86357,-0.493529,-0.252849,0.67371,0.953958,0.000151612
594,0.237655,0.441873,0.979107,-0.166481,0.542556,-0.918529,-0.86357,-0.493529,0.216199,1.63213,-1.04674,1.31624
12,0.237655,0.170375,-0.253519,-0.154965,-1.78269,1.08712,1.15631,0.123382,-0.704823,-0.255661,0.953958,-0.919426
620,0.237655,-1.18712,-0.514985,0.572468,0.542556,1.08712,-0.86357,-0.493529,-0.503946,2.64863,-1.04674,-0.392145
621,0.237655,0.98487,-0.302824,-0.0916269,0.542556,-0.918529,1.15631,0.329019,0.902195,-0.720347,0.953958,-1.10925
614,0.237655,0.170375,-0.601643,-0.0133175,0.542556,-0.918529,1.15631,0.740293,-0.871551,0.209025,0.953958,0.873328
83,0.237655,-1.18712,-0.601643,-0.195272,0.542556,-0.918529,-0.86357,-0.493529,0.0484667,2.12585,-1.04674,0.704598
139,0.237655,0.170375,0.0452991,0.602985,0.542556,1.08712,1.15631,1.15157,-0.353288,1.23133,0.953958,1.22429
196,0.237655,0.98487,0.145403,4.93438,0.542556,-0.918529,1.15631,0.534656,0.55066,-8.41822e-05,0.953958,-1.08141
