-0.287892,-0.195272,-0.316941,1.59268,-0.664395,-1.15631,1.47871,0.681488,-0.566656,-0.569329,-0.497486,-0.953958
0.94593,-0.0399964,-0.316941,0.468205,0.0826515,-1.15631,-0.658788,0.681488,-0.566656,-0.569329,-0.462998,-0.953958
0.123382,-0.195272,-0.316941,1.36778,0.0198996,-1.15631,1.51854,-1.49549,-0.566656,-0.569329,-0.141104,-0.953958
0.740293,-0.188554,-0.316941,-0.656269,-0.61509,-1.15631,-1.12325,-1.49549,-0.566656,-0.569329,0.341737,1.04674
-0.493529,-0.186827,-0.316941,-1.33095,-0.627042,0.86357,-0.824498,0.681488,-0.566656,-0.569329,-1.03781,1.04674
-0.493529,-0.195272,-0.316941,1.14289,-0.652442,0.86357,0.0781417,0.681488,1.65489,1.70141,1.2212,-0.953958
-0.0822548,-0.195272,-0.316941,0.468205,-0.452234,-1.15631,-0.818124,-1.49549,-0.566656,-0.569329,-0.756151,-0.953958
-0.493529,-0.195272,-0.316941,-1.33095,-0.402929,0.86357,-0.419784,-1.49549,-0.566656,-0.569329,1.78451,-0.953958
-0.493529,-0.195272,1.47559,0.130863,-0.664395,0.86357,-0.433327,-1.49549,2.76567,1.70141,-1.03781,1.04674
-0.493529,-0.130014,-0.316941,0.130863,-0.503033,0.86357,3.92213,0.681488,-0.566656,-0.569329,-1.03781,-0.953958
-0.493529,-0.195272,-0.316941,-1.33095,-0.61509,0.86357,-0.665162,-1.49549,-0.566656,-0.569329,-0.118111,1.04674
-0.493529,-0.195272,1.47559,0.130863,-0.664395,0.86357,0.52269,0.681488,2.76567,1.70141,-1.03781,1.04674
-0.0822548,0.188598,-0.316941,0.468205,0.717641,-1.15631,-0.545659,0.681488,-0.566656,-0.569329,1.95121,-0.953958
1.3572,-0.0528561,-0.316941,-0.656269,0.38147,-1.15631,-0.632498,0.681488,-0.566656,-0.569329,-0.715914,-0.953958
-0.287892,1.34021,-0.316941,-1.33095,0.306765,-1.15631,0.0980587,0.681488,1.65489,1.70141,1.44537,-0.953958
-0.493529,-0.195272,-0.316941,-0.656269,0.86705,0.86357,0.874822,0.681488,-0.566656,-0.569329,1.26143,-0.953958
-0.493529,-0.195272,-0.316941,-0.431374,-0.664395,0.86357,-1.0635,-1.49549,1.65489,1.70141,-0.543471,1.04674
0.329019,0.179001,-0.316941,0.0184153,-0.638995,-1.15631,-0.55283,0.681488,-0.566656,-0.569329,0.422211,1.04674
-0.493529,-0.195272,-0.316941,0.693099,2.62261,0.86357,-0.21424,0.681488,-0.566656,-0.569329,-0.635441,-0.953958
0.534656,-0.195272,-0.316941,0.468205,1.87556,-1.15631,-0.599037,-1.49549,-0.566656,-0.569329,-0.348035,-0.953958
-0.493529,-0.195272,1.47559,0.130863,-0.664395,0.86357,-0.844415,0.681488,2.76567,1.70141,-1.03781,1.04674
-0.493529,-0.195272,3.26813,0.0184153,0.38147,0.86357,0.761694,0.681488,-0.566656,-0.569329,1.26143,1.04674
0.329019,0.0859128,-0.316941,-1.33095,-0.365576,-1.15631,-0.851585,-1.49549,-0.566656,-0.569329,-0.750403,-0.953958
-0.493529,-0.190473,-0.316941,1.59268,0.680288,0.86357,-0.599037,0.681488,-0.566656,-0.569329,-0.118111,1.04674
0.329019,-0.0307836,-0.316941,0.917994,0.680288,-1.15631,0.197644,0.681488,-0.566656,-0.569329,0.416463,-0.953958
-0.0822548,-0.194312,-0.316941,-0.206479,0.00794684,-1.15631,-0.479535,0.681488,-0.566656,-0.569329,-0.348035,-0.953958
0.534656,-0.194312,-0.316941,-1.33095,-0.426834,-1.15631,-0.897792,-1.49549,-0.566656,-0.569329,-0.233073,-0.953958
0.534656,-0.195272,-0.316941,1.14289,1.92487,-1.15631,1.82447,0.681488,-0.566656,-0.569329,-1.03781,-0.953958
-0.493529,-0.195272,-0.316941,-1.33095,-0.664395,0.86357,-0.519369,-1.49549,1.65489,1.70141,-0.348035,1.04674
-0.493529,0.00779533,-0.316941,-1.33095,-0.61509,0.86357,-0.645244,0.681488,1.65489,1.70141,-0.118111,1.04674
-0.287892,-0.195272,3.26813,1.14289,-0.652442,-1.15631,0.795154,0.681488,-0.566656,-0.569329,2.18113,1.04674
-0.493529,-0.195272,3.26813,-1.10606,-0.216167,0.86357,1.05408,0.681488,1.65489,1.70141,-1.03781,-0.953958
-0.493529,-0.194504,-0.316941,1.59268,0.829698,0.86357,2.0563,-1.49549,1.65489,1.70141,-1.03781,1.04674
-0.493529,-0.120417,-0.316941,1.36778,-0.58969,0.86357,0.629445,-1.49549,-0.566656,-0.569329,-1.03781,1.04674
-0.493529,-0.195272,-0.316941,-0.881164,-0.316271,0.86357,-0.386323,0.681488,-0.566656,-0.569329,-0.462998,1.04674
-0.493529,0.0177759,-0.316941,1.14289,-0.664395,0.86357,-0.373576,0.681488,-0.566656,-0.569329,-0.233073,1.04674
3.61921,-0.17032,-0.316941,1.14289,-0.664395,-1.15631,1.89696,0.681488,-0.566656,-0.569329,-0.164096,-0.953958
-0.493529,-0.195272,-0.316941,-0.881164,3.36965,0.86357,0.602358,-1.49549,-0.566656,-0.569329,4.59534,-0.953958
1.56284,0.706822,-0.316941,-1.33095,-0.216167,-1.15631,0.649362,0.681488,-0.566656,-0.569329,0.0313397,-0.953958
-0.493529,-0.195272,-0.316941,-1.33095,-0.216167,0.86357,-0.426157,0.681488,1.65489,1.70141,-0.118111,1.04674
-0.287892,0.0325549,-0.316941,0.693099,-0.638995,-1.15631,0.423104,0.681488,1.65489,1.70141,-0.750403,-0.953958
-0.493529,-0.151511,-0.316941,-1.33095,-0.365576,0.86357,1.29945,0.681488,-0.566656,-0.569329,-1.03781,1.04674
-0.493529,-0.195272,3.26813,0.468205,-0.440281,0.86357,-0.665162,-1.49549,-0.566656,-0.569329,-0.118111,1.04674
-0.493529,-0.194504,-0.316941,1.59268,-0.216167,0.86357,1.65796,0.681488,1.65489,1.70141,-0.00314896,1.04674
-0.493529,0.193972,-0.316941,-0.206479,1.72615,0.86357,1.99018,0.681488,-0.566656,-0.569329,-0.899854,-0.953958
1.76848,-0.137691,-0.316941,1.59268,3.64307,-1.15631,1.87705,0.681488,-0.566656,-0.569329,-0.865365,-0.953958
-0.493529,-0.194312,-0.316941,-0.206479,-0.638995,0.86357,-0.724913,-1.49549,-0.566656,-0.569329,0.801586,1.04674
-0.493529,-0.195272,-0.316941,-1.33095,0.108051,0.86357,-0.665162,0.681488,1.65489,1.70141,-1.03781,-0.953958
-0.493529,-0.185675,-0.316941,0.693099,-0.58969,0.86357,-0.266821,-1.49549,-0.566656,-0.569329,-0.00314896,1.04674
-0.493529,-0.195272,-0.316941,0.693099,1.42733,0.86357,0.15781,0.681488,1.65489,1.70141,0.571662,1.04674
1.76848,-0.195272,-0.316941,0.468205,1.12852,-1.15631,0.974408,0.681488,-0.566656,-0.569329,-0.57796,-0.953958
-0.493529,-0.181836,-0.316941,-0.206479,-0.627042,0.86357,-0.678705,0.681488,1.65489,1.70141,0.111813,1.04674
-0.493529,-0.195272,-0.316941,1.59268,-0.664395,0.86357,0.615901,-1.49549,-0.566656,-0.569329,-0.600952,1.04674
-0.493529,-0.195272,-0.316941,-1.33095,3.81788,0.86357,0.821445,0.681488,-0.566656,-0.569329,-1.03781,-0.953958
0.534656,-0.195272,-0.316941,-1.33095,-0.22812,-1.15631,-0.419784,0.681488,-0.566656,-0.569329,0.755601,-0.953958
-0.493529,0.486481,-0.316941,0.693099,-0.638995,0.86357,0.410358,0.681488,-0.566656,-0.569329,0.801586,1.04674
0.123382,-0.195272,-0.316941,-0.206479,-0.365576,-1.15631,0.217561,-1.49549,-0.566656,-0.569329,0.18079,-0.953958
-0.0822548,-0.162067,-0.316941,-1.33095,0.332165,-1.15631,-0.704996,0.681488,-0.566656,-0.569329,-0.00314896,1.04674
-0.287892,-0.191625,-0.316941,-1.33095,-0.0667578,-1.15631,-0.0278169,-1.49549,-0.566656,-0.569329,0.226775,-0.953958
-0.493529,-0.156117,-0.316941,-1.33095,-0.58969,0.86357,-0.784664,0.681488,1.65489,1.70141,0.571662,1.04674
-0.493529,-0.118498,-0.316941,-1.33095,-0.58969,0.86357,0.516316,0.681488,1.65489,1.70141,-0.0951187,-0.953958
-0.493529,-0.19508,-0.316941,-1.33095,-0.503033,0.86357,-0.592664,0.681488,-0.566656,-0.569329,-0.256066,1.04674
0.534656,0.913536,-0.316941,-1.33095,-0.365576,-1.15631,-0.346489,0.681488,1.65489,1.70141,-0.118111,-0.953958
-0.493529,-0.195272,-0.316941,1.36778,-0.141462,0.86357,-0.512995,-1.49549,-0.566656,-0.569329,1.26143,-0.953958
0.740293,-0.0877882,-0.316941,0.468205,0.244013,-1.15631,2.20289,-1.49549,-0.566656,-0.569329,-0.79064,-0.953958
1.56284,-0.00525623,-0.316941,0.468205,-0.141462,-1.15631,-0.678705,-1.49549,-0.566656,-0.569329,-0.57796,-0.953958
-0.493529,-0.195272,-0.316941,1.59268,-0.664395,0.86357,0.231104,-1.49549,1.65489,1.70141,0.801586,-0.953958
-0.493529,-0.00333688,-0.316941,1.36778,-0.61509,0.86357,-0.658788,-1.49549,-0.566656,-0.569329,0.226775,1.04674
-0.287892,-0.19508,-0.316941,0.0184153,-0.652442,-1.15631,-0.924083,0.681488,-0.566656,-0.569329,-0.462998,1.04674
-0.493529,-0.195272,3.26813,-1.33095,-0.414881,0.86357,-0.618954,0.681488,-0.566656,-0.569329,0.686624,-0.953958
-0.287892,-0.165714,-0.316941,-1.33095,-0.58969,-1.15631,-0.194323,-1.49549,-0.566656,-0.569329,-0.807884,1.04674
-0.493529,-0.195272,3.26813,0.468205,0.704194,0.86357,0.940947,0.681488,-0.566656,-0.569329,-1.03781,-0.953958
1.15157,1.06958,-0.316941,0.468205,3.51906,-1.15631,0.350607,-1.49549,-0.566656,-0.569329,-1.03781,-0.953958
0.94593,0.788202,-0.316941,-1.33095,-0.577737,-1.15631,-0.453244,0.681488,-0.566656,-0.569329,-0.48599,-0.953958
0.740293,-0.00333688,-0.316941,0.917994,1.57674,-1.15631,0.310772,0.681488,-0.566656,-0.569329,-1.03781,-0.953958
0.740293,1.72408,-0.316941,0.693099,0.829698,-1.15631,0.881196,0.681488,-0.566656,-0.569329,1.83625,-0.953958
-0.493529,-0.195272,3.26813,-0.881164,0.00794684,0.86357,-0.0278169,0.681488,-0.566656,-0.569329,0.916548,1.04674
-0.493529,-0.195272,-0.316941,-1.10606,-0.46568,0.86357,-0.732083,0.681488,-0.566656,-0.569329,-1.03781,-0.953958
-0.287892,-0.176462,-0.316941,0.468205,-0.58969,-1.15631,-1.15671,-1.49549,-0.566656,-0.569329,-0.417013,1.04674
-0.493529,-0.195272,-0.316941,-0.656269,-0.58969,0.86357,0.450192,0.681488,-0.566656,-0.569329,0.232523,1.04674
-0.493529,-0.195272,3.26813,-0.206479,-0.577737,0.86357,-1.12325,0.681488,1.65489,1.70141,0.111813,1.04674
-0.493529,-0.195272,3.26813,0.0184153,-0.58969,0.86357,0.701943,0.681488,-0.566656,-0.569329,0.617647,-0.953958
-0.493529,-0.156885,-0.316941,-0.656269,-0.365576,0.86357,0.934574,0.681488,-0.566656,-0.569329,-1.03781,-0.953958
-0.493529,-0.195272,3.26813,-1.10606,-0.638995,0.86357,-0.054904,0.681488,-0.566656,-0.569329,0.410715,1.04674
1.97411,-0.00333688,-0.316941,0.468205,0.979107,-1.15631,0.131519,0.681488,-0.566656,-0.569329,1.30742,-0.953958
-0.493529,-0.195272,-0.316941,1.59268,-0.664395,0.86357,-0.485908,-1.49549,-0.566656,-0.569329,-0.57796,-0.953958
-0.287892,-0.137691,-0.316941,0.468205,-0.652442,-1.15631,0.709113,0.681488,-0.566656,-0.569329,0.111813,-0.953958
-0.493529,-0.194696,-0.316941,1.59268,-0.577737,0.86357,1.44604,0.681488,-0.566656,-0.569329,0.111813,1.04674
-0.493529,-0.195272,-0.316941,-1.33095,1.81281,0.86357,0.317146,0.681488,-0.566656,-0.569329,-1.03781,1.04674
-0.287892,-0.195272,-0.316941,0.917994,0.0946042,-1.15631,-0.200697,-1.49549,1.65489,1.70141,-0.635441,-0.953958
-0.493529,-0.0993043,-0.316941,0.693099,1.05381,0.86357,-0.266821,0.681488,-0.566656,-0.569329,1.76152,-0.953958
-0.493529,-0.195272,3.26813,0.130863,-0.638995,0.86357,-0.360033,-0.407,1.65489,1.70141,-0.57796,1.04674
-0.0822548,-0.19412,-0.316941,-1.33095,-0.652442,-1.15631,-0.57912,0.681488,1.65489,1.70141,-0.302051,1.04674
0.94593,0.0484855,-0.316941,-0.206479,0.680288,-1.15631,0.33069,0.681488,-0.566656,-0.569329,-0.175592,-0.953958
-0.493529,-0.195272,-0.316941,1.36778,-0.638995,0.86357,-0.698622,0.681488,-0.566656,-0.569329,-1.03781,1.04674
-0.287892,-0.0478658,-0.316941,0.468205,-0.365576,-1.15631,-0.871502,-0.407,-0.566656,-0.569329,0.341737,1.04674
-0.493529,-0.19508,-0.316941,0.468205,-0.46568,0.86357,-0.971087,0.681488,-0.566656,-0.569329,-0.118111,1.04674
0.534656,-0.195272,-0.316941,1.36778,0.84165,-1.15631,-0.140946,0.681488,-0.566656,-0.569329,-0.0721262,-0.953958
-0.287892,-0.191049,-0.316941,-1.33095,-0.290872,-1.15631,-0.465991,0.681488,-0.566656,-0.569329,-1.03781,1.04674
0.329019,-0.0993043,-0.316941,-0.206479,-0.503033,-1.15631,-0.121029,-1.49549,-0.566656,-0.569329,1.14647,-0.953958
-0.287892,-0.137691,-0.316941,1.59268,-0.664395,-1.15631,-0.306655,-1.49549,-0.566656,-0.569329,-0.508982,1.04674
-0.493529,-0.195272,-0.316941,-0.656269,-0.601643,0.86357,0.709113,0.681488,-0.566656,-0.569329,2.12365,1.04674
-0.493529,-0.195272,-0.316941,-0.206479,-0.58969,0.86357,-0.094738,0.681488,1.65489,1.70141,0.249768,1.04674
-0.493529,-0.195272,-0.316941,0.693099,-0.58969,0.86357,-0.101111,-0.407,-0.566656,-0.569329,0.686624,1.04674
3.41357,-0.0993043,-0.316941,0.468205,-0.116063,-1.15631,-0.499452,-1.49549,-0.566656,-0.569329,-1.03781,-0.953958
-0.493529,-0.156117,-0.316941,-1.33095,-0.58969,0.86357,-0.784664,0.681488,1.65489,1.70141,0.571662,1.04674
-0.0822548,-0.195272,-0.316941,-0.206479,0.580184,-1.15631,-0.240531,0.681488,-0.566656,-0.569329,0.00259914,-0.953958
-0.493529,-0.192777,-0.316941,-1.33095,-0.340177,0.86357,-1.02367,0.681488,-0.566656,-0.569329,0.801586,1.04674
-0.493529,-0.195272,-0.316941,1.36778,-0.58969,0.86357,-0.473161,-1.49549,1.65489,1.70141,1.08899,-0.953958
1.97411,-0.152854,-0.316941,-1.33095,0.680288,-1.15631,0.251021,0.681488,-0.566656,-0.569329,-1.03781,-0.953958
-0.493529,-0.195272,3.26813,0.0184153,-0.61509,0.86357,0.669279,0.681488,1.65489,1.70141,1.26143,1.04674
-0.493529,-0.00333688,-0.316941,1.59268,-0.664395,0.86357,0.403187,0.681488,-0.566656,-0.569329,-1.03781,1.04674
-0.493529,-0.195272,-0.316941,-1.10606,3.07084,0.86357,0.303602,0.681488,-0.566656,-0.569329,-1.03781,-0.953958
-0.493529,-0.195272,-0.316941,1.36778,-0.58969,0.86357,-0.286738,0.681488,-0.566656,-0.569329,3.10083,1.04674
-0.493529,-0.195272,-0.316941,1.59268,-0.540385,0.86357,-0.991004,0.681488,-0.566656,-0.569329,-0.57796,1.04674
-0.493529,-0.195272,-0.316941,0.693099,-0.58969,0.86357,0.257395,0.681488,-0.566656,-0.569329,-0.100867,-0.953958
-0.493529,-0.195272,-0.316941,0.0184153,0.0826515,0.86357,0.0845151,0.681488,-0.566656,-0.569329,1.03151,-0.953958
-0.493529,-0.195272,-0.316941,1.36778,-0.365576,0.86357,0.237478,0.681488,-0.566656,-0.569329,0.341737,-0.953958
-0.493529,-0.160915,-0.316941,-1.33095,-0.652442,0.86357,-0.0676509,0.681488,1.65489,1.70141,-0.06063,1.04674
1.76848,0.073437,-0.316941,1.59268,-0.664395,-1.15631,2.72073,-1.49549,-0.566656,-0.569329,-1.03781,-0.953958
-0.493529,-0.195272,-0.316941,1.14289,-0.664395,0.86357,-0.857958,0.681488,-0.566656,-0.569329,-1.03781,-0.953958
-0.493529,-0.140378,-0.316941,-1.10606,-0.627042,0.86357,-0.187153,0.681488,-0.566656,-0.569329,-1.03781,1.04674
-0.493529,-0.191433,-0.316941,-0.431374,-0.664395,0.86357,0.0582247,-1.49549,1.65489,1.70141,-0.118111,1.04674
-0.493529,-0.157844,-0.316941,0.693099,-0.58969,0.86357,0.808698,0.681488,1.65489,1.70141,-1.03781,1.04674
-0.287892,-0.195272,-0.316941,0.468205,-0.190767,-1.15631,-0.844415,-1.49549,-0.566656,-0.569329,-1.03781,-0.953958
-0.493529,-0.195272,3.26813,1.59268,-0.664395,0.86357,3.06569,-1.49549,-0.566656,-0.569329,-1.03781,1.04674
-0.493529,-0.195272,-0.316941,-1.33095,-0.58969,0.86357,-0.758373,0.681488,-0.566656,-0.569329,-0.233073,-0.953958
-0.493529,-0.0513206,-0.316941,1.36778,-0.652442,0.86357,-1.04358,0.681488,-0.566656,-0.569329,0.571662,1.04674
-0.287892,-0.191241,-0.316941,1.36778,-0.46568,-1.15631,-1.17026,0.681488,-0.566656,-0.569329,-0.57796,1.04674
0.123382,-0.0476738,-0.316941,1.59268,-0.664395,-1.15631,-0.911336,0.681488,-0.566656,-0.569329,0.974029,1.04674
-0.493529,-0.19508,-0.316941,-0.656269,1.42733,0.86357,-2.47124,0.681488,1.65489,1.70141,-1.03781,1.04674
1.76848,-0.140762,-0.316941,0.693099,-0.0294055,-1.15631,-0.632498,0.681488,-0.566656,-0.569329,0.629143,-0.953958
0.329019,1.25268,-0.316941,0.917994,-0.365576,-1.15631,-0.266821,0.681488,-0.566656,-0.569329,-0.233073,-0.953958
-0.287892,-0.179917,-0.316941,-0.206479,-0.540385,-1.15631,-0.599037,0.681488,1.65489,1.70141,0.571662,1.04674
-0.493529,-0.172815,-0.316941,1.36778,-0.514985,0.86357,1.53208,-1.49549,-0.566656,-0.569329,0.341737,1.04674
-0.493529,-0.195272,-0.316941,1.59268,0.306765,0.86357,-0.698622,-1.49549,1.65489,1.70141,0.571662,1.04674
0.740293,-0.195272,-0.316941,0.917994,-0.577737,-1.15631,-0.732083,0.681488,-0.566656,-0.569329,-0.342287,-0.953958
-0.493529,0.572468,-0.316941,0.0184153,-0.216167,0.86357,-0.678705,0.681488,1.65489,1.70141,-1.03781,1.04674
0.534656,-0.167249,-0.316941,1.59268,-0.664395,-1.15631,0.0183906,0.681488,-0.566656,-0.569329,-0.0261414,1.04674
0.123382,2.70448,-0.316941,0.0184153,-0.58969,-1.15631,-0.439701,0.681488,-0.566656,-0.569329,0.4567,-0.953958
-0.493529,-0.176078,-0.316941,-0.656269,-0.627042,0.86357,-1.08342,0.681488,-0.566656,-0.569329,-0.692922,1.04674
-0.287892,-0.194888,-0.316941,-1.33095,-0.365576,-1.15631,-0.911336,-1.49549,1.65489,1.70141,10.4584,1.04674
-0.493529,-0.195272,1.47559,0.130863,-0.664395,0.86357,-0.625327,0.681488,2.76567,1.70141,-1.03781,1.04674
-0.287892,-0.140954,-0.316941,0.693099,-0.577737,-1.15631,-0.718539,0.681488,-0.566656,-0.569329,1.3764,1.04674
-0.493529,-0.193352,-0.316941,-0.656269,-0.627042,0.86357,-0.704996,0.681488,-0.566656,-0.569329,-0.118111,1.04674
-0.493529,-0.195272,-0.316941,-0.881164,-0.46568,0.86357,-0.752,0.681488,1.65489,1.70141,-0.118111,1.04674
0.123382,-0.166481,-0.316941,-1.33095,0.605584,-1.15631,-0.320199,0.681488,-0.566656,-0.569329,0.755601,-0.953958
-0.493529,-0.19508,-0.316941,-1.33095,0.157356,0.86357,-0.453244,-1.49549,-0.566656,-0.569329,1.03151,-0.953958
-0.493529,-0.192009,-0.316941,1.14289,-0.0667578,0.86357,-0.121029,-0.407,1.65489,1.70141,0.433707,1.04674
-0.493529,-0.127903,-0.316941,-1.33095,-0.61509,0.86357,-0.811751,-1.49549,-0.566656,-0.569329,-1.03781,1.04674
-0.493529,-0.147096,-0.316941,0.468205,-0.61509,0.86357,-0.266821,0.681488,-0.566656,-0.569329,0.226775,1.04674
-0.493529,-0.194888,-0.316941,0.693099,-0.577737,0.86357,0.410358,0.681488,1.65489,1.70141,0.738357,1.04674
-0.493529,-0.176078,-0.316941,-1.33095,2.16243,0.86357,1.69779,0.681488,1.65489,1.70141,0.111813,-0.953958
-0.493529,-0.156885,-0.316941,-0.656269,0.0826515,0.86357,0.251021,0.681488,-0.566656,-0.569329,0.295753,1.04674
-0.493529,-0.195272,3.26813,-1.33095,-0.414881,0.86357,-2.47124,0.681488,-0.566656,-0.569329,0.801586,-0.953958
-0.287892,-0.195272,-0.316941,-0.881164,0.617537,-1.15631,-0.346489,0.681488,-0.566656,-0.569329,-0.348035,-0.953958
-0.493529,-0.195272,3.26813,-0.206479,-0.58969,0.86357,-0.260448,0.681488,-0.566656,-0.569329,-0.233073,1.04674
-0.493529,-0.195272,-0.316941,1.36778,0.232061,0.86357,1.71134,-1.49549,-0.566656,-0.569329,-1.03781,1.04674
-0.493529,0.0814983,-0.316941,0.693099,0.281366,0.86357,0.914657,0.681488,1.65489,1.70141,-0.738907,-0.953958
-0.493529,-0.195272,-0.316941,0.693099,-0.627042,0.86357,-0.37995,0.681488,-0.566656,-0.569329,-0.462998,1.04674
-0.493529,-0.195272,-0.316941,0.693099,-0.402929,0.86357,-0.599037,-1.49549,-0.566656,-0.569329,-0.118111,1.04674
2.59103,-0.00333688,-0.316941,1.59268,4.71434,-1.15631,2.31522,0.681488,-0.566656,-0.569329,-1.03781,-0.953958
-0.493529,-0.118498,-0.316941,0.468205,-0.365576,0.86357,-0.931253,0.681488,-0.566656,-0.569329,-0.692922,-0.953958
-0.493529,-0.195272,-0.316941,-1.10606,0.605584,0.86357,-2.47124,0.681488,1.65489,1.70141,1.60632,1.04674
-0.493529,-0.195272,-0.316941,0.693099,-0.316271,0.86357,0.423104,0.681488,-0.566656,-0.569329,0.111813,-0.953958
-0.493529,-0.195272,-0.316941,1.36778,-0.528432,0.86357,-0.300282,0.681488,-0.566656,-0.569329,0.111813,-0.953958
-0.287892,-0.195272,-0.316941,0.468205,-0.552338,-1.15631,-0.824498,0.681488,-0.566656,-0.569329,-0.118111,-0.953958
-0.493529,-0.195272,-0.316941,1.59268,-0.664395,0.86357,-0.704996,0.681488,1.65489,1.70141,-0.462998,1.04674
1.76848,-0.0916269,-0.316941,-1.33095,-0.141462,-1.15631,-0.0676509,0.681488,-0.566656,-0.569329,-0.853869,-0.953958
-0.287892,-0.177998,-0.316941,0.468205,-0.601643,-1.15631,0.974408,0.681488,-0.566656,-0.569329,3.33075,-0.953958
3.0023,-0.195272,-0.316941,-1.10606,3.81788,-1.15631,2.03638,0.681488,-0.566656,-0.569329,-1.03781,-0.953958
-0.493529,-0.195272,-0.316941,0.468205,1.12852,0.86357,1.39904,0.681488,-0.566656,-0.569329,0.974029,-0.953958
-0.493529,-0.195272,-0.316941,-1.10606,-0.290872,0.86357,0.0781417,-1.49549,-0.566656,-0.569329,0.525677,1.04674
0.123382,-0.192585,-0.316941,0.693099,-0.141462,-1.15631,1.37275,0.681488,-0.566656,-0.569329,-0.348035,-0.953958
-0.493529,-0.195272,3.26813,-1.33095,-0.58969,0.86357,-1.0635,0.681488,-0.566656,-0.569329,-0.57796,1.04674
-0.287892,-0.110053,-0.316941,0.693099,-0.61509,-1.15631,-0.446074,0.681488,-0.566656,-0.569329,0.525677,1.04674
-0.493529,-0.19508,-0.316941,1.59268,-0.664395,0.86357,-0.971087,0.681488,1.65489,1.70141,-0.00314896,1.04674
-0.493529,-0.195272,-0.316941,1.59268,-0.664395,0.86357,1.57192,0.681488,-0.566656,-0.569329,-0.204333,1.04674
1.15157,-0.195272,-0.316941,0.917994,1.7142,-1.15631,0.874822,0.681488,-0.566656,-0.569329,-1.03781,-0.953958
-0.493529,-0.168209,-0.316941,-0.881164,0.38147,0.86357,0.171353,-0.407,1.65489,1.70141,0.111813,1.04674
-0.493529,-0.195272,-0.316941,-0.656269,-0.664395,0.86357,0.217561,0.681488,-0.566656,-0.569329,-0.00314896,1.04674
-0.493529,-0.168401,-0.316941,-1.33095,-0.577737,0.86357,-0.167236,0.681488,-0.566656,-0.569329,0.226775,1.04674
-0.493529,-0.0399964,-0.316941,0.468205,-0.58969,0.86357,-0.645244,-1.49549,-0.566656,-0.569329,-0.348035,1.04674
-0.493529,-0.195272,-0.316941,1.59268,-0.664395,0.86357,-0.512995,0.681488,1.65489,1.70141,-1.03781,1.04674
-0.493529,-0.195272,3.26813,-1.33095,-0.0667578,0.86357,-0.824498,0.681488,1.65489,1.70141,0.341737,1.04674
-0.493529,-0.195272,-0.316941,-1.33095,-0.638995,0.86357,-0.60541,0.681488,-0.566656,-0.569329,-0.00314896,-0.953958
-0.0822548,0.131785,-0.316941,0.917994,3.48171,-1.15631,1.30662,-1.49549,-0.566656,-0.569329,1.94546,-0.953958
0.740293,0.202417,-0.316941,-0.881164,0.157356,-1.15631,0.144266,0.681488,-0.566656,-0.569329,-0.118111,-0.953958
0.123382,-0.0190755,-0.316941,1.36778,0.0826515,-1.15631,-0.758373,-1.49549,-0.566656,-0.569329,-0.57796,-0.953958
-0.493529,-0.195272,-0.316941,1.36778,1.87556,0.86357,-2.47124,0.681488,1.65489,1.70141,-1.03781,-0.953958
2.59103,1.95478,-0.316941,-0.206479,1.21517,-1.15631,1.71134,0.681488,-0.566656,-0.569329,-1.03781,-0.953958
-0.493529,-0.00333688,-0.316941,-0.656269,-0.652442,0.86357,-0.818124,-1.49549,-0.566656,-0.569329,0.111813,1.04674
-0.493529,-0.123296,-0.316941,1.36778,-0.627042,0.86357,-1.00375,0.681488,1.65489,1.70141,-0.348035,-0.953958
-0.0822548,-0.0993043,-0.316941,0.468205,-0.365576,-1.15631,-0.200697,-1.49549,-0.566656,-0.569329,-0.0778744,-0.953958
-0.493529,-0.195272,3.26813,0.0184153,-0.514985,0.86357,-0.638871,0.681488,-0.566656,-0.569329,0.801586,-0.953958
-0.493529,-0.195272,-0.316941,-0.206479,-0.440281,0.86357,-0.712166,0.681488,-0.566656,-0.569329,-0.00314896,1.04674
-0.493529,1.83175,-0.316941,0.468205,2.62261,0.86357,2.35506,-1.49549,-0.566656,-0.569329,-0.917098,-0.953958
1.97411,0.286485,-0.316941,0.0184153,0.0826515,-1.15631,1.32654,0.681488,-0.566656,-0.569329,1.31892,-0.953958
0.740293,-0.0801108,-0.316941,-1.33095,0.00794684,-1.15631,-0.493078,0.681488,-0.566656,-0.569329,-1.03781,-0.953958
-0.493529,-0.195272,-0.316941,-0.656269,-0.440281,0.86357,0.968034,0.681488,-0.566656,-0.569329,2.18113,-0.953958
-0.493529,-0.156885,-0.316941,0.693099,-0.664395,0.86357,0.310772,0.681488,-0.566656,-0.569329,0.335989,-0.953958
-0.0822548,-0.175119,-0.316941,1.59268,-0.664395,-1.15631,-2.47124,-1.49549,-0.566656,-0.569329,0.111813,1.04674
-0.493529,-0.195272,-0.316941,1.36778,-0.627042,0.86357,0.243851,0.681488,-0.566656,-0.569329,1.5086,-0.953958
-0.287892,-0.195272,-0.316941,0.693099,-0.290872,-1.15631,-0.01507,0.681488,-0.566656,-0.569329,0.123309,-0.953958
-0.0822548,0.764402,-0.316941,0.468205,0.829698,-1.15631,-0.326572,-1.49549,-0.566656,-0.569329,-1.03781,-0.953958
1.3572,-0.169552,-0.316941,0.24331,0.941755,-1.15631,0.297229,0.681488,-0.566656,-0.569329,-1.03781,-0.953958
-0.287892,-0.19316,-0.316941,0.917994,0.25746,-1.15631,-0.286738,-1.49549,-0.566656,-0.569329,-0.348035,-0.953958
-0.493529,-0.195272,-0.316941,-1.10606,0.232061,0.86357,-2.47124,-1.49549,-0.566656,-0.569329,0.686624,-0.953958
1.97411,-0.194696,-0.316941,0.468205,-0.638995,-1.15631,-0.034987,-1.49549,-0.566656,-0.569329,-0.296302,1.04674
0.123382,-0.00333688,-0.316941,1.36778,-0.514985,-1.15631,0.709113,0.681488,1.65489,1.70141,0.111813,-0.953958
-0.287892,-0.191433,-0.316941,0.917994,-0.166862,-1.15631,-0.473161,0.681488,-0.566656,-0.569329,1.23269,-0.953958
-0.493529,-0.149783,-0.316941,1.36778,-0.46568,0.86357,0.841362,-1.49549,-0.566656,-0.569329,0.341737,1.04674
0.123382,-0.195272,-0.316941,0.0184153,-0.377529,-1.15631,-0.220614,0.681488,-0.566656,-0.569329,1.23844,-0.953958
-0.493529,-0.195272,-0.316941,-1.33095,-0.514985,0.86357,0.0319342,0.681488,-0.566656,-0.569329,-0.348035,-0.953958
-0.493529,-0.195272,-0.316941,0.917994,1.27793,0.86357,-2.47124,0.681488,-0.566656,-0.569329,-1.03781,-0.953958
1.56284,-0.195272,-0.316941,-0.206479,-0.58969,-1.15631,0.450192,0.681488,1.65489,1.70141,0.801586,-0.953958
-0.493529,-0.104103,-0.316941,1.36778,-0.652442,0.86357,-0.519369,0.681488,1.65489,1.70141,-0.348035,1.04674
0.534656,-0.184139,-0.316941,0.693099,-0.141462,-1.15631,2.26901,0.681488,-0.566656,-0.569329,-0.692922,-0.953958
-0.493529,-0.18913,-0.316941,0.917994,-0.664395,0.86357,-0.844415,-1.49549,1.65489,1.70141,-0.1526,1.04674
-0.0822548,-0.082606,-0.316941,-1.33095,-0.377529,-1.15631,-1.02367,0.681488,-0.566656,-0.569329,-0.118111,1.04674
-0.493529,-0.19508,-0.316941,1.36778,-0.627042,0.86357,-1.17026,-1.49549,-0.566656,-0.569329,0.111813,1.04674
-0.493529,-0.195272,-0.316941,0.468205,-0.190767,0.86357,-0.525742,0.681488,-0.566656,-0.569329,-0.348035,-0.953958
0.94593,-0.195272,-0.316941,0.468205,0.829698,-1.15631,1.17995,-1.49549,-0.566656,-0.569329,-1.03781,-0.953958
-0.0822548,-0.00333688,-0.316941,0.693099,-0.141462,-1.15631,-1.3758,0.681488,1.65489,1.70141,-0.348035,-0.953958
2.59103,-0.147864,-0.316941,-0.431374,-0.664395,-1.15631,2.03001,-1.49549,-0.566656,-0.569329,-1.03781,-0.953958
-0.287892,-0.193544,-0.316941,-0.656269,-0.190767,-1.15631,-0.665162,0.681488,-0.566656,-0.569329,1.26143,1.04674
-0.493529,-0.195272,-0.316941,1.36778,0.530879,0.86357,-0.426157,0.681488,1.65489,1.70141,0.0428359,-0.953958
-0.287892,-0.171088,-0.316941,1.59268,-0.664395,-1.15631,-1.19017,-1.49549,-0.566656,-0.569329,-0.118111,1.04674
1.76848,-0.140762,-0.316941,-1.33095,0.120004,-1.15631,1.85713,0.681488,-0.566656,-0.569329,-1.03781,-0.953958
2.38539,-0.164946,-0.316941,1.36778,-0.0787105,-1.15631,-0.864332,0.681488,-0.566656,-0.569329,-0.692922,-0.953958
-0.493529,-0.195272,-0.316941,0.468205,-0.627042,0.86357,2.28256,0.681488,-0.566656,-0.569329,0.4567,-0.953958
0.534656,0.0791951,-0.316941,-1.33095,0.0826515,-1.15631,-0.187153,-1.49549,-0.566656,-0.569329,0.686624,-0.953958
-0.0822548,-0.0993043,-0.316941,-0.881164,-0.58969,-1.15631,-0.260448,0.681488,1.65489,1.70141,0.4567,-0.953958
-0.493529,-0.195272,-0.316941,0.468205,-0.638995,0.86357,-1.20292,-1.49549,-0.566656,-0.569329,-0.348035,1.04674
1.56284,-0.195272,-0.316941,-0.881164,0.38147,-1.15631,0.635818,0.681488,-0.566656,-0.569329,-1.03781,-0.953958
0.94593,0.262301,-0.316941,0.468205,0.0198996,-1.15631,-0.652415,-1.49549,-0.566656,-0.569329,-0.233073,-0.953958
-0.287892,-0.137691,-0.316941,0.693099,0.00794684,-1.15631,-0.798207,0.681488,1.65489,1.70141,-0.57796,-0.953958
-0.287892,-0.194504,-0.316941,0.693099,-0.58969,-1.15631,-0.57912,-1.49549,-0.566656,-0.569329,0.341737,1.04674
-0.493529,-0.195272,3.26813,0.0184153,-0.0667578,0.86357,-0.266821,-1.49549,-0.566656,-0.569329,1.0775,-0.953958
-0.493529,-0.0371174,-0.316941,0.468205,-0.216167,0.86357,-0.519369,-1.49549,-0.566656,-0.569329,0.571662,-0.953958
-0.493529,-0.190857,-0.316941,-1.33095,-0.58969,0.86357,-0.419784,0.681488,-0.566656,-0.569329,0.968281,-0.953958
-0.0822548,-0.187978,-0.316941,0.468205,-0.552338,-1.15631,-0.983834,0.681488,-0.566656,-0.569329,-1.03781,-0.953958
1.76848,0.380533,-0.316941,-1.33095,-0.0667578,-1.15631,-0.838041,0.681488,-0.566656,-0.569329,0.111813,-0.953958
-0.493529,5.80941,-0.316941,0.24331,1.27793,0.86357,0.171353,0.681488,-0.566656,-0.569329,-0.0951187,-0.953958
-0.493529,-0.18721,-0.316941,-1.10606,-0.540385,0.86357,-0.991004,-1.49549,-0.566656,-0.569329,-0.57796,1.04674
-0.287892,-0.164562,-0.316941,0.468205,-0.627042,-1.15631,-1.21009,-1.49549,-0.566656,-0.569329,-1.03781,1.04674
0.123382,-0.195272,-0.316941,0.468205,-0.514985,-1.15631,0.808698,-1.49549,-0.566656,-0.569329,-0.204333,-0.953958
-0.287892,-0.183948,-0.316941,0.917994,-0.652442,-1.15631,-0.724913,0.681488,1.65489,1.70141,3.7906,-0.953958
-0.493529,-0.195272,-0.316941,0.468205,-0.627042,0.86357,-0.871502,0.681488,-0.566656,-0.569329,0.111813,1.04674
-0.493529,-0.193928,-0.316941,0.468205,-0.216167,0.86357,-0.844415,0.681488,-0.566656,-0.569329,-0.417013,1.04674
-0.0822548,-0.19508,-0.316941,1.59268,-0.664395,-1.15631,0.682026,0.681488,-0.566656,-0.569329,-0.94009,1.04674
-0.493529,-0.19508,-0.316941,0.130863,-0.664395,0.86357,0.89474,-0.407,1.65489,1.70141,-0.175592,1.04674
-0.287892,-0.0993043,-0.316941,1.36778,0.38147,-1.15631,0.715486,0.681488,-0.566656,-0.569329,-1.03781,-0.953958
-0.493529,-0.195272,-0.316941,1.36778,-0.638995,0.86357,-0.971087,-1.49549,-0.566656,-0.569329,-0.462998,-0.953958
-0.493529,-0.195272,-0.316941,-1.33095,-0.58969,0.86357,-0.618954,0.681488,-0.566656,-0.569329,-0.118111,-0.953958
-0.493529,-0.195272,3.26813,-1.33095,0.829698,0.86357,0.490026,0.681488,-0.566656,-0.569329,0.571662,-0.953958
-0.287892,0.188598,-0.316941,0.0184153,-0.652442,-1.15631,0.243851,0.681488,1.65489,1.70141,0.571662,-0.953958
-0.493529,-0.195272,-0.316941,-0.656269,-0.638995,0.86357,-0.665162,-1.49549,-0.566656,-0.569329,-0.210081,1.04674
-0.287892,3.26474,-0.316941,-1.33095,-0.054805,-1.15631,0.171353,0.681488,1.65489,1.70141,-0.00314896,-0.953958
-0.493529,-0.195272,-0.316941,-1.33095,0.829698,0.86357,2.50802,0.681488,1.65489,1.70141,-0.39402,-0.953958
-0.287892,-0.19316,-0.316941,0.468205,-0.540385,-1.15631,-0.592664,-1.49549,-0.566656,-0.569329,0.111813,1.04674
1.3572,-0.195272,-0.316941,-0.881164,-0.477633,-1.15631,0.0183906,-1.49549,-0.566656,-0.569329,0.00259914,-0.953958
-0.493529,-0.137691,-0.316941,0.693099,-0.414881,0.86357,-0.612581,0.681488,1.65489,1.70141,-0.118111,-0.953958
-0.493529,-0.195272,-0.316941,-1.33095,-0.58969,0.86357,-0.738456,-1.49549,-0.566656,-0.569329,-0.00314896,1.04674
-0.493529,-0.195272,-0.316941,-1.10606,-0.440281,0.86357,-0.340116,0.681488,-0.566656,-0.569329,-0.57796,1.04674
-0.287892,-0.195272,-0.316941,0.917994,-0.526938,-1.15631,-0.625327,0.681488,-0.566656,-0.569329,-0.462998,-0.953958
-0.493529,-0.19508,-0.316941,1.59268,-0.664395,0.86357,-0.293908,-1.49549,-0.566656,-0.569329,0.916548,1.04674
-0.493529,0.572468,-0.316941,-0.656269,-0.514985,0.86357,-0.326572,0.681488,-0.566656,-0.569329,2.64098,1.04674
-0.0822548,-0.19508,-0.316941,1.59268,-0.664395,-1.15631,0.0980587,0.681488,1.65489,1.70141,-0.118111,1.04674
-0.493529,-0.195272,3.26813,-1.10606,-0.489586,0.86357,-0.0214434,0.681488,-0.566656,-0.569329,-1.03781,1.04674
1.15157,0.0350501,-0.316941,-0.881164,0.269413,-1.15631,-0.0676509,0.681488,-0.566656,-0.569329,0.859067,-0.953958
-0.493529,-0.194888,-0.316941,-1.33095,-0.178815,0.86357,1.10028,0.681488,1.65489,1.70141,-0.118111,1.04674
2.59103,0.764402,-0.316941,-0.656269,1.60214,-1.15631,1.47233,0.681488,-0.566656,-0.569329,-1.03781,-0.953958
-0.287892,-0.194312,-0.316941,-1.33095,-0.141462,-1.15631,-1.04358,-1.49549,-0.566656,-0.569329,-0.57796,1.04674
1.56284,-0.193352,-0.316941,1.36778,-0.141462,-1.15631,-1.09059,-1.49549,-0.566656,-0.569329,-1.03781,1.04674
-0.493529,-0.194312,-0.316941,1.14289,-0.652442,0.86357,0.516316,0.681488,-0.566656,-0.569329,-0.348035,1.04674
-0.493529,-0.195272,-0.316941,1.14289,-0.365576,0.86357,-0.811751,-1.49549,1.65489,1.70141,0.4567,1.04674
-0.493529,-0.195272,-0.316941,0.0184153,-0.652442,0.86357,0.0645981,0.681488,1.65489,1.70141,-1.03781,1.04674
-0.287892,-0.19508,-0.316941,1.59268,-0.0667578,-1.15631,-0.459618,-1.49549,1.65489,1.70141,0.111813,1.04674
-0.493529,-0.195272,-0.316941,-1.33095,0.530879,0.86357,0.337063,0.681488,1.65489,1.70141,-0.57796,-0.953958
-0.0822548,-0.0818382,-0.316941,1.36778,-0.440281,-1.15631,-0.963917,-1.49549,-0.566656,-0.569329,-0.531975,-0.953958
-0.287892,-0.185099,-0.316941,-0.431374,-0.664395,-1.15631,-0.638871,-1.49549,-0.566656,-0.569329,0.111813,1.04674
-0.493529,-0.148056,-0.316941,-0.656269,-0.601643,0.86357,0.502773,-1.49549,-0.566656,-0.569329,0.4567,1.04674
-0.493529,-0.195272,-0.316941,1.59268,-0.664395,0.86357,-0.791834,-1.49549,1.65489,1.70141,-1.03781,1.04674
-0.493529,-0.195272,-0.316941,0.0184153,-0.627042,0.86357,1.39267,0.681488,-0.566656,-0.569329,0.255516,-0.953958
0.94593,0.586095,-0.316941,0.917994,-0.440281,-1.15631,0.171353,0.681488,-0.566656,-0.569329,0.916548,-0.953958
-0.493529,-0.195272,-0.316941,-1.10606,-0.514985,0.86357,-0.877875,0.681488,-0.566656,-0.569329,-0.210081,1.04674
1.3572,0.12238,-0.316941,-1.33095,3.07084,-1.15631,1.41258,0.681488,-0.566656,-0.569329,0.00259914,-0.953958
-0.493529,-0.195272,-0.316941,-0.656269,0.829698,0.86357,1.06045,0.681488,-0.566656,-0.569329,0.801586,-0.953958
0.123382,-0.0835656,-0.316941,0.468205,0.0452991,-1.15631,-0.618954,0.681488,-0.566656,-0.569329,-1.03781,-0.953958
-0.493529,-0.195272,-0.316941,-0.206479,-0.514985,0.86357,-1.03084,0.681488,-0.566656,-0.569329,-0.57796,-0.953958
-0.493529,-0.195272,-0.316941,-1.33095,1.12852,0.86357,-0.838041,-1.49549,-0.566656,-0.569329,0.916548,-0.953958
-0.493529,-0.195272,3.26813,1.36778,0.38147,0.86357,1.36637,0.681488,-0.566656,-0.569329,0.284256,-0.953958
-0.493529,-0.194888,-0.316941,0.24331,-0.440281,0.86357,-0.764747,0.681488,1.65489,1.70141,-0.279058,1.04674
-0.493529,-0.182412,-0.316941,0.693099,-0.440281,0.86357,-0.240531,0.681488,-0.566656,-0.569329,0.686624,1.04674
-0.0822548,-0.19508,-0.316941,1.36778,-0.365576,-1.15631,-1.19655,-1.49549,-0.566656,-0.569329,0.801586,1.04674
0.123382,-0.188938,-0.316941,0.693099,-0.652442,-1.15631,-0.0477339,-1.49549,-0.566656,-0.569329,-1.03781,1.04674
-0.287892,-0.195272,-0.316941,-1.33095,-0.340177,-1.15631,-0.18078,-1.49549,-0.566656,-0.569329,1.09474,-0.953958
-0.493529,-0.195272,3.26813,1.14289,-0.190767,0.86357,0.104432,0.681488,-0.566656,-0.569329,1.3764,-0.953958
-0.493529,-0.19412,-0.316941,-1.33095,0.0333464,0.86357,-0.957543,0.681488,1.65489,1.70141,-0.39402,1.04674
-0.493529,-0.195272,-0.316941,0.0184153,-0.652442,0.86357,-1.03084,0.681488,1.65489,1.70141,-0.233073,1.04674
-0.493529,-0.195272,-0.316941,-1.33095,-0.216167,0.86357,0.237478,0.681488,1.65489,1.70141,-0.692922,1.04674
-0.493529,-0.195272,-0.316941,-1.33095,-0.290872,0.86357,0.104432,0.681488,-0.566656,-0.569329,0.571662,1.04674
0.740293,-0.124832,-0.316941,-1.33095,0.0826515,-1.15631,0.416731,0.681488,-0.566656,-0.569329,-1.03781,-0.953958
1.76848,-0.188554,-0.316941,0.693099,-0.0667578,-1.15631,-0.254074,0.681488,-0.566656,-0.569329,1.45687,-0.953958
-0.493529,-0.125407,-0.316941,-0.206479,-0.577737,0.86357,-0.917709,0.681488,-0.566656,-0.569329,0.571662,1.04674
2.38539,0.112208,-0.316941,0.468205,0.530879,-1.15631,2.1758,-1.49549,-0.566656,-0.569329,-1.03781,-0.953958
1.76848,0.329094,-0.316941,-0.206479,-0.58969,-1.15631,1.39904,0.681488,1.65489,1.70141,1.14647,-0.953958
0.740293,-0.195272,-0.316941,0.468205,0.829698,-1.15631,0.828615,0.681488,-0.566656,-0.569329,1.6638,-0.953958
0.740293,-0.163027,-0.316941,0.468205,1.02841,-1.15631,-0.187153,0.681488,-0.566656,-0.569329,1.15222,-0.953958
0.94593,-0.195272,-0.316941,-0.656269,1.87556,-1.15631,0.277312,0.681488,1.65489,1.70141,0.0830726,-0.953958
-0.287892,0.342722,-0.316941,0.693099,-0.577737,-1.15631,-0.121029,0.681488,-0.566656,-0.569329,0.916548,1.04674
2.38539,0.246178,-0.316941,0.468205,1.72615,-1.15631,0.741777,-1.49549,1.65489,1.70141,-1.03781,-0.953958
-0.493529,-0.195272,3.26813,0.0184153,-0.638995,0.86357,-1.17663,0.681488,-0.566656,-0.569329,0.111813,-0.953958
-0.493529,-0.195272,-0.316941,0.693099,-0.141462,0.86357,-0.127402,0.681488,-0.566656,-0.569329,0.111813,1.04674
-0.287892,-0.19508,-0.316941,0.693099,-0.365576,-1.15631,-1.01729,-1.49549,-0.566656,-0.569329,-0.348035,1.04674
-0.493529,-0.195272,-0.316941,-0.656269,-0.664395,0.86357,-0.346489,0.681488,-0.566656,-0.569329,-0.0146452,1.04674
1.97411,-0.0584222,-0.316941,-0.881164,-0.116063,-1.15631,-0.300282,0.681488,-0.566656,-0.569329,2.31334,-0.953958
-0.0822548,-0.187402,-0.316941,-1.33095,0.0826515,-1.15631,0.00484705,0.681488,-0.566656,-0.569329,-0.118111,1.04674
-0.287892,-0.194696,-0.316941,0.693099,0.00794684,-1.15631,-0.254074,0.681488,-0.566656,-0.569329,-0.462998,1.04674
-0.0822548,-0.174543,-0.316941,-1.33095,-0.58969,-1.15631,-0.127402,0.681488,-0.566656,-0.569329,1.26143,1.04674
-0.493529,-0.195272,-0.316941,0.917994,-0.402929,0.86357,-0.465991,-1.49549,-0.566656,-0.569329,1.03151,-0.953958
-0.287892,9.40147,-0.316941,-0.881164,-0.204214,-1.15631,0.251021,0.681488,-0.566656,-0.569329,1.95121,-0.953958
-0.493529,-0.186827,-0.316941,-0.881164,-0.552338,0.86357,0.211187,-1.49549,-0.566656,-0.569329,0.686624,1.04674
-0.493529,-0.185675,-0.316941,1.59268,-0.664395,0.86357,-1.04358,-1.49549,-0.566656,-0.569329,-1.03781,1.04674
-0.287892,-0.185675,-0.316941,-0.881164,-0.564291,-1.15631,-0.818124,-1.49549,-0.566656,-0.569329,-0.57796,-0.953958
-0.287892,-0.176078,-0.316941,1.59268,-0.664395,-1.15631,2.63389,-1.49549,-0.566656,-0.569329,0.295753,-0.953958
-0.493529,-0.195272,3.26813,-0.656269,-0.664395,0.86357,0.761694,0.681488,-0.566656,-0.569329,0.686624,1.04674
-0.493529,-0.195272,-0.316941,-0.206479,-0.414881,0.86357,-0.904166,0.681488,1.65489,1.70141,-0.233073,-0.953958
0.534656,-0.0628367,-0.316941,-1.33095,-0.141462,-1.15631,-1.19017,0.681488,-0.566656,-0.569329,0.985525,-0.953958
-0.493529,-0.187594,-0.316941,-0.206479,-0.652442,0.86357,-1.09696,0.681488,-0.566656,-0.569329,-0.118111,1.04674
-0.493529,-0.195272,-0.316941,-0.656269,-0.365576,0.86357,0.317146,0.681488,-0.566656,-0.569329,0.169294,1.04674
-0.287892,-0.19412,-0.316941,0.693099,-0.638995,-1.15631,-1.19655,0.681488,-0.566656,-0.569329,-1.03781,1.04674
-0.493529,-0.195272,-0.316941,-0.206479,-0.664395,0.86357,0.111602,0.681488,1.65489,1.70141,-0.348035,1.04674
-0.493529,-0.191433,-0.316941,-0.881164,-0.0667578,0.86357,-0.924083,0.681488,1.65489,1.70141,-0.462998,-0.953958
-0.493529,-0.195272,-0.316941,-1.33095,-0.638995,0.86357,-0.00152639,0.681488,-0.566656,-0.569329,0.686624,1.04674
0.94593,0.371704,-0.316941,0.693099,-0.22812,-1.15631,-0.924083,0.681488,-0.566656,-0.569329,-0.57796,-0.953958
1.97411,-0.195272,-0.316941,0.0184153,0.605584,-1.15631,0.502773,0.681488,-0.566656,-0.569329,-0.503234,-0.953958
-0.493529,-0.195272,-0.316941,-1.10606,-0.514985,0.86357,-0.140946,0.681488,-0.566656,-0.569329,0.27276,1.04674
-0.493529,-0.19508,-0.316941,-0.881164,-0.627042,0.86357,-0.565576,0.681488,1.65489,1.70141,0.341737,1.04674
-0.493529,0.91795,-0.316941,0.693099,-0.652442,0.86357,0.509943,0.681488,-0.566656,-0.569329,1.26143,-0.953958
-0.493529,-0.195272,-0.316941,-1.33095,-0.61509,0.86357,-1.15671,0.681488,-0.566656,-0.569329,-0.279058,1.04674
-0.493529,-0.195272,-0.316941,-1.33095,0.0826515,0.86357,1.06045,-1.49549,-0.566656,-0.569329,-1.03781,-0.953958
1.15157,-0.195272,-0.316941,-0.881164,1.42733,-1.15631,0.808698,0.681488,-0.566656,-0.569329,0.801586,-0.953958
-0.493529,0.0369694,-0.316941,-1.33095,0.0826515,0.86357,-0.340116,0.681488,1.65489,1.70141,0.111813,1.04674
0.740293,-0.156885,-0.316941,1.59268,-0.664395,-1.15631,0.33069,-1.49549,-0.566656,-0.569329,-1.03781,1.04674
-0.493529,-0.190089,-0.316941,-0.431374,-0.664395,0.86357,1.4325,-1.49549,-0.566656,-0.569329,-0.462998,-0.953958
0.94593,0.380533,-0.316941,-1.33095,0.979107,-1.15631,2.07622,-1.49549,-0.566656,-0.569329,-1.03781,-0.953958
0.123382,-0.195272,-0.316941,0.693099,0.38147,-1.15631,-0.147319,0.681488,-0.566656,-0.569329,0.853319,-0.953958
-0.493529,-0.137691,-0.316941,-0.656269,0.00794684,0.86357,0.821445,-1.49549,-0.566656,-0.569329,-1.03781,-0.953958
-0.493529,-0.195272,3.26813,0.0184153,2.5479,0.86357,1.05408,0.681488,-0.566656,-0.569329,1.26143,-0.953958
1.15157,-0.164178,-0.316941,-1.33095,-0.552338,-1.15631,0.960864,0.681488,1.65489,1.70141,0.686624,-0.953958
0.534656,-0.195272,-0.316941,0.917994,-0.627042,-1.15631,0.649362,0.681488,-0.566656,-0.569329,1.72128,-0.953958
-0.493529,0.802789,-0.316941,1.59268,-0.664395,0.86357,-2.47124,-1.49549,-0.566656,-0.569329,-1.03781,1.04674
0.534656,-0.0993043,-0.316941,1.14289,0.00794684,-1.15631,-0.0811945,-1.49549,-0.566656,-0.569329,-0.468746,-0.953958
-0.493529,-0.195272,3.26813,-1.33095,0.0826515,0.86357,-0.838041,0.681488,1.65489,1.70141,-0.807884,-0.953958
-0.493529,-0.195272,-0.316941,1.36778,-0.514985,0.86357,-0.459618,0.681488,-0.566656,-0.569329,0.111813,1.04674
-0.493529,-0.195272,-0.316941,-0.656269,-0.638995,0.86357,-2.47124,0.681488,1.65489,1.70141,1.32466,1.04674
-0.0822548,-0.195272,-0.316941,1.36778,-0.141462,-1.15631,0.151436,0.681488,-0.566656,-0.569329,3.10083,1.04674
0.329019,-0.133661,-0.316941,0.917994,-0.440281,-1.15631,-0.685079,-1.49549,1.65489,1.70141,-1.03781,-0.953958
1.97411,-0.0864447,-0.316941,1.36778,-0.216167,-1.15631,-0.499452,-1.49549,-0.566656,-0.569329,-0.348035,-0.953958
-0.493529,-0.191817,-0.316941,-1.33095,-0.365576,0.86357,-1.21646,-1.49549,-0.566656,-0.569329,-0.348035,1.04674
-0.493529,-0.0801108,-0.316941,0.917994,0.0826515,0.86357,0.854905,0.681488,-0.566656,-0.569329,1.89373,-0.953958
-0.493529,-0.195272,3.26813,-0.656269,-0.514985,0.86357,0.781611,-0.407,-0.566656,-0.569329,5.63,1.04674
4.23612,0.0419597,-0.316941,0.468205,-0.627042,-1.15631,0.795154,-1.49549,1.65489,1.70141,1.57758,-0.953958
-0.0822548,-0.0781915,-0.316941,-0.656269,0.306765,-1.15631,0.270938,0.681488,-0.566656,-0.569329,0.537173,-0.953958
-0.0822548,-0.195272,-0.316941,-0.656269,1.05381,-1.15631,-0.254074,0.681488,1.65489,1.70141,-0.6067,-0.953958
1.76848,0.0350501,-0.316941,1.14289,5.31197,-1.15631,0.735403,0.681488,-0.566656,-0.569329,-1.03781,-0.953958
1.3572,-0.195272,-0.316941,-0.656269,0.879003,-1.15631,1.27316,-1.49549,-0.566656,-0.569329,-1.03781,-0.953958
-0.493529,-0.195272,-0.316941,1.36778,-0.489586,0.86357,-0.944,-1.49549,1.65489,1.70141,-0.118111,-0.953958
-0.493529,-0.195272,-0.316941,-1.10606,-0.503033,0.86357,0.164183,-1.49549,-0.566656,-0.569329,-1.03781,1.04674
0.94593,-0.194312,-0.316941,0.468205,2.77202,-1.15631,0.536233,0.681488,-0.566656,-0.569329,0.686624,-0.953958
-0.493529,-0.195272,1.47559,0.130863,-0.664395,0.86357,0.283685,0.681488,2.76567,1.70141,-1.03781,1.04674
-0.493529,-0.128095,-0.316941,-1.10606,0.456175,0.86357,1.70496,0.681488,-0.566656,-0.569329,-1.03781,1.04674
0.123382,-0.137691,-0.316941,-0.881164,1.14047,-1.15631,0.0717682,0.681488,-0.566656,-0.569329,0.749853,-0.953958
-0.0822548,-0.195272,-0.316941,0.693099,1.57674,-1.15631,-0.114655,0.681488,-0.566656,-0.569329,0.859067,-0.953958
-0.493529,-0.195272,3.26813,0.693099,-0.652442,0.86357,0.00484705,0.681488,1.65489,1.70141,-0.118111,1.04674
-0.493529,-0.19508,-0.316941,1.59268,-0.216167,0.86357,1.65796,0.681488,1.65489,1.70141,-0.348035,1.04674
-0.493529,-0.195272,-0.316941,-1.10606,-0.61509,0.86357,0.111602,0.681488,-0.566656,-0.569329,-0.348035,1.04674
-0.0822548,-0.194504,-0.316941,1.59268,0.244013,-1.15631,0.0717682,-1.49549,-0.566656,-0.569329,0.111813,1.04674
-0.493529,-0.195272,3.26813,-0.656269,2.32379,0.86357,0.649362,0.681488,1.65489,1.70141,0.111813,1.04674
-0.0822548,-0.0993043,-0.316941,-1.33095,-0.552338,-1.15631,0.589611,0.681488,-0.566656,-0.569329,0.255516,1.04674
-0.493529,-0.195272,-0.316941,0.468205,-0.61509,0.86357,-1.02367,-1.49549,1.65489,1.70141,0.916548,1.04674
-0.493529,-0.195272,-0.316941,1.59268,-0.664395,0.86357,1.41258,0.681488,1.65489,1.70141,-1.03781,-0.953958
-0.493529,-0.195272,-0.316941,-1.33095,-0.652442,0.86357,-1.183,0.681488,-0.566656,-0.569329,-1.03781,1.04674
0.123382,-0.189898,-0.316941,-1.33095,-0.166862,-1.15631,-0.864332,0.681488,-0.566656,-0.569329,-0.807884,-0.953958
-0.493529,-0.195272,3.26813,-0.881164,2.32379,0.86357,-1.03084,-1.49549,3.87644,3.97214,0.686624,1.04674
-0.493529,-0.195272,-0.316941,-0.206479,-0.638995,0.86357,0.609528,0.681488,-0.566656,-0.569329,0.571662,-0.953958
-0.0822548,-0.194696,-0.316941,-0.206479,-0.552338,-1.15631,-0.40624,0.681488,-0.566656,-0.569329,-0.0376376,1.04674
-0.493529,-0.192201,-0.316941,-0.206479,0.232061,0.86357,-0.592664,-1.49549,1.65489,1.70141,-0.922846,1.04674
-0.287892,-0.195272,-0.316941,1.14289,3.22025,-1.15631,2.92628,0.681488,-0.566656,-0.569329,-1.03781,-0.953958
0.123382,0.242148,-0.316941,0.917994,0.829698,-1.15631,-2.47124,0.681488,-0.566656,-0.569329,0.629143,-0.953958
0.94593,1.1596,-0.316941,-0.881164,-0.477633,-1.15631,-0.465991,0.681488,-0.566656,-0.569329,-1.03781,-0.953958
-0.493529,-0.195272,-0.316941,0.468205,-0.265472,0.86357,-0.665162,0.681488,-0.566656,-0.569329,-0.462998,-0.953958
-0.493529,-0.195272,-0.316941,-0.206479,-0.514985,0.86357,0.104432,0.681488,-0.566656,-0.569329,0.295753,1.04674
-0.493529,1.94998,-0.316941,-0.881164,-0.652442,0.86357,0.104432,-1.49549,-0.566656,-0.569329,1.49136,-0.953958
2.38539,0.688972,-0.316941,0.0184153,1.27793,-1.15631,0.655735,0.681488,-0.566656,-0.569329,0.341737,-0.953958
-0.493529,-0.195272,-0.316941,1.14289,-0.365576,0.86357,-1.26267,0.681488,-0.566656,-0.569329,2.41106,1.04674
0.329019,-0.17627,-0.316941,1.36778,0.530879,-1.15631,2.38214,-1.49549,-0.566656,-0.569329,-1.03781,-0.953958
1.15157,-0.193928,-0.316941,-1.33095,-0.216167,-1.15631,-0.220614,0.681488,1.65489,1.70141,-0.210081,-0.953958
-0.493529,-0.195272,-0.316941,0.0184153,-0.514985,0.86357,0.788781,0.681488,1.65489,1.70141,-0.290554,1.04674
1.76848,0.380533,-0.316941,0.917994,-0.365576,-1.15631,-1.05076,-1.49549,-0.566656,-0.569329,-1.03781,-0.953958
-0.493529,0.821599,-0.316941,0.917994,-0.290872,0.86357,-0.340116,0.681488,-0.566656,-0.569329,-1.03781,-0.953958
-0.493529,-0.195272,-0.316941,-1.33095,0.232061,0.86357,0.642192,-1.49549,-0.566656,-0.569329,1.72128,1.04674
-0.493529,-0.195272,-0.316941,0.693099,-0.402929,0.86357,-0.512995,0.681488,-0.566656,-0.569329,0.4567,-0.953958
0.94593,0.393008,-0.316941,-1.33095,0.530879,-1.15631,-0.0413604,-1.49549,-0.566656,-0.569329,-1.03781,-0.953958
-0.493529,-0.102375,-0.316941,-0.656269,-0.577737,0.86357,-0.944,-1.49549,-0.566656,-0.569329,-0.57796,1.04674
-0.287892,-0.18222,-0.316941,0.0184153,-0.0667578,-1.15631,-0.114655,0.681488,-0.566656,-0.569329,1.60632,1.04674
-0.493529,-0.182412,-0.316941,1.36778,-0.503033,0.86357,-0.672332,0.681488,1.65489,1.70141,-0.348035,1.04674
-0.0822548,-0.191817,-0.316941,-0.206479,-0.61509,-1.15631,0.741777,-1.49549,1.65489,1.70141,-1.03781,1.04674
-0.493529,-0.195272,-0.316941,1.36778,-0.253519,0.86357,-1.07067,-1.49549,-0.566656,-0.569329,-1.03781,-0.953958
-0.287892,-0.193352,-0.316941,0.0184153,0.169309,-1.15631,-0.273991,-1.49549,-0.566656,-0.569329,0.571662,1.04674
-0.493529,-0.19508,-0.316941,-0.431374,-0.664395,0.86357,-0.386323,-1.49549,-0.566656,-0.569329,0.548669,1.04674
-0.493529,-0.195272,-0.316941,-0.206479,-0.365576,0.86357,0.576067,-1.49549,-0.566656,-0.569329,-1.03781,-0.953958
-0.493529,-0.195272,-0.316941,1.36778,-0.0667578,0.86357,0.177727,-1.49549,1.65489,1.70141,-0.00314896,1.04674
0.534656,1.50354,-0.316941,1.59268,0.829698,-1.15631,1.9838,0.681488,-0.566656,-0.569329,-1.03781,-0.953958
-0.493529,-0.195272,-0.316941,1.36778,0.38147,0.86357,0.0446811,0.681488,1.65489,1.70141,0.801586,1.04674
-0.287892,-0.0417238,-0.316941,0.0184153,-0.278919,-1.15631,-0.652415,0.681488,-0.566656,-0.569329,0.4567,-0.953958
-0.287892,-0.0651399,-0.316941,0.468205,-0.290872,-1.15631,-0.55283,-1.49549,-0.566656,-0.569329,-1.03781,-0.953958
-0.493529,-0.194888,-0.316941,-1.33095,0.0826515,0.86357,0.177727,-1.49549,1.65489,1.70141,-1.03781,1.04674
1.3572,-0.0551593,-0.316941,-1.10606,0.232061,-1.15631,0.0518512,0.681488,-0.566656,-0.569329,0.399219,-0.953958
-0.493529,-0.00256914,-0.316941,1.36778,-0.652442,0.86357,-0.226987,-0.407,-0.566656,-0.569329,0.4567,1.04674
-0.493529,-0.195272,-0.316941,0.468205,-0.652442,0.86357,-0.917709,-1.49549,-0.566656,-0.569329,1.14647,1.04674
-0.493529,-0.0346223,-0.316941,0.468205,-0.141462,0.86357,0.781611,-1.49549,-0.566656,-0.569329,-0.871113,-0.953958
-0.493529,0.228136,-0.316941,0.693099,-0.216167,0.86357,-0.944,0.681488,-0.566656,-0.569329,-0.348035,-0.953958
0.123382,-0.19412,-0.316941,0.468205,-0.61509,-1.15631,-0.824498,-1.49549,-0.566656,-0.569329,-0.462998,-0.953958
-0.493529,-0.176078,-0.316941,1.36778,-0.652442,0.86357,0.934574,0.681488,-0.566656,-0.569329,-0.417013,1.04674
-0.287892,-0.191241,-0.316941,-1.33095,0.0198996,-1.15631,-0.426157,0.681488,-0.566656,-0.569329,1.3534,1.04674
-0.493529,-0.195272,-0.316941,-0.881164,-0.216167,0.86357,0.0845151,0.681488,1.65489,1.70141,-0.348035,1.04674
1.56284,-0.148248,-0.316941,0.468205,0.28286,-1.15631,-0.618954,-1.49549,-0.566656,-0.569329,-0.348035,-0.953958
-0.493529,-0.19412,-0.316941,0.693099,-0.638995,0.86357,0.251021,0.681488,-0.566656,-0.569329,0.629143,1.04674
0.740293,-0.0801108,-0.316941,0.693099,-0.178815,-1.15631,-0.971087,-1.49549,-0.566656,-0.569329,-0.807884,-0.953958
-0.493529,-0.195272,1.47559,0.130863,-0.664395,0.86357,3.2314,-1.49549,2.76567,1.70141,-1.03781,1.04674
-0.493529,-0.195272,-0.316941,1.59268,-0.664395,0.86357,3.37799,0.681488,-0.566656,-0.569329,-1.03781,-0.953958
2.79666,0.764402,-0.316941,-1.33095,1.42733,-1.15631,0.0247641,0.681488,-0.566656,-0.569329,-1.03781,-0.953958
13.2841,-0.145753,-0.316941,-0.881164,-0.302824,-1.15631,-0.426157,0.681488,-0.566656,-0.569329,-0.233073,-0.953958
-0.493529,-0.171856,-0.316941,-1.33095,-0.58969,0.86357,0.0980587,-0.407,-0.566656,-0.569329,1.10049,1.04674
-0.493529,-0.184715,-0.316941,-0.206479,-0.627042,0.86357,-0.698622,0.681488,-0.566656,-0.569329,0.571662,1.04674
-0.493529,0.226409,-0.316941,-0.656269,-0.365576,0.86357,2.07622,-1.49549,-0.566656,-0.569329,0.410715,-0.953958
-0.493529,-0.195272,3.26813,-0.656269,0.530879,0.86357,0.204017,0.681488,-0.566656,-0.569329,1.3764,1.04674
0.534656,-0.194696,-0.316941,0.693099,0.456175,-1.15631,-0.254074,0.681488,-0.566656,-0.569329,-0.462998,-0.953958
1.76848,-0.19412,-0.316941,-0.881164,-0.540385,-1.15631,1.24687,-1.49549,-0.566656,-0.569329,1.49136,-0.953958
0.94593,0.393008,-0.316941,-1.33095,0.829698,-1.15631,0.761694,0.681488,-0.566656,-0.569329,-1.03781,-0.953958
-0.493529,-0.195272,3.26813,0.693099,-0.414881,0.86357,-0.20707,-1.49549,-0.566656,-0.569329,0.571662,-0.953958
-0.493529,-0.193736,-0.316941,0.693099,-0.216167,0.86357,-0.77829,0.681488,-0.566656,-0.569329,-0.175592,1.04674
-0.493529,-0.183756,-0.316941,1.59268,-0.664395,0.86357,-0.353659,-1.49549,1.65489,1.70141,-0.00314896,1.04674
3.61921,2.68375,-0.316941,-1.33095,3.81788,-1.15631,1.32654,0.681488,-0.566656,-0.569329,-1.03781,-0.953958
0.329019,-0.0916269,-0.316941,0.468205,-0.302824,-1.15631,-1.00375,-1.49549,-0.566656,-0.569329,-0.692922,-0.953958
-0.493529,-0.0110143,-0.316941,-0.431374,-0.664395,0.86357,1.19349,-1.49549,-0.566656,-0.569329,-0.462998,-0.953958
-0.493529,-0.195272,3.26813,-1.10606,0.979107,0.86357,-0.532912,0.681488,1.65489,1.70141,-0.462998,-0.953958
0.534656,0.285141,-0.316941,0.468205,-0.0413582,-1.15631,-0.824498,-1.49549,-0.566656,-0.569329,0.226775,-0.953958
-0.493529,0.668435,-0.316941,-0.656269,-0.627042,0.86357,0.270938,0.681488,-0.566656,-0.569329,1.49136,1.04674
-0.287892,-0.176078,-0.316941,0.693099,-0.440281,-1.15631,-0.107485,0.681488,-0.566656,-0.569329,0.341737,-0.953958
-0.493529,-0.192777,-0.316941,0.917994,-0.365576,0.86357,-0.121029,-1.49549,1.65489,1.70141,0.571662,1.04674
-0.287892,1.68569,-0.316941,1.36778,-0.241567,-1.15631,-0.771917,0.681488,-0.566656,-0.569329,-0.57796,-0.953958
-0.493529,-0.195272,-0.316941,-0.206479,-0.216167,0.86357,0.363353,0.681488,-0.566656,-0.569329,0.290004,1.04674
-0.493529,-0.195272,-0.316941,-1.33095,0.232061,0.86357,-0.971087,-1.49549,1.65489,1.70141,0.341737,-0.953958
-0.287892,-0.174543,-0.316941,0.0184153,-0.627042,-1.15631,-0.300282,-1.49549,-0.566656,-0.569329,0.525677,1.04674
-0.493529,-0.195272,-0.316941,-1.33095,-0.652442,0.86357,-0.107485,0.681488,1.65489,1.70141,0.341737,1.04674
-0.493529,-0.176078,-0.316941,-0.656269,-0.652442,0.86357,-0.791834,0.681488,1.65489,1.70141,-0.233073,1.04674
1.76848,0.242915,-0.316941,-1.33095,0.929802,-1.15631,-0.167236,0.681488,-0.566656,-0.569329,-1.03781,-0.953958
0.123382,-0.185675,-0.316941,-0.206479,1.35263,-1.15631,1.97026,-1.49549,-0.566656,-0.569329,-0.462998,-0.953958
-0.493529,-0.195272,-0.316941,0.468205,-0.627042,0.86357,0.536233,-1.49549,-0.566656,-0.569329,0.27276,-0.953958
-0.493529,-0.195272,-0.316941,-0.206479,-0.290872,0.86357,-0.114655,-1.49549,1.65489,1.70141,0.571662,1.04674
1.15157,0.436194,-0.316941,0.917994,-0.265472,-1.15631,0.0518512,0.681488,-0.566656,-0.569329,0.703868,-0.953958
-0.493529,-0.192009,-0.316941,-0.206479,-0.290872,0.86357,-0.386323,0.681488,1.65489,1.70141,-1.03781,1.04674
-0.493529,-0.166481,-0.316941,0.693099,0.979107,0.86357,1.28671,0.681488,-0.566656,-0.569329,1.63506,1.04674
-0.493529,-0.0566948,-0.316941,-1.33095,-0.652442,0.86357,-1.11051,0.681488,1.65489,1.70141,-0.233073,1.04674
-0.493529,-0.195272,-0.316941,0.693099,0.904402,0.86357,0.131519,0.681488,1.65489,1.70141,-0.1526,-0.953958
-0.0822548,-0.127903,-0.316941,1.59268,-0.652442,-1.15631,3.49033,0.681488,1.65489,1.70141,-1.03781,1.04674
0.740293,-0.132509,-0.316941,-1.10606,-0.10411,-1.15631,-0.565576,0.681488,-0.566656,-0.569329,0.111813,-0.953958
1.3572,-0.119266,-0.316941,0.917994,-0.652442,-1.15631,-0.672332,0.681488,-0.566656,-0.569329,-0.692922,-0.953958
0.740293,0.0603855,-0.316941,0.0184153,3.51906,-1.15631,2.13597,0.681488,-0.566656,-0.569329,1.03151,-0.953958
1.15157,-0.19508,-0.316941,-1.10606,-0.340177,-1.15631,-0.798207,0.681488,1.65489,1.70141,-0.118111,-0.953958
-0.493529,-0.195272,3.26813,-1.33095,0.00794684,0.86357,-0.665162,0.681488,-0.566656,-0.569329,-1.03781,1.04674
-0.493529,-0.13462,-0.316941,-1.33095,-0.216167,0.86357,0.675652,0.681488,-0.566656,-0.569329,-1.03781,1.04674
-0.493529,-0.195272,3.26813,-1.33095,-0.514985,0.86357,-0.784664,0.681488,-0.566656,-0.569329,-1.03781,1.04674
-0.493529,-0.195272,3.26813,1.36778,0.232061,0.86357,-0.479535,0.681488,-0.566656,-0.569329,-0.922846,-0.953958
-0.493529,-0.195272,-0.316941,-0.656269,0.00794684,0.86357,0.968034,0.681488,-0.566656,-0.569329,-0.227325,1.04674
-0.493529,-0.195272,3.26813,0.0184153,-0.627042,0.86357,-0.034987,0.681488,1.65489,1.70141,-0.57796,1.04674
-0.493529,-0.195272,-0.316941,1.36778,-0.58969,0.86357,-1.17663,0.681488,1.65489,1.70141,-0.692922,1.04674
0.740293,9.6126,-0.316941,1.14289,1.27793,-1.15631,1.30662,-1.49549,-0.566656,-0.569329,1.11773,-0.953958
-0.287892,-0.193352,-0.316941,1.59268,1.27793,-1.15631,2.11605,-1.49549,-0.566656,-0.569329,-1.03781,1.04674
-0.493529,-0.195272,-0.316941,1.36778,-0.58969,0.86357,-0.55283,0.681488,-0.566656,-0.569329,-1.03781,1.04674
-0.493529,-0.195272,-0.316941,1.14289,-0.664395,0.86357,-1.01092,0.681488,1.65489,1.70141,-0.462998,1.04674
-0.493529,-0.156885,-0.316941,-1.33095,0.630983,0.86357,-0.0875679,0.681488,-0.566656,-0.569329,0.4567,-0.953958
-0.493529,-0.195272,3.26813,0.693099,-0.153415,0.86357,-0.864332,0.681488,-0.566656,-0.569329,-0.348035,-0.953958
-0.493529,-0.19412,-0.316941,0.693099,-0.365576,0.86357,-0.493078,-1.49549,-0.566656,-0.569329,1.03151,1.04674
0.123382,-0.154965,-0.316941,-1.33095,-0.253519,-1.15631,-0.824498,0.681488,1.65489,1.70141,-0.233073,-0.953958
2.79666,0.0369694,-0.316941,-1.33095,1.27793,-1.15631,0.675652,0.681488,-0.566656,-0.569329,-0.36528,-0.953958
-0.493529,-0.195272,-0.316941,-0.206479,-0.664395,0.86357,-0.333742,0.681488,-0.566656,-0.569329,-0.462998,1.04674
-0.493529,-0.195272,-0.316941,1.59268,-0.664395,0.86357,1.68505,-1.49549,1.65489,1.70141,-1.03781,1.04674
0.534656,4.93438,-0.316941,0.468205,0.145403,-1.15631,-0.97746,-1.49549,-0.566656,-0.569329,-1.03781,-0.953958
-0.493529,-0.195272,-0.316941,1.36778,0.680288,0.86357,-0.479535,-1.49549,1.65489,1.70141,-0.348035,-0.953958
-0.493529,-0.195272,3.26813,0.0184153,-0.638995,0.86357,-0.645244,0.681488,-0.566656,-0.569329,-1.03781,1.04674
0.123382,-0.195272,-0.316941,-1.33095,-0.489586,-1.15631,2.57414,0.681488,-0.566656,-0.569329,-0.00314896,-0.953958
1.76848,-0.195272,3.26813,-0.206479,-0.365576,-1.15631,-0.632498,0.681488,-0.566656,-0.569329,-1.03781,1.04674
-0.493529,-0.0922027,-0.316941,-1.10606,0.232061,0.86357,-0.254074,0.681488,1.65489,1.70141,-0.0261414,1.04674
-0.493529,0.380533,-0.316941,0.917994,-0.652442,0.86357,1.6253,0.681488,-0.566656,-0.569329,-1.03781,-0.953958
-0.493529,-0.159956,-0.316941,-0.431374,-0.577737,0.86357,-0.818124,0.681488,1.65489,1.70141,-0.233073,1.04674
0.740293,-0.157652,-0.316941,0.917994,0.0826515,-1.15631,0.569694,0.681488,-0.566656,-0.569329,1.95121,-0.953958
-0.287892,-0.191433,-0.316941,-0.206479,0.0826515,-1.15631,-0.74483,0.681488,1.65489,1.70141,-0.00314896,-0.953958
1.76848,-0.107749,-0.316941,-1.33095,-0.0667578,-1.15631,0.396814,-1.49549,-0.566656,-0.569329,-1.03781,-0.953958
-0.493529,-0.195272,3.26813,0.0184153,-0.514985,0.86357,-0.638871,0.681488,-0.566656,-0.569329,0.801586,1.04674
-0.287892,-0.19508,-0.316941,0.693099,-0.61509,-1.15631,-1.07067,0.681488,-0.566656,-0.569329,-0.348035,1.04674
0.123382,0.0717096,-0.316941,-1.33095,-0.178815,-1.15631,-0.844415,0.681488,-0.566656,-0.569329,0.111813,-0.953958
1.76848,-0.195272,-0.316941,-0.431374,-0.664395,-1.15631,-0.74483,-1.49549,1.65489,1.70141,-1.03781,-0.953958
0.534656,-0.0877882,-0.316941,0.468205,-0.540385,-1.15631,-0.672332,-1.49549,-0.566656,-0.569329,-1.03781,-0.953958
2.38539,-0.195272,-0.316941,-0.881164,2.32379,-1.15631,0.662109,0.681488,-0.566656,-0.569329,1.25569,-0.953958
-0.0822548,-0.195272,-0.316941,-1.33095,-0.216167,-1.15631,-1.21009,-1.49549,-0.566656,-0.569329,-0.462998,-0.953958
-0.493529,-0.195272,-0.316941,-1.33095,-0.61509,0.86357,-0.519369,-1.49549,1.65489,1.70141,-0.279058,1.04674
-0.493529,0.00856307,-0.316941,-1.10606,-0.365576,0.86357,-0.459618,-1.49549,-0.566656,-0.569329,-0.00314896,1.04674
-0.493529,-0.195272,-0.316941,-1.33095,-0.627042,0.86357,0.582441,-1.49549,-0.566656,-0.569329,-0.118111,1.04674
-0.493529,-0.195272,-0.316941,0.468205,-0.141462,0.86357,-0.399867,0.681488,-0.566656,-0.569329,0.571662,-0.953958
1.3572,-0.195272,-0.316941,-1.33095,1.87556,-1.15631,1.63804,0.681488,-0.566656,-0.569329,-1.03781,-0.953958
-0.287892,-0.19412,-0.316941,1.59268,0.530879,-1.15631,3.0394,0.681488,-0.566656,-0.569329,-0.635441,1.04674
-0.0822548,-0.192393,-0.316941,0.0184153,-0.141462,-1.15631,1.03416,0.681488,-0.566656,-0.569329,-1.03781,-0.953958
-0.493529,-0.195272,-0.316941,-1.33095,-0.58969,0.86357,-0.512995,0.681488,-0.566656,-0.569329,-0.405516,1.04674
1.15157,-0.123296,-0.316941,-0.881164,-0.141462,-1.15631,0.954491,0.681488,1.65489,1.70141,-0.462998,-0.953958
0.123382,-0.0877882,-0.316941,1.36778,-0.0667578,-1.15631,-0.273991,0.681488,1.65489,1.70141,1.08899,-0.953958
-0.493529,-0.195272,3.26813,-0.206479,-0.514985,0.86357,-0.18078,0.681488,-0.566656,-0.569329,0.571662,-0.953958
-0.493529,-0.0991123,-0.316941,-0.881164,-0.61509,0.86357,0.502773,0.681488,-0.566656,-0.569329,-1.03781,1.04674
-0.493529,-0.19508,-0.316941,1.59268,-0.664395,0.86357,0.788781,0.681488,-0.566656,-0.569329,-0.290554,-0.953958
-0.493529,-0.194312,-0.316941,-0.656269,-0.638995,0.86357,-0.592664,0.681488,-0.566656,-0.569329,0.226775,1.04674
-0.493529,-0.195272,-0.316941,1.36778,-0.652442,0.86357,-0.811751,-1.49549,-0.566656,-0.569329,-0.462998,-0.953958
-0.493529,0.61239,-0.316941,1.59268,-0.638995,0.86357,-0.632498,0.681488,-0.566656,-0.569329,-0.462998,1.04674
-0.493529,-0.195272,3.26813,-1.33095,-0.0413582,0.86357,-0.57912,0.681488,-0.566656,-0.569329,-0.57796,1.04674
0.123382,-0.195272,-0.316941,-0.881164,0.979107,-1.15631,0.137893,0.681488,-0.566656,-0.569329,-1.03781,-0.953958
-0.493529,-0.195272,-0.316941,-1.33095,-0.514985,0.86357,-0.877875,0.681488,-0.566656,-0.569329,-1.03781,1.04674
0.123382,-0.167057,-0.316941,1.59268,-0.514985,-1.15631,-0.519369,-1.49549,1.65489,1.70141,-0.00314896,-0.953958
-0.493529,0.929466,-0.316941,0.917994,-0.353624,0.86357,-0.479535,-1.49549,-0.566656,-0.569329,-0.118111,-0.953958
-0.0822548,0.87035,-0.316941,-1.33095,-0.627042,-1.15631,-0.618954,0.681488,-0.566656,-0.569329,-1.03781,1.04674
-0.493529,-0.195272,-0.316941,-0.881164,-0.514985,0.86357,0.297229,0.681488,-0.566656,-0.569329,0.962533,1.04674
0.329019,0.108561,-0.316941,1.36778,-0.440281,-1.15631,0.376897,-1.49549,-0.566656,-0.569329,-1.03781,-0.953958
0.94593,0.42986,-0.316941,0.468205,0.108051,-1.15631,-0.685079,-1.49549,-0.566656,-0.569329,-0.296302,-0.953958
-0.493529,-0.195272,-0.316941,-0.656269,-0.540385,0.86357,-1.17026,0.681488,-0.566656,-0.569329,-0.348035,1.04674
-0.493529,-0.195272,-0.316941,0.917994,-0.638995,0.86357,1.33929,0.681488,-0.566656,-0.569329,1.95121,1.04674
0.123382,-0.195272,-0.316941,0.917994,0.281366,-1.15631,0.171353,0.681488,1.65489,1.70141,1.14647,-0.953958
1.56284,-0.189898,-0.316941,-0.656269,-0.514985,-1.15631,-0.074821,0.681488,1.65489,1.70141,-0.279058,-0.953958
-0.493529,-0.156885,-0.316941,-1.33095,-0.241567,0.86357,-0.612581,0.681488,-0.566656,-0.569329,1.38789,-0.953958
-0.493529,-0.195272,-0.316941,1.36778,-0.58969,0.86357,-0.194323,0.681488,-0.566656,-0.569329,-0.462998,1.04674
0.94593,-0.195272,-0.316941,1.14289,5.31197,-1.15631,2.74065,0.681488,-0.566656,-0.569329,-0.91135,-0.953958
-0.287892,-0.0993043,-0.316941,0.917994,-0.178815,-1.15631,0.33069,0.681488,-0.566656,-0.569329,1.92247,-0.953958
-0.493529,-0.195272,-0.316941,-0.206479,-0.627042,0.86357,0.576067,0.681488,1.65489,1.70141,-0.118111,1.04674
-0.493529,-0.195272,-0.316941,0.468205,-0.627042,0.86357,1.14012,-0.407,-0.566656,-0.569329,0.473944,1.04674
-0.493529,-0.195272,-0.316941,0.468205,0.0572519,0.86357,-0.194323,-1.49549,-0.566656,-0.569329,1.49136,-0.953958
2.38539,0.226985,-0.316941,-1.33095,0.979107,-1.15631,1.73763,-1.49549,-0.566656,-0.569329,-1.03781,-0.953958
-0.493529,-0.195272,-0.316941,-1.33095,-0.61509,0.86357,-0.565576,0.681488,-0.566656,-0.569329,-0.462998,1.04674
-0.287892,-0.174351,-0.316941,1.14289,3.14554,-1.15631,3.64329,0.681488,-0.566656,-0.569329,-1.03781,-0.953958
-0.493529,-0.195272,-0.316941,-0.656269,-0.664395,0.86357,-0.386323,0.681488,-0.566656,-0.569329,-1.03781,-0.953958
-0.493529,-0.187594,-0.316941,0.468205,-0.601643,0.86357,-1.03721,0.681488,-0.566656,-0.569329,0.111813,1.04674
-0.493529,-0.152086,-0.316941,-1.33095,-0.216167,0.86357,-0.18078,0.681488,1.65489,1.70141,-1.03781,-0.953958
0.740293,-0.195272,-0.316941,0.693099,1.91291,-1.15631,0.682026,0.681488,-0.566656,-0.569329,-0.635441,-0.953958
-0.493529,-0.18222,-0.316941,-0.656269,-0.514985,0.86357,-0.758373,0.681488,-0.566656,-0.569329,-0.462998,-0.953958
-0.493529,-0.195272,-0.316941,-1.10606,1.05381,0.86357,0.137893,0.681488,-0.566656,-0.569329,0.640639,1.04674
-0.493529,-0.195272,-0.316941,-0.656269,0.25746,0.86357,1.66513,-1.49549,-0.566656,-0.569329,-0.618196,1.04674
-0.0822548,-0.193928,-0.316941,0.917994,0.754993,-1.15631,-0.220614,0.681488,-0.566656,-0.569329,1.3764,-0.953958
-0.493529,-0.195272,-0.316941,-1.33095,-0.61509,0.86357,-0.094738,0.681488,-0.566656,-0.569329,0.203783,1.04674
-0.493529,-0.00333688,-0.316941,-0.656269,-0.365576,0.86357,-0.944,0.681488,1.65489,1.70141,1.03151,1.04674
-0.493529,-0.195272,3.26813,-1.10606,-0.58969,0.86357,-1.01729,0.681488,-0.566656,-0.569329,0.571662,1.04674
-0.0822548,-0.195272,-0.316941,0.468205,-0.278919,-1.15631,-0.446074,-1.49549,-0.566656,-0.569329,0.111813,-0.953958
-0.493529,-0.195272,1.47559,-1.33095,-0.216167,0.86357,0.211187,0.681488,-0.566656,-0.569329,-0.348035,1.04674
-0.493529,-0.194888,-0.316941,-0.656269,-0.564291,0.86357,-1.11051,0.681488,-0.566656,-0.569329,-0.233073,1.04674
-0.493529,-0.195272,-0.316941,-0.656269,-0.540385,0.86357,-0.658788,0.681488,-0.566656,-0.569329,-1.03781,1.04674
0.740293,0.0465662,-0.316941,-1.33095,1.6888,-1.15631,1.33291,-1.49549,-0.566656,-0.569329,-1.03781,-0.953958
0.740293,-0.12867,-0.316941,0.693099,0.120004,-1.15631,-0.592664,0.681488,1.65489,1.70141,0.157798,-0.953958
-0.493529,-0.194312,-0.316941,0.693099,-0.166862,0.86357,-0.911336,-1.49549,-0.566656,-0.569329,0.226775,1.04674
0.329019,-0.195272,-0.316941,0.0184153,-0.290872,-1.15631,2.04993,0.681488,-0.566656,-0.569329,0.111813,-0.953958
-0.493529,0.572468,-0.316941,1.14289,0.829698,0.86357,0.456565,-1.49549,-0.566656,-0.569329,-1.03781,-0.953958
-0.493529,-0.19508,-0.316941,0.468205,-0.216167,0.86357,-0.499452,-1.49549,-0.566656,-0.569329,0.571662,1.04674
1.76848,0.0444549,-0.316941,-0.656269,-0.664395,-1.15631,1.61813,0.681488,-0.566656,-0.569329,-1.03781,-0.953958
-0.493529,-0.194888,-0.316941,-0.881164,-0.514985,0.86357,-0.41341,0.681488,-0.566656,-0.569329,-1.03781,1.04674
-0.493529,-0.195272,-0.316941,1.14289,-0.290872,0.86357,-0.791834,0.681488,1.65489,1.70141,0.4567,1.04674
-0.493529,-0.195272,-0.316941,-1.10606,-0.216167,0.86357,0.516316,0.681488,1.65489,1.70141,1.43963,1.04674
-0.493529,-0.192968,-0.316941,1.14289,-0.664395,0.86357,2.52794,0.681488,-0.566656,-0.569329,-1.03781,1.04674
-0.493529,-0.195272,-0.316941,-0.656269,-0.514985,0.86357,-0.194323,-1.49549,-0.566656,-0.569329,-0.0548819,-0.953958
1.97411,-0.0436432,-0.316941,0.693099,3.96729,-1.15631,1.36637,0.681488,-0.566656,-0.569329,-1.03781,-0.953958
0.740293,-0.195272,-0.316941,0.0184153,0.605584,-1.15631,0.204017,0.681488,-0.566656,-0.569329,0.134806,-0.953958
-0.0822548,-0.195272,-0.316941,0.468205,-0.0667578,-1.15631,-0.904166,0.681488,-0.566656,-0.569329,-0.57796,-0.953958
-0.493529,-0.185675,-0.316941,0.468205,0.38147,0.86357,0.436648,0.681488,-0.566656,-0.569329,1.57183,1.04674
-0.493529,-0.195272,-0.316941,-1.33095,0.0572519,0.86357,2.19572,0.681488,-0.566656,-0.569329,0.801586,1.04674
-0.493529,-0.195272,-0.316941,-1.33095,-0.627042,0.86357,-0.724913,0.681488,-0.566656,-0.569329,1.03151,1.04674
-0.0822548,-0.0895156,-0.316941,0.917994,-0.514985,-1.15631,-0.638871,-1.49549,-0.566656,-0.569329,0.686624,-0.953958
-0.287892,-0.173775,-0.316941,0.0184153,3.48171,-1.15631,0.940947,0.681488,-0.566656,-0.569329,0.985525,1.04674
-0.287892,-0.166481,-0.316941,-1.33095,0.00794684,-1.15631,-0.844415,0.681488,-0.566656,-0.569329,-0.462998,-0.953958
-0.493529,-0.195272,-0.316941,-1.10606,-0.61509,0.86357,0.808698,0.681488,-0.566656,-0.569329,-0.0721262,1.04674
-0.493529,-0.194504,-0.316941,-0.206479,-0.627042,0.86357,-0.877875,0.681488,1.65489,1.70141,-0.233073,1.04674
-0.493529,-0.195272,-0.316941,-0.206479,-0.638995,0.86357,-0.732083,0.681488,-0.566656,-0.569329,1.00852,1.04674
-0.493529,-0.190089,3.26813,1.59268,-0.664395,0.86357,1.77746,-1.49549,-0.566656,-0.569329,-0.681426,1.04674
2.38539,0.0626887,-0.316941,0.693099,0.530879,-1.15631,0.602358,0.681488,-0.566656,-0.569329,1.16372,-0.953958
0.123382,-0.195272,-0.316941,1.14289,1.42733,-1.15631,2.1033,0.681488,-0.566656,-0.569329,-1.03781,-0.953958
0.94593,-0.195272,-0.316941,-0.881164,-0.440281,-1.15631,-0.944,-1.49549,-0.566656,-0.569329,-0.48599,-0.953958
-0.493529,-0.195272,-0.316941,-0.656269,-0.340177,0.86357,0.237478,0.681488,1.65489,1.70141,1.72128,1.04674
-0.493529,0.0636484,-0.316941,-0.881164,-0.652442,0.86357,-0.645244,-1.49549,-0.566656,-0.569329,-0.57796,-0.953958
-0.493529,-0.192201,-0.316941,-1.33095,-0.365576,0.86357,0.243851,0.681488,-0.566656,-0.569329,1.60632,1.04674
-0.493529,-0.195272,-0.316941,-1.33095,0.0826515,0.86357,1.12737,0.681488,-0.566656,-0.569329,-0.233073,-0.953958
-0.493529,-0.195272,-0.316941,0.468205,0.232061,0.86357,-0.678705,-1.49549,1.65489,1.70141,0.502684,-0.953958
0.329019,-0.195272,-0.316941,0.468205,-0.489586,-1.15631,-0.226987,-1.49549,-0.566656,-0.569329,-0.57796,-0.953958
-0.287892,-0.191625,-0.316941,1.59268,-0.664395,-1.15631,0.0183906,0.681488,-0.566656,-0.569329,-0.48599,1.04674
-0.493529,-0.19508,-0.316941,1.36778,-0.627042,0.86357,-0.638871,0.681488,1.65489,1.70141,-0.00314896,-0.953958
-0.493529,-0.195272,-0.316941,-0.881164,-0.638995,0.86357,0.204017,0.681488,1.65489,1.70141,-0.00314896,1.04674
-0.0822548,-0.19508,-0.316941,0.693099,-0.627042,-1.15631,0.376897,0.681488,-0.566656,-0.569329,0.226775,1.04674
-0.493529,0.00913888,-0.316941,0.693099,-0.552338,0.86357,-0.320199,0.681488,1.65489,1.70141,0.4567,-0.953958
0.329019,-0.19508,-0.316941,1.59268,-0.664395,-1.15631,-0.957543,0.681488,1.65489,1.70141,-0.779143,1.04674
-0.493529,-0.195272,-0.316941,0.468205,3.14554,0.86357,0.888366,0.681488,-0.566656,-0.569329,-0.508982,-0.953958
0.329019,-0.195272,3.26813,-0.656269,-0.514985,-1.15631,-0.77829,-1.49549,-0.566656,-0.569329,-0.57796,-0.953958
-0.493529,-0.19508,3.26813,0.0184153,-0.664395,0.86357,-0.944,0.681488,1.65489,1.70141,1.83625,1.04674
-0.493529,-0.195272,-0.316941,-0.881164,-0.46568,0.86357,-0.712166,0.681488,-0.566656,-0.569329,-0.462998,-0.953958
-0.493529,0.321033,-0.316941,-0.206479,-0.652442,0.86357,1.3592,0.681488,-0.566656,-0.569329,-1.03781,1.04674
3.0023,0.0365856,-0.316941,-1.33095,0.0826515,-1.15631,-0.479535,0.681488,-0.566656,-0.569329,0.111813,-0.953958
-0.493529,-0.195272,3.26813,-0.206479,0.979107,0.86357,-0.0612775,-1.49549,-0.566656,-0.569329,-0.462998,1.04674
-0.493529,-0.195272,3.26813,-1.33095,-0.514985,0.86357,-0.60541,0.681488,-0.566656,-0.569329,0.571662,1.04674
0.534656,0.0152808,-0.316941,0.0184153,-0.278919,-1.15631,0.642192,0.681488,-0.566656,-0.569329,-0.417013,-0.953958
1.3572,-0.0365416,-0.316941,-0.881164,0.855097,-1.15631,-0.300282,0.681488,-0.566656,-0.569329,1.25569,-0.953958
-0.493529,-0.135004,-0.316941,-0.206479,0.518926,0.86357,1.8643,0.681488,1.65489,1.70141,-0.00314896,-0.953958
-0.493529,-0.195272,-0.316941,-1.33095,0.232061,0.86357,-0.771917,0.681488,-0.566656,-0.569329,-1.03781,-0.953958
-0.493529,-0.195272,-0.316941,-0.431374,-0.664395,0.86357,-0.738456,-1.49549,1.65489,1.70141,-0.118111,1.04674
-0.0822548,-0.19508,-0.316941,0.468205,0.855097,-1.15631,-0.273991,0.681488,1.65489,1.70141,1.08324,1.04674
0.740293,-0.107366,-0.316941,-0.881164,0.38147,-1.15631,-0.479535,-1.49549,-0.566656,-0.569329,1.26143,-0.953958
-0.493529,-0.195272,3.26813,-1.10606,-0.402929,0.86357,-2.47124,0.681488,-0.566656,-0.569329,4.29643,-0.953958
-0.493529,-0.195272,-0.316941,-0.206479,1.87556,0.86357,1.49862,-1.49549,-0.566656,-0.569329,-1.03781,-0.953958
-0.493529,-0.195272,-0.316941,1.59268,-0.664395,0.86357,0.456565,-1.49549,-0.566656,-0.569329,-0.118111,1.04674
0.123382,-0.195272,-0.316941,0.468205,1.53939,-1.15631,1.0477,-1.49549,-0.566656,-0.569329,-1.03781,-0.953958
-0.493529,-0.195272,-0.316941,0.917994,0.456175,0.86357,0.337063,0.681488,-0.566656,-0.569329,2.8709,-0.953958
-0.493529,-0.195272,3.26813,0.693099,0.232061,0.86357,0.303602,0.681488,1.65489,1.70141,0.111813,1.04674
0.123382,-0.195272,-0.316941,-1.33095,-0.365576,-1.15631,-0.465991,0.681488,-0.566656,-0.569329,-1.03781,-0.953958
-0.0822548,-0.119649,-0.316941,-1.33095,-0.0667578,-1.15631,-0.665162,-1.49549,-0.566656,-0.569329,0.111813,1.04674
-0.493529,-0.194888,-0.316941,-0.206479,-0.514985,0.86357,0.629445,0.681488,-0.566656,-0.569329,0.686624,1.04674
0.329019,-0.0993043,-0.316941,-1.33095,-0.365576,-1.15631,-0.963917,-1.49549,1.65489,1.70141,-0.57796,-0.953958
-0.493529,-0.195272,-0.316941,0.917994,0.0706987,0.86357,-0.678705,-1.49549,1.65489,1.70141,-0.0951187,1.04674
1.76848,-0.17627,-0.316941,0.468205,-0.577737,-1.15631,-0.904166,-1.49549,-0.566656,-0.569329,-0.57796,-0.953958
-0.493529,-0.195272,-0.316941,-0.656269,-0.61509,0.86357,-0.718539,0.681488,1.65489,1.70141,-1.03781,1.04674
1.76848,0.223914,-0.316941,-1.33095,-0.340177,-1.15631,-0.632498,0.681488,-0.566656,-0.569329,-0.692922,-0.953958
-0.493529,-0.195272,-0.316941,-1.33095,-0.664395,0.86357,-0.871502,-1.49549,-0.566656,-0.569329,-1.03781,1.04674
0.329019,-0.193736,-0.316941,0.468205,-0.564291,-1.15631,-1.11051,0.681488,-0.566656,-0.569329,-0.118111,1.04674
-0.493529,-0.195272,-0.316941,-0.881164,-0.638995,0.86357,-0.625327,0.681488,-0.566656,-0.569329,-1.03781,-0.953958
7.73195,-0.192393,-0.316941,-1.33095,7.85193,-1.15631,2.02364,0.681488,1.65489,1.70141,-1.03781,-0.953958
-0.287892,-0.150359,-0.316941,-0.206479,-0.216167,-1.15631,-0.844415,-0.407,-0.566656,-0.569329,-0.118111,-0.953958
1.3572,-0.00333688,-0.316941,0.917994,4.56493,-1.15631,2.63389,0.681488,-0.566656,-0.569329,-1.03781,-0.953958
-0.493529,-0.195272,3.26813,-0.206479,-0.365576,0.86357,1.11383,-1.49549,-0.566656,-0.569329,0.341737,1.04674
-0.287892,-0.195272,-0.316941,-0.881164,0.904402,-1.15631,-0.346489,0.681488,1.65489,1.70141,0.175042,-0.953958
-0.493529,18.9982,1.47559,1.59268,-0.664395,0.86357,-1.07705,0.681488,3.87644,3.97214,1.54884,1.04674
-0.493529,-0.195272,-0.316941,-0.206479,0.38147,0.86357,-0.433327,0.681488,-0.566656,-0.569329,0.916548,1.04674
-0.493529,-0.195272,-0.316941,-1.10606,-0.503033,0.86357,-0.991004,0.681488,-0.566656,-0.569329,-0.348035,1.04674
-0.493529,-0.195272,-0.316941,-0.881164,1.55134,0.86357,0.257395,0.681488,-0.566656,-0.569329,-1.03781,-0.953958
-0.493529,-0.19508,-0.316941,0.917994,-0.652442,0.86357,-0.094738,0.681488,1.65489,1.70141,-0.302051,1.04674
-0.493529,-0.195272,-0.316941,-0.656269,-0.514985,0.86357,0.303602,-1.49549,1.65489,1.70141,-0.118111,1.04674
-0.493529,-0.195272,-0.316941,-0.206479,-0.601643,0.86357,0.841362,0.681488,-0.566656,-0.569329,-0.118111,-0.953958
-0.493529,-0.17224,-0.316941,-0.656269,-0.564291,0.86357,1.36637,-1.49549,-0.566656,-0.569329,-1.03781,1.04674
-0.0822548,-0.110053,-0.316941,-1.33095,0.754993,-1.15631,-0.519369,-0.407,-0.566656,-0.569329,-0.618196,-0.953958
0.740293,-0.195272,-0.316941,0.693099,0.25746,-1.15631,-0.665162,0.681488,1.65489,1.70141,-0.57796,-0.953958
-0.0822548,-0.137691,-0.316941,-0.656269,-0.216167,-1.15631,-0.997377,0.681488,-0.566656,-0.569329,-0.348035,-0.953958
-0.493529,-0.0634125,-0.316941,-0.656269,0.829698,0.86357,0.410358,0.681488,-0.566656,-0.569329,0.169294,1.04674
-0.493529,-0.0726253,-0.316941,0.468205,2.02497,0.86357,0.450192,0.681488,-0.566656,-0.569329,-0.451501,-0.953958
-0.493529,0.0373533,-0.316941,-0.206479,-0.190767,0.86357,-0.712166,0.681488,-0.566656,-0.569329,-0.462998,1.04674
-0.493529,-0.195272,-0.316941,1.36778,1.57674,0.86357,0.0645981,0.681488,-0.566656,-0.569329,1.96845,-0.953958
0.740293,-0.0133175,-0.316941,-1.33095,-0.601643,-1.15631,0.868449,0.681488,-0.566656,-0.569329,0.226775,-0.953958
-0.0822548,-0.195272,-0.316941,0.468205,-0.178815,-1.15631,0.164183,-1.49549,-0.566656,-0.569329,-1.03781,-0.953958
-0.493529,-0.195272,-0.316941,0.693099,-0.316271,0.86357,0.211187,0.681488,-0.566656,-0.569329,-0.348035,1.04674
-0.493529,-0.107749,-0.316941,-0.656269,0.680288,0.86357,-0.532912,-1.49549,1.65489,1.70141,0.111813,1.04674
-0.493529,-0.195272,-0.316941,-1.33095,-0.0667578,0.86357,-0.877875,0.681488,-0.566656,-0.569329,-0.256066,1.04674
-0.493529,-0.195272,3.26813,0.0184153,-0.316271,0.86357,0.290855,0.681488,-0.566656,-0.569329,-0.876861,1.04674
2.79666,0.203761,-0.316941,0.693099,-0.340177,-1.15631,0.0916853,-1.49549,-0.566656,-0.569329,-0.348035,-0.953958
-0.287892,-0.141914,-0.316941,0.693099,-0.0667578,-1.15631,-0.692249,0.681488,-0.566656,-0.569329,-0.57796,-0.953958
-0.493529,-0.178573,-0.316941,1.59268,-0.627042,0.86357,-0.592664,-1.49549,1.65489,1.70141,-0.348035,1.04674
-0.493529,-0.195272,-0.316941,-1.33095,-0.0174527,0.86357,-0.712166,0.681488,-0.566656,-0.569329,-0.302051,1.04674
-0.493529,0.207791,-0.316941,-0.206479,-0.638995,0.86357,-0.226987,0.681488,1.65489,1.70141,0.203783,1.04674
-0.493529,-0.195272,-0.316941,0.917994,2.32379,0.86357,0.788781,0.681488,1.65489,1.70141,-0.0261414,-0.953958
1.56284,-0.191817,-0.316941,1.59268,-0.664395,-1.15631,0.443021,-1.49549,-0.566656,-0.569329,0.111813,1.04674
1.15157,0.602985,-0.316941,-1.33095,0.0452991,-1.15631,1.19987,-1.49549,-0.566656,-0.569329,1.23844,-0.953958
-0.493529,-0.195272,3.26813,-0.656269,-0.564291,0.86357,-0.678705,-1.49549,-0.566656,-0.569329,-0.210081,1.04674
-0.493529,-0.173583,-0.316941,-1.33095,-0.216167,0.86357,0.456565,0.681488,1.65489,1.70141,0.295753,1.04674
-0.493529,-0.195272,3.26813,0.917994,1.05381,0.86357,0.33069,0.681488,-0.566656,-0.569329,3.0491,1.04674
-0.493529,-0.195272,3.26813,0.0184153,4.1167,0.86357,1.37912,0.681488,-0.566656,-0.569329,-0.405516,-0.953958
2.38539,0.4527,-0.316941,1.14289,-0.664395,-1.15631,2.99957,-1.49549,-0.566656,-0.569329,-1.03781,-0.953958
-0.493529,-0.166481,-0.316941,1.36778,-0.241567,0.86357,-0.393493,-1.49549,-0.566656,-0.569329,-0.118111,-0.953958
-0.493529,-0.195272,-0.316941,-0.656269,0.38147,0.86357,0.834988,0.681488,-0.566656,-0.569329,0.203783,1.04674
-0.493529,-0.194888,-0.316941,-0.656269,-0.365576,0.86357,1.3592,0.681488,-0.566656,-0.569329,-0.462998,1.04674
2.17975,1.09069,-0.316941,-0.656269,2.32379,-1.15631,2.18297,-1.49549,-0.566656,-0.569329,-1.03781,-0.953958
-0.493529,0.190517,-0.316941,-0.206479,-0.58969,0.86357,-2.47124,0.681488,-0.566656,-0.569329,1.14647,1.04674
-0.493529,-0.128095,-0.316941,1.36778,-0.428328,0.86357,-0.917709,0.681488,-0.566656,-0.569329,-0.57796,1.04674
-0.287892,0.188598,-0.316941,-0.881164,3.51906,-1.15631,1.11383,0.681488,-0.566656,-0.569329,-0.531975,-0.953958
-0.0822548,-0.118498,-0.316941,0.468205,-0.216167,-1.15631,-0.60541,-1.49549,1.65489,1.70141,-0.57796,-0.953958
-0.493529,-0.194696,-0.316941,-1.10606,-0.489586,0.86357,0.430275,0.681488,1.65489,1.70141,0.341737,1.04674
-0.287892,-0.0240658,-0.316941,0.468205,0.157356,-1.15631,1.29308,-1.49549,-0.566656,-0.569329,0.876311,-0.953958
-0.0822548,0.0542436,-0.316941,1.14289,-0.61509,-1.15631,-0.525742,0.681488,-0.566656,-0.569329,0.801586,1.04674
-0.287892,-0.19508,-0.316941,-1.33095,-0.61509,-1.15631,-0.971087,0.681488,1.65489,1.70141,0.111813,1.04674
