284,0.169091,0.0692225,0.0865394,-0.720412,-0.662881,0.0173171,-0.720124,0.110398,-0.772184,0.0996093,-0.61516,0.0303305,-0.662016,0.0734087,-1.06644,-0.707858,0.126583,-0.0110719,-0.71516,-0.704453,-0.624191,0.117194,-0.64799,-0.044733,-0.0214138,-0.66058,0.0897549
289,-0.564689,-0.19824,0.108835,0.862222,0.725144,0.0672331,0.92964,0.116259,0.456118,0.172824,0.965166,0.0338149,0.600649,0.0979716,0.544492,0.74803,-0.0427739,0.222857,0.555804,0.216629,0.945028,-0.263169,1.05591,0.0278002,-0.171327,0.560257,0.0828904
335,-0.245335,-0.13,0.248809,0.981943,1.24485,-0.0136403,0.898331,0.337972,0.9627,0.285746,1.13299,0.222289,1.06376,0.115233,0.887728,0.767382,-0.130918,0.203405,1.04394,0.720619,1.00462,-0.222911,0.985503,0.184034,0.165322,1.0229,0.0748383
319,-0.209249,-0.101468,0.254762,0.795186,0.94366,-0.0457105,0.82099,0.353429,0.820016,0.289146,0.873982,0.2279,0.86393,0.0462836,0.634611,0.617553,-0.0595374,0.20471,0.762511,0.419499,0.86274,-0.0835469,0.864281,0.197507,0.119989,0.956893,0.0644913
48,-0.518869,-0.413104,-0.246436,0.906477,0.753576,-0.434217,0.878079,-0.247206,0.882769,-0.257847,0.728974,-0.41485,0.706763,-0.323604,0.535619,0.730891,-0.0807183,-0.442304,0.844904,0.68377,0.903042,-0.404413,0.82829,-0.541277,-0.351559,0.698473,-0.225889
213,-0.670052,-0.137558,0.108835,0.075436,1.24485,-0.155185,0.963054,-0.421879,0.9627,0.215349,1.13299,0.156951,1.0793,0.115965,0.887941,0.767382,0.223109,1.12004,-0.190897,0.720619,1.00462,-0.602041,1.05591,-0.0309181,-0.567397,1.0229,-0.280302
331,-0.404103,-0.12992,0.207004,0.931201,0.877001,-0.0814021,0.764673,0.363164,0.710938,0.235767,0.812948,-0.0148687,0.635951,0.128256,0.566925,0.550131,0.140469,0.139792,0.823242,0.207628,0.809081,-0.0983402,0.806328,0.122241,0.0755243,0.943624,0.164318
136,1.0976,0.49802,-1.67554,-2.20436,-1.43759,-0.212213,-1.95728,-0.708332,-1.61525,0.293255,-0.296603,0.157876,-2.39361,-0.998804,0.391723,-0.728748,0.536156,0.0582852,-2.41358,-3.2978,-1.7386,1.70762,0.958489,-1.06097,-1.61795,-1.53401,-1.66368
63,0.264265,0.998856,2.00473,-1.45189,1.24485,-0.0451432,-0.739347,-1.82659,0.720502,0.014795,-0.256129,2.02354,1.0793,-0.017079,0.887941,-0.755466,2.16482,-1.93975,0.714106,-0.00639301,-0.500314,1.70762,-2.25662,2.1043,-0.862457,-0.346258,-2.00576
75,-2.44155,1.83196,-1.78706,1.00005,1.24485,-2.33683,0.963054,-1.82659,0.9627,-1.69167,-0.61684,2.02354,1.0793,1.97278,0.887941,-1.15621,2.16482,0.00738697,1.04394,0.720619,1.00462,1.70762,-2.25662,-2.16613,-1.94589,1.0229,2.02032
66,-0.285574,-0.0778456,0.627854,0.931282,0.868984,-0.0595421,0.963054,-0.628076,0.9627,0.0869008,1.03812,0.514804,0.84917,-0.120705,0.818472,0.767382,0.53482,-0.421392,1.04394,0.720619,1.00462,0.35896,1.0548,-0.187408,0.0640801,0.773345,-0.487886
109,-1.11507,-1.93471,-1.31111,1.00005,-0.0859323,-1.41039,0.366609,-1.37239,0.9627,-1.29144,1.13299,-1.91367,0.749723,-1.66738,-0.00749857,0.751031,-1.39684,-1.93975,0.386075,0.720619,1.00462,-0.782774,0.561018,-1.65607,-1.94589,0.651991,-1.59516
181,-0.860193,-0.805871,-0.510761,0.145612,-0.317286,-0.942277,0.542842,-0.885424,0.763889,-0.753352,-0.342869,-0.715633,-0.435286,-1.01443,-0.483453,0.763823,0.444909,-0.992059,-0.270506,0.720619,0.567931,-0.799912,0.28038,-1.02599,-0.774995,0.0723979,-1.22448
200,-0.374796,1.83196,-1.78706,1.00005,-0.66843,2.02646,0.963054,2.10658,-1.00943,0.126426,1.13299,2.02354,1.0793,0.0462836,0.887941,-1.15621,-0.100517,-1.93975,1.04394,-1.28859,1.00462,-0.313329,1.05591,-0.0309181,1.91387,-0.57386,-2.00576
146,-0.245624,0.000679619,0.108835,-0.365197,-0.66843,-0.155185,-0.694408,-0.781844,0.22315,0.126426,-0.671522,0.116457,-1.90523,-0.676154,-0.988737,-1.03598,0.253442,0.00738697,-0.630796,-2.60713,-0.431445,-0.313329,-0.600356,0.169258,-0.196937,0.124724,-0.307256
170,-2.44155,-2.20948,0.108835,-0.61802,-0.66843,-2.33683,0.963054,-1.82659,0.9627,-1.69167,-2.36667,2.02354,1.0793,-1.88022,0.887941,0.767382,2.16482,-1.93975,-2.41358,-3.2978,-2.05898,-2.33428,-0.600356,-0.0309181,-0.0160101,-2.17062,0.00728077
6,-0.939887,-1.21456,-1.4032,0.31957,-0.933074,-1.4955,0.613078,-1.46541,0.686523,-1.37369,-0.691418,-1.56709,-0.577172,-1.37241,-0.784671,0.663527,-0.340689,-1.57599,-0.290802,0.672157,0.615968,-1.28195,-0.0720401,-1.75991,-1.49357,0.0305467,-1.36332
305,-0.409827,0.393488,0.205241,0.259572,0.790846,-0.931696,0.39099,0.439979,-0.407774,0.12159,0.836413,-0.0117977,0.490679,0.111592,0.254219,0.669567,-0.177312,-0.289629,0.0184032,-0.232911,0.744991,-0.587349,0.831337,-0.248048,0.572759,0.319242,0.0414017
350,-0.563677,-0.195856,0.192141,0.769701,0.972474,-0.17818,0.652343,-0.157235,0.744345,0.0387575,0.708606,0.0410987,0.700877,-0.0214329,0.522717,0.260285,0.206051,-0.122643,0.809983,0.413411,0.686951,-0.17837,0.575626,-0.162255,-0.199156,0.818039,-0.0846949
113,1.36586,1.59448,0.661715,-1.17088,-1.38461,1.83892,-0.492025,0.210616,-0.0695139,-0.0907093,-1.51365,-0.499874,-1.78519,1.2894,-2.43886,0.60203,0.429459,-0.859187,-1.90944,0.720619,-0.863871,1.54049,-1.82768,-1.16939,0.844988,-1.39396,1.52747
41,-0.374796,1.83196,2.00473,-2.23609,-0.66843,-2.33683,0.963054,-1.82659,-1.00943,-1.69167,1.13299,-1.91367,-2.39361,-1.88022,0.887941,0.767382,-2.36586,1.95452,-2.41358,-3.2978,-0.25273,1.70762,-2.25662,-0.0309181,-1.94589,-0.434143,-2.00576
143,-0.487041,-0.236917,0.105688,-0.613473,-0.668583,-0.187517,-0.616747,0.138225,-0.863395,0.125554,-0.61705,0.0544656,-0.657466,0.036208,-1.04976,-0.691892,-0.334867,0.00715332,-0.685356,-0.665052,-0.515831,-0.387881,-0.60082,-0.0310462,-0.0217805,-0.572615,-0.0106956
11,0.37372,1.83196,2.00473,1.00005,1.24485,-2.33683,0.963054,-0.664104,0.9627,-1.01434,1.13299,-1.91367,1.0793,-1.7569,0.887941,0.767382,-1.32856,-1.93975,1.04394,0.720619,1.00462,-1.14432,1.05591,-2.16613,1.91387,1.0229,-0.583626
128,-2.44155,-1.38527,-1.78706,0.905473,-0.66843,1.27521,-1.06284,0.139995,0.348756,-1.69167,-0.539025,0.054938,-0.657153,0.0462836,0.887941,-1.80392,-0.100517,1.2123,-0.68482,-1.28859,-0.990413,0.320946,-0.899196,-0.0309181,-0.0160101,-0.57386,0.337238
157,0.647647,0.442046,-0.613405,-1.45273,-0.157202,0.554721,-1.19268,0.145207,-0.972908,-0.45062,-0.181692,-0.372111,-0.381526,-0.177961,-0.980039,-0.341991,0.41487,-0.466527,-1.08727,-0.342453,-1.15935,0.777336,-0.845732,0.0594655,-0.296808,-1.37224,0.145737
77,1.69196,1.83196,2.00473,1.00005,-2.58171,2.02646,0.963054,-1.82659,0.9627,1.94452,-2.36667,2.02354,-2.39361,1.97278,0.887941,0.767382,2.16482,-1.93975,1.04394,0.720619,1.00462,1.70762,-2.25662,2.1043,1.91387,-2.17062,-2.00576
315,1.50268,1.21746,-1.18676,-2.00637,0.532439,0.702396,-1.65087,-1.34543,-0.894417,-1.17359,0.37402,-1.07994,0.0491501,-0.416404,-0.719154,0.159316,0.697607,-0.708478,-0.877524,0.481222,-1.70829,1.43459,-1.25899,-0.315008,-0.981377,-1.87747,0.176537
326,1.6469,0.924372,-1.66928,-2.12284,0.775999,0.17625,-1.92446,-1.53884,-1.27255,-1.00005,0.934456,-0.498693,0.835799,-1.09765,0.259082,0.100935,0.830832,0.198206,-0.0569706,0.530689,-2.00737,1.36937,-0.637622,0.957707,-1.66037,-1.72134,-0.507131
198,1.58947,-1.79146,0.239557,0.169721,-0.668143,2.02646,-2.25142,0.270557,0.9627,0.104864,-0.630156,0.022023,-0.664151,-0.482753,-0.982577,-3.0798,-2.36586,0.00948988,-0.632594,-0.547674,-0.675414,-1.09564,-0.798711,-0.0239787,-0.405615,-0.0668079,0.943383
35,-1.21071,-1.99478,-1.78706,-0.333418,1.24485,1.44599,0.963054,1.81862,0.585885,-0.029403,1.13299,-0.658681,1.00953,1.54965,0.887941,0.767382,-2.36586,1.27824,1.04394,0.040723,1.00462,-2.33428,1.05591,0.710684,1.62956,1.0229,1.43617
267,-0.0394654,0.0588158,0.246951,0.544628,0.112589,0.278263,0.164756,0.66415,0.107248,0.629803,0.144057,0.617447,0.145367,0.314202,-0.0997875,0.487115,-1.48072,0.578366,0.21192,-0.104362,0.451744,0.175175,0.540381,0.608408,0.520787,0.293262,0.867149
111,1.07115,1.54241,0.886075,-0.896991,-1.48946,1.72722,-0.328891,0.646333,0.0665435,0.286746,-1.5769,-0.0989281,-1.65112,1.3129,-2.27046,0.400361,0.33692,-0.380541,-1.70883,0.445036,-0.589388,1.33441,-1.59793,-0.713204,1.0665,-1.11836,1.53286
80,0.0443414,-1.00835,-1.78706,1.00005,1.24485,-0.500997,0.963054,-1.00145,0.9627,-1.353,1.13299,-1.91367,1.0793,-1.13925,0.887941,0.767382,-0.25012,-1.52219,1.04394,0.720619,1.00462,-2.33428,1.05591,-1.0612,-0.528838,1.0229,0.105819
14,-0.193666,0.222009,0.90037,1.00005,1.24485,0.123738,0.963054,0.533962,0.9627,0.79445,1.13299,1.01249,1.00295,0.568115,0.887941,0.767382,0.0666647,0.640051,1.04394,0.720619,1.00462,0.0838078,1.05591,0.966483,0.847767,1.0229,0.219878
231,-0.341769,-0.0934052,0.243405,0.907447,1.24485,-0.11465,0.91826,0.299309,0.87989,0.205623,1.09528,0.0710412,1.03542,0.0326825,0.795787,0.715195,-0.0803106,0.144874,0.927659,0.613107,0.983553,-0.241989,0.995589,-0.0364697,0.0800981,0.999766,0.150911
224,1.69196,-2.20948,0.108835,-0.61802,-0.66843,-0.155185,0.963054,0.139995,0.9627,-1.69167,-2.36667,0.054938,-0.657153,0.0462836,0.887941,0.767382,-0.100517,1.95452,-0.68482,-1.28859,-0.527182,-0.313329,-0.600356,-0.0309181,-0.0160101,-0.57386,0.00728077
193,-0.922403,0.322136,0.648709,0.462446,-0.322394,0.442148,0.648454,0.675419,0.87421,0.591005,-0.224405,0.518899,-0.181694,0.610825,-0.41135,0.755128,0.016125,0.423646,-0.0102077,0.720619,0.602993,0.79215,0.154603,0.376545,0.547516,0.37805,0.585304
150,0.348567,0.366935,0.737816,-0.759601,0.105395,0.302959,-0.495513,-0.331986,-0.373419,-0.391277,-1.09111,0.41913,-1.47329,0.651359,-0.425685,-0.713782,0.550768,-0.600665,-1.6875,-1.70048,-0.672703,-1.01292,-0.105,0.0342059,-0.170401,-1.11975,0.480344
328,1.13521,-0.188763,-0.695478,-1.15737,-0.494494,-0.419622,-1.56956,-0.634723,-1.64257,0.350616,-0.192646,1.18838,1.02669,-1.58831,0.364137,-0.28184,1.06647,0.715444,1.04394,0.720619,-1.40913,0.666528,0.353256,0.680813,-1.12716,-0.719022,-0.96874
104,1.60583,-1.90331,0.108835,0.338113,-0.66843,-0.155185,-0.0840925,0.490107,-0.404342,-0.307445,-0.331827,-0.89954,-0.551907,-1.50806,0.887941,-1.15621,-0.821303,-1.35709,-0.265735,-0.717794,-0.527182,-0.1832,-0.600356,-0.0309181,-0.0160101,0.145897,-0.71711
282,1.28917,1.61645,0.0276151,-1.57001,-0.839419,1.63732,-0.96587,-0.388683,-0.319955,-0.717862,-1.0786,-1.15469,-1.46325,0.823973,-2.27431,0.392012,0.535635,-1.37187,-1.98611,0.599504,-1.13577,1.51367,-1.94718,-1.55275,0.348506,-1.79227,1.27282
288,-0.547101,-0.728781,-0.367053,0.816302,1.01981,0.280358,0.809499,-0.0407932,0.754739,0.0735559,0.711895,-0.0257944,0.710722,0.027192,0.616091,0.381625,-0.00251879,0.432097,0.813337,0.461652,0.842398,-0.354313,0.707333,0.165372,-0.672634,0.774639,-0.0861644
73,-0.374796,-0.188763,0.108835,-0.277708,-0.66843,-0.683273,-0.644182,0.678467,-1.00943,1.28077,-0.61684,0.054938,-0.657153,1.55232,0.42669,-1.15621,0.780451,0.00738697,0.584311,0.106685,-0.211096,-0.313329,-0.600356,-0.0309181,-0.0160101,0.167501,0.398696
65,-0.200693,1.03575,0.612858,1.00005,1.24485,0.61945,0.963054,-0.515528,0.310674,0.416267,1.13299,0.0166093,-0.00283943,-0.782593,0.887941,0.767382,0.139563,0.444792,0.888918,0.414878,1.00462,0.233095,0.875874,0.767844,1.20939,0.359033,0.0610691
100,0.764956,-0.188763,-1.78706,0.547945,-0.66843,-0.155185,-0.644182,-1.82659,0.585668,-1.69167,1.13299,-1.91367,1.0793,-1.11528,-2.98649,-1.15621,-2.36586,-1.93975,-2.41358,0.720619,-0.527182,-2.23026,-0.295901,-0.0309181,-0.0160101,0.600224,-1.5469
266,0.0855318,0.711368,0.252695,-1.06284,-0.895995,0.905877,-0.768373,0.0764942,-0.713612,-0.100582,-0.966141,-0.333153,-1.13537,0.755582,-1.70681,0.0736391,0.377605,-0.472544,-1.3501,0.251007,-0.527182,0.890449,-1.27169,-0.612081,0.348043,-1.47022,0.853038
70,0.143297,0.592105,1.23608,1.00005,0.69943,0.535828,0.963054,1.48369,0.9627,1.42408,0.684843,1.37684,0.829444,1.08363,0.684572,0.767382,-0.0205735,1.67435,0.864024,0.720619,1.00462,0.26826,1.05591,1.58836,1.16637,1.0229,1.32987
129,-0.433574,-0.214446,0.018894,1.00005,1.21462,-0.211493,0.963054,0.0509678,0.920654,0.0632837,1.13299,0.00615601,1.02756,0.0467652,0.872211,0.767382,-0.080673,-0.0676752,0.975114,0.658997,1.00462,-0.384264,1.05591,-0.118718,-0.0664187,0.998712,-0.0163724
329,-0.336995,-0.170273,0.212882,1.00005,1.19818,-0.148531,0.865045,0.235926,0.770299,0.166897,1.13299,0.0729508,0.920486,0.0227803,0.687749,0.667682,-0.100517,0.114246,1.03866,0.481724,0.939238,-0.276365,0.914515,-0.0569677,0.0310597,0.930403,0.0625185
53,-2.44155,1.83196,-1.78706,-2.23609,1.24485,-2.33683,0.963054,2.10658,-0.940111,-1.69167,-2.36667,-1.91367,-2.39361,1.97278,0.887941,-3.0798,-2.36586,1.95452,-1.01079,-2.65355,0.831262,-2.33428,-2.25662,0.686749,-1.94589,0.764866,2.02032
3,-0.374796,-0.188763,0.108835,0.257259,-1.28799,0.161502,-0.644182,1.92359,-1.00943,1.94452,-0.167448,-0.340732,1.0793,-1.00302,-0.0494199,0.767382,-1.12357,1.95452,1.04394,0.720619,-2.05898,-0.313329,-0.600356,2.1043,1.91387,-2.17062,-0.784446
83,0.830203,0.710923,0.581595,-0.315749,-0.745209,0.692797,-0.627145,0.521612,-0.50072,0.389705,-0.69707,0.258669,-0.740139,0.746624,-1.13285,0.427522,-0.492738,0.144933,-0.734297,0.0816505,-0.510945,-0.620391,-0.601731,0.0670028,0.577333,-0.40513,0.836008
349,-0.372523,-0.217781,0.0648504,0.860588,1.00383,-0.254013,0.787238,0.0987166,0.681592,-0.0146582,1.06338,-0.28441,0.78381,-0.202774,0.677695,0.731256,-0.138054,-0.065767,0.889212,0.531914,0.860749,-0.380323,0.925976,-0.377741,0.00743797,0.715894,-0.0105145
5,-0.237626,-0.188763,0.125671,-0.62357,-0.669176,-0.494212,-0.644182,0.109808,-0.71941,0.294109,-0.61684,0.0693482,-0.793622,-0.0580171,-1.11204,-1.3471,-0.113928,0.00738697,-0.624089,-1.24163,-0.597216,-0.440689,-0.575197,0.225542,0.0547973,-0.758686,-0.197968
216,1.69196,-2.20948,-1.78706,1.00005,1.24485,-2.33683,0.963054,2.10658,0.9627,1.94452,1.13299,2.02354,1.0793,1.97278,0.887941,0.767382,-2.36586,1.95452,1.04394,0.720619,1.00462,-2.33428,1.05591,-2.16613,1.91387,1.0229,2.02032
161,-0.188024,-0.312512,0.151303,0.736612,0.844762,-0.0786096,0.771005,0.101804,0.65341,0.0595566,0.676916,-0.0715054,0.873098,-0.227087,0.546661,0.419731,-0.0988184,-0.0304264,0.692756,0.434026,0.672859,-0.0718456,0.898814,-0.227059,0.00705199,0.760555,-0.129525
341,-0.325318,-0.126666,0.227158,0.901817,1.19218,-0.104178,0.929109,0.299427,0.858591,0.258329,1.10132,0.214159,1.00465,0.147984,0.824187,0.767382,-0.0988184,0.165611,0.94289,0.680475,0.991901,-0.270282,1.05591,0.153052,0.0905967,0.919944,0.122286
55,0.600153,-2.20948,-0.778461,-0.662566,-2.58171,2.02646,-2.25142,0.60824,0.408038,-1.69167,-2.36667,-0.711125,-2.39361,-0.765023,0.887941,-3.0798,-0.569103,-1.93975,-2.41358,-1.12116,-2.05898,-1.58093,-2.25662,1.28134,-1.94589,-1.24631,1.19803
324,1.4004,1.17678,-0.984696,-1.86424,0.115172,0.750719,-1.47614,-1.03905,-0.838921,-0.839475,0.19139,-0.675178,-0.0961218,-0.216722,-0.751719,0.229046,0.713872,-0.375829,-0.733986,0.453173,-1.57974,1.42713,-1.13926,0.00794275,-0.830556,-1.68197,0.206531
62,0.0924967,0.758935,1.33586,0.651728,-0.245576,0.918727,0.709914,1.22626,0.800176,1.38326,-0.0232793,1.55397,-0.0375165,1.14395,-0.210131,0.754917,0.280082,1.30893,0.150359,0.720619,0.713742,0.436584,0.320296,1.64917,1.10469,0.465489,0.979799
178,-0.374796,-0.574135,-0.0157439,-0.61802,-0.346482,-0.155185,-0.458739,0.316477,-1.00943,-0.071692,-0.571974,0.244219,-0.440096,0.0462836,-0.713982,-1.15621,-0.478082,-0.0862314,-0.549061,-0.915078,-0.527182,-0.313329,-0.685289,0.386537,-0.0160101,-0.57386,0.00728077
244,-0.374796,0.206409,-0.245071,1.00005,1.06628,-0.271532,0.963054,0.139995,-1.00943,-1.69167,1.13299,0.054938,-0.657153,0.0462836,0.887941,0.767382,-0.100517,0.236721,-0.68482,-1.28859,1.00462,-1.1711,1.05591,-0.234959,-0.0932055,-0.57386,-1.63447
84,-0.322817,-0.0303385,-0.24454,0.652974,0.409913,-0.0422198,0.506567,0.195276,0.685556,0.00575902,0.415981,-0.361501,0.272719,0.0177906,0.132601,0.107206,-0.164196,-0.266244,0.445527,0.215343,0.59221,-0.13694,-0.0270394,0.0322628,0.118175,0.47962,-0.552565
250,-2.44155,-0.413285,-1.78706,-0.61802,1.24485,-0.155185,0.963054,0.139995,-2.98156,-1.69167,-0.61684,0.054938,-0.657153,1.97278,0.887941,-1.15621,-0.100517,0.00738697,-0.68482,-1.28859,-0.527182,-0.313329,1.05591,2.1043,1.91387,-2.17062,0.00728077
228,1.69196,-2.20948,-1.78706,1.00005,1.24485,2.02646,0.963054,-1.82659,0.9627,1.94452,1.13299,-1.91367,1.0793,-1.88022,0.887941,0.767382,-2.36586,1.95452,1.04394,0.720619,1.00462,1.70762,1.05591,2.1043,-1.94589,1.0229,2.02032
214,1.69196,-2.20948,2.00473,1.00005,1.24485,2.02646,0.963054,-1.82659,0.9627,1.94452,1.13299,2.02354,1.0793,-1.88022,0.887941,0.767382,2.16482,1.95452,1.04394,0.720619,1.00462,1.70762,1.05591,2.1043,1.91387,1.0229,-2.00576
46,-0.580045,-0.627159,-0.604835,0.858242,0.768729,-0.702755,0.909597,-0.705442,0.959505,-0.657574,0.746612,-0.78355,0.756895,-0.573125,0.561946,0.767382,-0.185015,-0.926791,0.805592,0.720619,0.932437,-0.592502,0.855072,-1.10177,-0.685506,0.872504,-0.685204
320,-0.407141,-0.232956,0.0133011,0.992412,1.22516,-0.222532,0.963054,0.0430228,0.9627,0.0259399,1.11649,-0.0691628,1.06888,-0.0202192,0.88488,0.767382,-0.127226,-0.119119,1.04394,0.720619,1.00198,-0.370097,1.05591,-0.173294,-0.0909089,1.01195,-0.0579014
164,1.69196,1.83196,2.00473,1.00005,-0.66843,-0.155185,0.963054,2.10658,0.9627,1.94452,-2.26824,2.02354,1.0793,1.97278,0.887941,0.767382,2.16482,1.95452,1.04394,0.720619,-0.527182,-0.250174,-0.0827728,-0.0309181,1.91387,1.0229,-2.00576
9,-0.928892,-0.188763,0.108835,-1.21886,-0.825471,0.686972,-0.644182,0.113918,-0.783228,0.084719,-0.326455,0.054938,-0.657153,0.472329,-0.649337,-1.15621,-0.292143,0.476375,-0.940728,-1.32604,-1.04272,-1.08476,-0.600356,0.781851,-0.0160101,0.443725,0.309599
21,-2.44155,-0.188763,0.108835,-2.23609,-2.58171,-2.33683,-0.644182,0.139995,-2.98156,-1.69167,-2.36667,2.02354,-2.39361,1.97278,0.887941,-1.15621,2.16482,1.95452,-0.68482,0.720619,-2.05898,-0.313329,-0.600356,2.1043,1.91387,-2.17062,-2.00576
183,-0.934266,-1.19183,-1.02284,-0.0152244,-0.811103,-1.24529,0.485737,-1.11078,0.601839,-0.95696,-0.649037,-1.02638,-0.781518,-1.3429,-0.868882,0.698498,-0.541081,-1.04551,-0.429828,0.564845,0.443028,-0.897564,-0.0453577,-1.05364,-1.06147,-0.141616,-1.41652
144,-0.617949,-0.466107,-0.337249,0.270333,0.23194,-0.369073,0.427314,-0.361288,0.227982,-0.322062,0.137985,-0.562672,0.330248,-0.369243,-0.0339997,0.239337,-0.278188,-0.412591,0.0948141,-0.0279116,0.463983,-0.551093,0.503827,-0.617056,-0.394422,0.302795,-0.229553
123,-0.503968,0.0217355,0.464315,0.0898854,-0.0306768,-0.109742,-0.1754,-0.22874,-0.352061,-0.0565472,0.40389,-0.109106,0.0663757,-0.395212,-0.196668,-0.0341204,-0.00612068,-0.601094,-0.000526704,-0.409561,0.302547,-0.313329,-0.186289,-0.164369,0.144807,-0.00833447,-0.454047
140,-0.350574,0.142757,0.767961,0.924211,-2.58171,-0.163715,-2.25142,0.132306,0.908782,0.37656,-2.36667,-0.075797,0.90972,-0.00638692,0.540036,-3.0798,-0.180167,-0.357701,0.969651,0.610736,-2.05898,-0.352798,-2.14663,-0.764898,0.210153,0.898164,-0.0634976
322,-0.257528,-0.167263,0.283636,1.00005,1.12272,-0.0778242,0.928852,0.230655,0.661989,0.18546,1.13299,0.103799,0.986941,-0.015191,0.777616,0.767382,-0.0603529,0.0281045,0.872287,0.521125,0.966596,-0.241666,1.05591,0.0145192,0.13454,0.858692,-0.0569552
281,1.08908,1.61956,1.0649,-1.01836,-1.94902,1.88862,-0.404077,0.747908,0.10851,0.410395,-1.9327,-0.0316609,-1.96655,1.50183,-2.54281,0.692977,0.351622,-0.34156,-1.87509,0.606717,-0.448034,1.36871,-1.68546,-0.764727,1.19138,-1.25745,1.697
245,-0.463377,-0.324434,0.0140405,0.722664,0.903194,-0.148946,0.731146,0.0051463,0.559813,-0.0311847,0.808031,-0.150368,0.776656,-0.182142,0.531454,0.481594,-0.0163827,-0.0899699,0.646322,0.341743,0.796735,-0.313329,0.795645,-0.354254,-0.17868,0.719518,-0.102007
163,1.45932,0.0288283,-0.559088,-1.68643,-0.883004,-0.832454,-2.14039,-0.318692,-1.85005,0.514463,-0.2727,1.20283,-0.000252108,-1.61172,0.33967,-0.408182,0.788674,1.29863,0.660394,0.423437,-1.843,0.696741,0.470404,1.35554,-1.56949,-0.881397,-1.10516
187,1.69196,1.83196,-0.523122,-2.23609,1.24485,2.02646,-0.644182,-1.82659,-1.6668,-1.69167,-0.61684,-1.91367,1.0793,-1.23806,-0.676652,0.767382,1.33906,-1.93975,-1.26107,0.720619,-2.05898,1.70762,-2.25662,-1.4544,-1.80185,-2.17062,0.00728077
312,-0.630081,-0.223742,0.0579304,1.00005,1.24485,-0.294243,0.963054,-0.311888,0.9627,0.00237736,1.13299,0.218312,1.0793,0.159947,0.887941,0.767382,0.266354,-0.26899,1.04394,0.720619,1.00462,-0.343865,1.05591,-0.189757,-0.211083,1.0229,-0.136792
19,1.69196,1.83196,1.17527,-2.23609,1.24485,-0.155185,-1.79938,2.10658,0.9627,1.94452,1.13299,-1.91367,1.0793,1.97278,0.887941,-1.15621,-2.36586,1.95452,-2.41358,0.720619,-0.527182,-2.33428,1.05591,2.1043,1.91387,1.0229,2.02032
135,1.23605,1.54964,0.276129,-1.2248,-1.21708,1.64146,-0.679638,-0.105828,-0.110376,-0.312299,-1.38883,-0.784613,-1.61476,0.967035,-2.36513,0.597644,0.765635,-0.980493,-1.96868,0.513791,-0.842549,1.48473,-2.02523,-1.23983,0.721881,-1.37224,1.36904
28,0.958673,1.00575,2.00473,1.00005,0.335639,1.3885,0.963054,2.10658,0.926649,1.94452,0.509317,2.02354,0.642098,1.87837,0.57603,0.767382,0.0893181,1.95452,0.899135,0.720619,1.00462,0.654786,1.02348,2.1043,1.91387,1.0229,1.67361
273,-0.323706,-0.284121,0.0406588,0.309182,0.492432,-0.135572,0.507965,0.237224,0.15168,0.141407,0.338691,-0.015853,0.170094,-0.0965856,0.0469566,0.019567,-0.181979,0.213044,0.119345,-0.281735,0.491724,-0.322403,0.352461,-0.203657,0.257204,0.459549,0.057043
241,-0.63841,-0.164939,-0.126881,0.791933,1.08695,-0.454484,0.783895,-0.243627,0.749217,-0.144525,0.930432,-0.198264,0.807582,0.000856716,0.660221,0.571522,-0.119931,-0.353651,0.873463,0.481584,0.863414,-0.534259,0.771877,-0.390211,-0.297329,0.875714,-0.115696
263,0.864739,1.35024,1.29585,-0.470226,-1.60226,1.57972,-0.00612549,1.13291,0.240663,0.867356,-1.54115,0.591422,-1.53083,1.51545,-1.94456,0.517334,0.203605,0.380692,-1.38586,0.507844,-0.155476,1.12187,-1.10159,0.0965968,1.27558,-0.720108,1.60962
313,-1.43237,-0.476655,-0.0522209,0.932948,0.838487,-0.210642,0.963054,0.107271,0.623671,0.094264,0.79412,0.0181842,0.774155,1.23569,0.580543,0.506177,-0.104029,-0.0307185,0.797432,0.63139,0.993341,-0.103797,0.848745,-0.0744551,-0.330986,0.767629,-0.305102
158,-0.50248,-0.0315509,0.104493,-0.147777,-0.44515,-0.449728,-0.445576,-0.0625044,-0.761219,0.151389,-0.448664,-0.0756986,-0.462445,0.187361,-0.885251,-0.887694,-0.0849772,-0.135202,-0.423726,-1.11387,-0.30285,-0.336448,-0.414639,-0.177501,-0.0160101,-0.270587,-0.0894456
338,1.52647,0.313689,-0.439381,-0.993849,-0.41251,-0.162537,-1.66822,-0.225004,-1.50505,-0.0826187,-0.241623,0.165455,-0.118765,-0.895505,-0.282157,-0.849011,0.149621,0.407329,-0.195461,-0.62979,-2.02298,0.225537,-0.445578,0.533248,-1.75273,-1.06122,-0.393495
78,1.69196,1.83196,2.00473,1.00005,-2.22551,1.52747,0.963054,2.10658,0.9627,1.94452,-0.920786,2.02354,-0.469286,1.97278,-0.308193,0.767382,0.44697,1.95452,0.43244,0.720619,1.00462,1.70762,0.884437,2.1043,1.91387,1.0229,2.02032
236,-0.101365,0.558197,0.676863,-0.680979,-1.03322,0.345654,-0.250184,0.700119,-0.549018,0.603786,-0.780257,0.346016,-0.913906,0.52604,-1.16597,-0.362823,0.25206,0.613492,-0.727935,-0.514623,-0.390102,0.197809,-0.471465,0.583895,0.171729,-0.493096,0.7514
86,-0.468379,-0.470896,-0.170183,0.627586,0.732243,-0.204578,0.429323,-0.156842,0.292924,0.0209583,0.895278,0.0995072,0.50266,-0.106392,0.382056,0.32459,0.0020572,0.080872,0.782997,0.0685706,0.576861,-0.290451,0.624652,-0.0147973,-0.474821,0.414329,0.181992
249,1.50967,1.03969,-0.136948,-1.32452,-0.6254,0.670697,-1.19236,-0.110627,-0.677108,-0.0597834,-0.577924,-0.083573,-0.639216,0.0593453,-1.08974,0.767382,1.03215,-0.0732635,-0.819352,0.720619,-1.19842,1.3126,-0.868307,-0.0739854,-0.190182,-1.15949,0.343639
99,-0.169195,-0.0402804,0.339849,0.525648,0.430844,0.0289889,0.576257,0.443735,0.296711,0.373833,0.428842,0.400212,0.48382,0.0462836,0.193604,0.364851,0.0121606,0.293558,0.473723,0.199913,0.616994,0.316237,0.528936,0.291798,0.203128,0.441889,-0.150803
173,-0.562684,-0.739875,0.281191,1.00005,1.24485,-0.551851,0.963054,-0.0387873,0.9627,0.0370849,1.13299,0.949767,1.0793,0.0462836,0.887941,0.767382,0.929193,-0.523656,1.04394,0.720619,1.00462,-0.313329,1.05591,-0.419143,-0.717793,1.0229,0.190286
277,-0.424956,-0.0906772,0.59661,0.14388,0.0467344,-0.144604,-0.105838,-0.155957,0.120245,0.195787,-0.158139,0.398971,0.0256211,0.0556271,-0.341281,-0.586594,0.119424,0.00738697,-0.14773,-0.29373,0.275893,-0.26428,-0.286792,-0.072384,0.0964056,0.116006,-0.207712
31,-2.44155,-0.225944,-1.78706,1.00005,1.24485,-2.33683,0.963054,0.139995,0.9627,1.94452,1.13299,-1.50304,1.0793,-1.60247,0.887941,0.767382,-2.36586,1.95452,-0.68482,0.720619,1.00462,-2.33428,1.05591,2.1043,1.91387,1.0229,2.02032
105,1.00873,-0.441212,-0.394922,1.00005,1.24485,-0.482802,0.963054,-0.447071,0.767124,-0.479073,1.13299,-0.672087,1.0793,-0.348475,0.887941,0.767382,-1.21758,-0.785877,1.04394,0.609912,1.00462,-0.517525,1.05591,-0.986191,-0.468606,1.0229,-0.348644
153,1.46687,0.944438,-0.935593,-1.69331,0.295403,0.755497,-1.40993,-1.1342,-0.984445,-0.899345,0.189115,-0.769927,-0.0189711,-0.329866,-0.737674,0.239433,0.54993,-0.431401,-0.756027,0.613187,-1.68953,1.39387,-1.11133,-0.158604,-0.865159,-1.61856,0.15238
272,-0.384344,-1.06612,0.400025,0.346091,0.652746,1.04395,0.632703,0.594179,0.279514,0.448302,0.543579,0.204965,0.413597,0.468958,0.283045,0.315915,-0.199921,0.393719,0.43308,-0.0125412,0.583631,-0.145307,0.574782,0.753154,-0.506278,0.440244,0.286227
180,0.0603174,-0.0735415,-0.19883,0.560048,0.917582,0.600731,-0.27762,-1.17107,-0.326108,-1.69167,-0.00285876,-0.428571,1.0793,1.06868,0.887941,-3.0798,2.16482,0.400222,1.04394,0.720619,0.010295,-0.171499,-1.09434,0.137657,-0.0160101,-0.209686,-0.0721738
242,0.680116,-0.188763,0.108835,-0.351718,-0.66843,-0.155185,-0.644182,-0.663022,-0.0932189,-1.69167,-0.61684,-1.43382,-1.14192,-0.306902,-2.98649,-1.15621,-1.23319,0.00738697,1.02233,-0.430497,-0.527182,-0.271232,-0.600356,-0.0309181,-0.0160101,0.370897,-0.90698
246,-0.374796,1.83196,0.108835,-0.61802,-0.66843,1.04847,-2.25142,0.139995,-1.00943,1.94452,-0.61684,0.054938,-0.657153,0.0462836,0.887941,-1.15621,-0.100517,0.00738697,-0.68482,-1.28859,1.00462,-0.313329,-0.600356,-0.0309181,-0.0160101,-0.57386,0.00728077
103,-0.199949,-0.688265,-0.639246,0.988286,0.661891,-0.840111,0.698551,-0.238239,0.904049,-0.447457,0.942173,-0.412172,0.756808,-0.358628,0.670837,0.0617705,-0.37451,-0.612913,1.04394,0.634304,1.00462,-0.336044,0.942059,-0.91859,-0.540263,1.00179,-0.419805
175,-0.25323,0.0489749,0.889487,1.00005,1.24485,0.871473,0.963054,-0.0913739,0.9627,0.494137,1.13299,0.170731,1.0793,-0.180369,0.887941,0.767382,0.166,0.69461,1.04394,0.720619,1.00462,0.16218,1.05591,0.471476,0.665123,1.0229,-0.111126
232,-0.374796,-2.20948,2.00473,-0.61802,-2.58171,-0.155185,-2.25142,0.139995,-1.00943,-1.69167,-2.36667,0.054938,-0.657153,0.0462836,0.887941,-3.0798,2.16482,-1.93975,-0.68482,0.720619,-0.527182,-0.313329,1.05591,-2.16613,1.91387,-0.57386,0.00728077
43,-0.858271,-0.950151,2.00473,1.00005,1.24485,-2.33683,0.963054,1.82564,0.9627,1.94452,1.13299,-1.91367,1.0793,-1.88022,0.887941,0.767382,-2.36586,-1.93975,0.244386,-2.58023,1.00462,1.63003,-1.99636,-2.16613,-0.0814911,1.0229,0.285865
61,-0.374796,-0.188763,-1.78706,-0.24889,1.24485,-1.35509,-0.644182,-0.187776,-1.00943,-1.26746,-0.61684,0.426099,-2.39361,-0.768472,0.887941,-1.15621,-0.907545,0.00738697,-0.8685,-1.2551,-0.338894,-0.313329,-0.462339,-0.613661,-0.0160101,1.0229,1.67434
257,-0.215222,-0.177629,-0.365138,1.00005,0.485162,0.318034,0.381026,-0.170903,0.553049,0.255948,0.361596,0.225025,-0.120901,0.145441,0.14651,0.205155,-0.154659,0.152605,0.576791,0.207246,0.556902,0.574554,0.261267,0.432231,0.0655854,0.400629,0.129392
29,1.69196,-2.20948,-1.78706,1.00005,1.24485,-0.155185,-2.25142,2.10658,-2.98156,-1.69167,-2.36667,-1.91367,1.0793,-1.88022,0.887941,0.767382,-2.36586,1.95452,1.04394,-3.2978,-0.527182,-2.33428,1.05591,-2.16613,-1.94589,-2.17062,2.02032
110,1.69196,-0.188763,0.108835,0.387141,-0.66843,-0.155185,-0.644182,0.139995,0.514493,-1.58148,-0.61684,-1.77945,-0.880792,-1.88022,0.887941,-1.15621,-1.52494,0.00738697,-0.68482,0.0356597,-0.527182,-0.8798,-0.600356,-0.0309181,-1.94589,0.768874,-0.450222
210,-0.374796,-2.20948,-1.78706,-0.61802,-0.66843,-0.155185,0.963054,2.10658,-1.00943,1.94452,1.13299,0.054938,-0.657153,0.0462836,0.887941,0.767382,-2.36586,0.980956,-2.41358,-3.2978,-0.527182,-2.33428,1.05591,-0.0309181,1.91387,-0.57386,0.00728077
98,0.305145,-0.188763,-1.78706,1.00005,-0.66843,-0.155185,-0.644182,-1.03227,0.185404,-1.69167,1.13299,-1.91367,-2.39361,-1.17739,-2.98649,-1.15621,-2.36586,-1.93975,1.04394,-3.2978,-0.527182,-1.14935,-2.25662,-0.0309181,-1.94589,0.00867106,-0.530401
154,-0.356981,-0.10167,0.0870513,-0.771462,-0.756402,-0.255497,-0.704228,0.123043,-1.16245,0.15777,-0.571589,0.0775573,-0.612249,0.145922,-1.03258,-1.20595,-0.0679645,0.0297596,-0.630174,-1.17889,-0.654827,-0.446893,-0.662234,-0.0431956,0.0283579,-0.638098,0.16925
230,-0.374796,-0.188763,0.108835,-0.61802,-0.66843,-0.155185,-0.644182,0.139995,-1.00943,1.94452,-0.61684,0.054938,-0.657153,0.0462836,0.887941,-1.15621,-0.100517,0.00738697,-0.68482,-1.28859,-0.527182,-0.313329,-0.600356,-0.0309181,-0.0160101,-0.57386,0.00728077
172,-0.374796,-2.20948,2.00473,1.00005,-0.66843,-0.155185,-2.25142,0.139995,-1.00943,-1.69167,1.13299,-1.91367,-2.39361,0.0462836,0.887941,-1.15621,-0.100517,1.95452,-0.68482,-1.28859,-0.527182,-0.313329,-2.25662,-0.0309181,-0.0160101,-0.57386,1.51706
201,-1.00652,-1.08029,-1.54679,0.510551,-0.400686,-1.44015,0.815478,-1.30216,0.9627,-1.25631,-0.326298,-1.48528,-0.199563,-1.06298,-0.361486,0.767382,-0.744508,-1.41685,0.16597,0.720619,0.632741,-1.30474,0.30173,-1.52557,-1.38575,0.378178,-1.16066
167,1.46232,-0.413285,-0.31247,-1.69674,-1.73137,-0.639989,-2.25142,0.139995,-1.6668,0.944916,-0.227992,1.71551,0.34051,-1.88022,0.735288,-0.123336,0.90629,1.95452,-0.108574,-0.395617,-2.05898,0.360314,0.687855,2.1043,-1.51704,0.313238,-1.55842
184,0.737509,-2.20948,0.108835,-0.61802,0.241697,2.02646,-0.259121,2.10658,0.9627,-1.69167,0.604403,-1.91367,1.0793,1.97278,-0.403543,-2.13135,-2.36586,-1.93975,-1.92136,-3.2978,1.00462,-0.313329,-0.600356,2.1043,1.91387,1.0229,0.00728077
59,-0.374796,-0.188763,-0.404629,0.684866,-0.66843,-1.63233,-0.644182,2.03284,-1.00943,1.94452,-0.61684,1.38784,-2.39361,0.323218,0.887941,-3.0798,-2.36586,0.00738697,-2.15067,-0.943247,-1.467,1.70762,-2.25662,-0.0309181,-0.0160101,0.256122,0.734913
131,-0.122756,-0.0901922,0.219043,-0.0260493,-0.341776,-0.155185,-0.291378,0.331856,-0.62463,0.228985,-0.275413,0.16329,-0.354836,0.187246,-0.675315,-0.499379,-0.0687347,0.00738697,-0.305341,-0.000244826,-0.0788556,-0.217233,-0.207854,0.125315,0.219339,-0.0675744,0.00728077
137,-0.133668,-0.0203763,0.108835,0.244945,0.128776,-0.300635,0.507676,0.402201,-0.28631,0.225313,0.199754,0.120552,0.037429,0.0141688,-0.15401,-0.1303,-0.327051,0.0722851,-0.252631,-0.752794,0.545076,-0.279639,0.559031,-0.137679,0.369967,0.0914633,0.409888
307,0.584735,1.83196,1.01685,-1.15329,-2.42679,2.02646,-0.302661,0.831743,-0.109706,0.3004,-2.36667,-0.274075,-2.39361,1.97278,-2.98649,0.767382,2.16482,-0.814811,-2.41358,-0.259734,-0.79396,1.70762,-2.06615,-1.4307,1.3677,-1.55399,1.99459
169,-0.374796,0.0983815,-0.365138,0.595532,0.622899,0.198851,0.787335,1.12329,0.469667,0.606186,0.601656,0.547089,0.645189,1.00953,0.38318,0.767382,-0.100517,0.573498,0.179558,0.720619,0.804287,-0.0689152,1.05591,0.615902,-0.0160101,0.623712,0.51054
118,-0.350202,0.432185,-0.793496,0.133233,-0.181673,-1.54419,-1.72473,1.52129,0.305329,0.832721,-1.57734,0.828324,0.33511,0.160949,-0.0424847,-2.67246,1.08609,-0.575099,-0.129146,-0.499252,-1.0602,0.50467,-1.38958,-1.22316,0.851685,0.300559,0.318818
343,-0.501261,-0.320656,-0.0615866,0.0659541,-0.11467,-0.314205,0.353895,0.128904,0.0893808,-0.0378935,-0.052834,-0.147946,-0.0391835,0.142454,-0.290933,0.178513,-0.412409,-0.160787,0.0932583,-0.578415,0.382108,-0.524861,0.165518,-0.208141,-0.18528,0.355664,-0.524342
7,-0.374796,-0.188763,0.108835,1.00005,-0.66843,-0.155185,-0.644182,2.10658,-1.00943,1.94452,1.13299,0.054938,-0.657153,-1.88022,0.887941,-1.15621,-0.100517,1.95452,1.04394,-1.28859,-0.527182,-2.33428,-0.600356,-0.0309181,-0.0160101,-2.17062,2.02032
152,-0.455627,-0.0815233,0.0982371,-0.61802,-0.577568,-0.228314,-0.653167,0.150989,-0.998408,0.111191,-0.53864,0.0494456,-0.603792,0.19158,-0.849064,-1.02725,-0.119501,0.00738697,-0.670333,-1.17073,-0.428764,-0.465748,-0.554097,-0.10249,0.0325072,-0.676452,0.198459
10,-1.26571,-1.23699,-1.41819,0.825783,-0.228471,-1.44272,0.902493,-1.61279,0.9627,-1.44623,-0.0744619,-1.59229,0.0426905,-1.32147,-0.134696,0.767382,0.050241,-1.72738,0.280984,0.720619,0.862327,-1.14897,0.444434,-1.93463,-1.4889,0.541894,-1.33087
107,-0.504113,-0.128828,-0.00268126,0.90104,0.796873,-0.610014,0.725521,-0.250805,0.944182,-0.197304,0.787453,-0.271476,0.98022,-0.125849,0.647319,0.461185,-0.0886017,-0.493826,0.929284,0.709549,0.807948,-0.464819,0.854442,-0.624379,-0.0145627,0.995726,-0.253951
239,-0.370166,-0.193289,0.331508,0.735803,0.579276,-0.0111969,0.506406,-0.046988,0.45533,0.0960094,0.76306,0.149628,0.442214,-0.128257,0.303773,0.203654,0.145272,-0.0927933,0.54697,-0.0457534,0.694488,0.00541522,0.409337,-0.13123,-0.0419092,0.522797,-0.325977
176,-0.858499,-1.38186,-1.23241,-0.61802,-1.96091,-2.33683,-0.439002,0.139995,-0.852075,-0.724607,0.686225,-0.908418,-1.04508,-0.107432,-1.42023,-3.0798,-0.100517,1.76811,-0.68482,-1.28859,1.00462,-1.04431,-0.318443,0.945835,1.91387,0.751118,0.00728077
261,0.477781,1.04012,1.47835,-0.0783291,-1.1915,1.11987,0.286375,1.38255,0.35765,1.22994,-1.06333,1.15765,-0.97364,1.27054,-1.28029,0.346673,0.11281,1.01408,-0.836051,0.315362,0.226615,0.699611,-0.566138,0.875843,1.29832,-0.101426,1.37335
114,0.239649,-0.370022,0.109195,-0.600092,-0.66843,-0.229426,-0.694939,0.140035,-0.902838,0.126426,-0.61684,0.054938,-0.657153,0.0481523,-1.04929,-2.55991,1.74768,0.00738697,-0.684872,0.546883,-0.505722,-0.520294,-0.600406,-0.0309181,-0.0145627,-0.568399,-0.00352924
330,-0.352806,-0.20309,0.243292,0.891024,1.10237,-0.155185,0.877565,0.453804,0.822836,0.274874,1.00268,0.187583,0.691378,0.0326247,0.685056,0.364928,0.0842437,0.359527,0.890681,0.371499,0.917701,-0.134172,0.732872,-0.0309181,-0.00232724,0.943624,0.414176
20,-0.593975,-0.986726,-0.779693,0.87261,0.754169,-0.49587,0.963054,-0.653956,0.9627,-0.641375,0.790865,-0.697679,0.658802,-0.619014,0.552434,0.767382,-0.114381,-0.782664,0.730581,0.720619,1.00462,-0.537108,0.990654,-0.992597,-0.866549,0.806909,-0.634556
92,0.00261365,-0.654398,0.0359381,0.00810814,0.296532,0.670042,0.285218,-0.0994173,0.276733,0.0489025,0.509142,-0.0326255,0.182388,-0.456282,-0.0820233,0.0815835,-0.661937,-0.483623,-0.14365,0.135337,0.24538,0.231458,0.28154,0.28473,0.210539,0.00236385,-0.850454
166,-0.374796,1.83196,2.00473,-0.61802,-2.58171,-2.33683,0.963054,1.00038,-1.00943,-1.69167,-2.36667,0.054938,-0.657153,0.0462836,0.887941,-3.0798,-0.100517,-1.93975,1.04394,-1.28859,1.00462,1.70762,-2.25662,2.1043,-1.94589,-0.57386,0.00728077
95,1.69196,0.886564,0.558635,-0.661077,-0.66843,0.125374,-0.683383,1.72723,-0.231071,1.73086,-2.36667,1.42117,-2.39361,1.68231,-1.71076,-1.15621,0.281215,0.257789,-2.26791,0.30184,-0.163763,1.69867,-1.30546,-0.0309181,0.732843,-1.38818,1.92212
97,1.36702,1.7096,0.74466,-1.13613,-1.81531,1.68372,-0.478814,0.491012,-0.0634397,0.101736,-1.79428,-0.325416,-2.0874,1.57833,-2.66325,0.434274,0.331007,-0.648059,-2.16076,0.674689,-0.730207,1.55894,-1.88244,-1.09212,0.939437,-1.40649,1.85171
134,-0.374796,-0.700854,2.00473,1.00005,-0.66843,0.352875,0.963054,0.139995,-1.00943,-1.69167,1.13299,0.054938,-0.657153,0.0462836,0.887941,0.767382,-0.100517,-1.93975,-0.68482,-1.28859,1.00462,1.70762,1.05591,-0.0309181,-0.0160101,-0.57386,-2.00576
72,0.349642,0.872459,1.55345,0.567086,-0.495316,1.12749,0.7423,1.60882,0.924125,1.64992,-0.376133,1.74914,-0.224012,1.45533,-0.402226,0.705057,0.0947549,1.69818,0.0173141,0.641999,0.741453,0.621986,0.200267,1.81145,1.31214,0.527955,1.39758
132,-0.374796,-2.20948,-0.417806,1.00005,-0.66843,2.02646,0.963054,0.139995,-1.00943,-1.69167,1.13299,2.02354,1.0793,0.0462836,0.887941,0.767382,2.16482,-1.93975,-0.68482,0.720619,1.00462,1.70762,1.05591,-0.0309181,-0.0160101,-0.57386,-2.00576
243,-0.58608,-0.209637,-0.116947,0.773924,0.992027,-0.349744,0.85119,-0.138041,0.749295,-0.0882548,0.84469,-0.201985,0.828142,-0.0312388,0.625506,0.613629,-0.0635697,-0.235071,0.749701,0.496653,0.898829,-0.483654,0.872181,-0.292162,-0.250028,0.854461,-0.0945185
162,-2.44155,-2.20948,-1.78706,1.00005,-2.58171,2.02646,-2.25142,-1.82659,0.9627,1.94452,-2.36667,2.02354,1.0793,1.97278,0.887941,0.767382,-2.36586,1.95452,1.04394,0.720619,-2.05898,-2.33428,1.05591,2.1043,1.91387,1.0229,2.02032
0,-0.297086,-1.09698,-0.789002,0.746919,-0.311776,-0.989074,0.316222,-0.866328,0.9627,-0.712953,0.122762,-0.616159,-0.287879,-0.573895,-0.253506,0.483517,-0.233923,-1.05355,0.297303,0.711357,0.400107,-0.672148,0.0115682,-0.99817,-0.588684,0.355648,-0.768584
253,1.53786,0.49125,-1.36181,-1.86969,-0.00358481,-0.271641,-2.03353,-0.959525,-1.48477,-0.31779,0.40046,0.243904,0.601395,-1.36555,0.348368,-0.0102679,0.884702,0.765116,0.283006,0.483111,-1.94232,1.12674,-0.163367,1.20016,-1.6027,-1.32354,-0.892687
151,-0.374796,-0.188763,0.108835,0.514629,0.543306,-0.155185,0.641607,0.402201,0.37106,0.31129,0.433059,0.317412,0.38472,0.238934,0.22797,0.062059,-0.0250136,0.331916,0.410053,-0.0830644,0.596131,-0.313329,0.669454,0.324958,-0.0803331,0.490654,0.208584
287,-0.380542,-0.127596,0.210303,0.592911,0.809941,-0.0786969,0.694469,0.183654,0.508439,0.239785,0.745632,0.237054,0.83514,0.0926159,0.482249,0.493039,0.169806,0.145439,0.65213,0.601674,0.739308,-0.092722,0.728947,0.129394,0.0785735,0.703854,0.0463941
334,-0.404475,-0.141882,0.14863,0.960714,1.21948,-0.135899,0.936422,0.126957,0.951814,0.155516,1.10786,0.0853923,1.04285,0.0782057,0.849836,0.767382,-0.0754854,0.0482574,0.994268,0.720619,1.00462,-0.317795,1.02481,0.0280565,-0.00321499,0.989387,0.0228415
317,-0.348631,-0.0608716,0.588799,0.406072,0.929999,-0.238022,0.840984,-0.606817,0.738035,0.0257036,0.313458,-0.0696549,1.0793,0.0218941,0.590326,0.767382,-0.645354,0.0566885,0.387441,0.720619,0.771935,-0.0831023,1.05591,-0.0849817,0.106132,0.820785,-0.731685
57,-0.374796,-0.567648,2.00473,-2.23609,-2.58171,2.02646,-2.25142,-1.82659,-1.00943,1.94452,-0.61684,2.02354,1.0793,-1.88022,0.887941,0.767382,2.16482,0.00738697,1.04394,-3.2978,1.00462,1.70762,1.05591,-2.16613,-1.94589,1.0229,-2.00576
50,-0.0896875,0.922452,-0.200006,0.595532,1.1171,-1.40932,0.77917,0.0853635,0.724999,0.105373,0.861121,-0.580882,0.412191,-0.34102,0.759271,-0.316676,-0.516479,-0.493144,0.872201,0.401838,0.877691,-0.349483,0.17163,-0.0613449,1.91387,0.810151,-0.586968
177,-0.547018,0.0638272,0.424823,0.797791,0.686802,-0.155185,0.695176,-0.105828,0.716183,0.226476,0.622619,0.465057,1.0793,0.206819,0.574034,0.446777,0.560214,0.00738697,0.755804,0.553192,0.557836,-0.229116,0.641844,0.0580562,-0.176827,1.0229,0.091164
91,-0.280221,1.10381,1.64326,0.768682,-1.02227,-1.64012,-0.941424,0.0668775,0.581053,-0.333335,-0.990499,-0.222812,0.695268,-0.256736,0.323862,-1.76685,-0.294884,-1.51469,0.679721,0.410337,-0.833833,-0.328748,-1.16561,-1.30921,0.964564,0.67128,-0.221078
45,1.69196,-0.188763,0.108835,-1.2248,-0.66843,-0.155185,-0.644182,-1.82659,0.9627,-1.69167,1.13299,2.02354,-2.39361,-1.88022,-2.98649,-1.15621,-0.100517,0.00738697,-2.41358,-1.28859,-0.527182,1.70762,-0.600356,-0.0309181,-0.0160101,-2.17062,-2.00576
60,-0.18389,0.30203,0.859551,0.765899,0.369562,0.463157,0.850419,0.821576,0.935129,0.903591,0.376907,0.961106,0.432716,0.684514,0.276788,0.767382,0.120829,0.923184,0.632371,0.720619,0.839809,0.0749156,0.639012,1.05597,0.595724,0.761928,0.545184
186,-2.44155,-2.20948,-1.78706,1.00005,-0.66843,-0.155185,0.963054,-1.82659,-2.98156,1.94452,-2.36667,2.02354,-2.39361,1.97278,0.887941,-1.15621,2.16482,1.95452,-2.41358,0.720619,-0.527182,1.70762,1.05591,-0.0309181,-0.0160101,1.0229,-2.00576
112,1.69196,-0.188763,0.108835,0.466087,-0.66843,-0.155185,-0.644182,1.47728,0.765487,0.526408,-0.61684,0.054938,-0.657153,-1.88022,0.887941,-1.15621,-1.48237,0.00738697,-0.321781,-0.444722,-0.527182,0.980078,-0.600356,-0.0309181,-0.0160101,0.767421,-0.5765
190,-0.374796,-0.188763,2.00473,-0.61802,-0.66843,-2.33683,-0.644182,-1.82659,-1.00943,-1.69167,-0.61684,0.054938,-0.657153,-1.88022,0.887941,-1.15621,-2.36586,0.00738697,1.04394,-3.2978,1.00462,-0.313329,1.05591,-0.0309181,-0.0160101,-2.17062,0.00728077
300,1.59261,1.50036,-0.916255,-2.03341,0.468191,1.27357,-1.40283,-1.32974,-0.583609,-1.43936,0.0134672,-1.66088,-0.521536,0.154071,-1.48172,0.308952,0.65076,-1.51249,-1.56228,0.577363,-1.61088,1.63016,-1.82548,-1.31781,-0.521119,-2.03991,0.747072
174,0.220181,0.85987,0.446361,-1.48835,-0.342311,0.530701,-0.765946,-0.396353,-0.329638,-0.920362,-0.298685,0.532167,0.092683,-0.238318,-0.550287,-1.15621,-1.54209,-0.0368715,-0.180594,-0.0404491,0.0298407,0.482803,-1.55397,-0.920598,-1.04674,-0.380316,0.670677
133,0.553134,0.924695,0.727901,-0.717078,-1.17604,0.957888,-0.447376,0.581475,-0.0837329,0.397232,-1.22393,0.416512,-1.68486,1.10782,-1.95161,-0.253294,0.361793,0.00738697,-1.74323,-0.591515,-0.527182,0.882749,-1.07357,-0.553832,0.850469,-0.899728,1.1165
108,1.32887,-0.188763,0.108835,-0.016713,-0.66843,-0.155185,-0.644182,-1.82659,0.0699158,-1.69167,-0.61684,-0.410617,0.30493,-1.88022,0.887941,-1.15621,0.144389,0.00738697,-1.42072,-1.08496,-0.527182,1.70762,-0.600356,-0.0309181,-0.0160101,-0.0452037,-2.00576
314,1.35193,1.27278,-0.617045,-1.83863,-0.00697131,0.749563,-1.33386,-0.893251,-0.729843,-0.759115,-0.0742519,-0.694293,-0.326706,-0.143592,-1.01977,0.0761205,0.567577,-0.44433,-0.986263,0.30628,-1.40283,1.27861,-1.27341,-0.202504,-0.469591,-1.69123,0.344565
219,0.599202,1.32678,1.79369,0.0555661,-1.57569,1.4502,0.4047,1.70894,0.549321,1.54462,-1.29109,1.46158,-1.23312,1.70215,-1.45599,0.646503,0.208588,1.26062,-0.812074,0.590764,0.251431,0.898068,-0.592174,1.16128,1.63626,-0.166063,1.67291
16,-0.327013,0.0203008,0.38264,0.818971,0.688869,-0.0402345,0.791449,0.403754,0.886023,0.374378,0.732666,0.35769,0.716557,0.21256,0.490347,0.767382,0.0460048,0.317566,0.721159,0.713487,0.915955,-0.155533,0.785409,0.225628,0.212295,0.801017,0.23113
34,-0.957765,-0.441899,-1.62283,1.00005,1.24485,0.164163,0.640996,0.43111,0.9627,-0.0841459,1.13299,-0.164148,1.0793,0.55854,0.887941,0.234817,-0.460684,1.04661,1.04394,0.720619,0.649805,-1.32103,0.93333,-1.26417,-0.0525042,1.0229,0.799149
271,-0.225659,0.134128,0.265189,0.0659056,0.199452,-0.41384,0.151159,0.525211,0.43409,-0.0998725,0.212983,-0.462588,-0.388628,-0.480036,-0.0148794,-0.333219,-0.380763,0.0876869,0.53601,-0.325415,0.167657,-0.750843,0.0997147,-1.13154,0.342118,0.224522,0.131807
148,-0.390813,0.359924,-1.78706,0.699008,1.24485,2.02646,0.963054,0.21622,0.794536,1.42842,1.13299,0.192288,0.810083,0.270297,0.887941,0.767382,0.0224,1.70757,0.708903,0.424683,1.00462,-0.234997,1.05591,2.1043,0.961862,0.874372,0.100907
259,-0.170167,-0.176942,0.127377,0.6865,0.563855,-0.140503,0.672016,0.056553,0.653075,0.146353,0.548968,0.283257,0.42353,-0.0218375,0.322739,0.475054,0.0212446,0.0305579,0.691822,0.0840415,0.709561,-0.230429,0.635799,-0.00471907,0.00153253,0.670577,-0.243282
318,-0.340054,-0.0931627,0.252487,0.428968,0.390187,-0.0372239,0.627029,0.305248,0.697547,0.277256,0.401335,0.0880303,0.408076,0.127235,0.185274,0.446373,-0.0814886,0.177898,0.462849,0.214098,0.659057,-0.194456,0.540729,0.158924,0.121436,0.767964,0.39636
206,1.69196,1.83196,-1.78706,-0.16009,-0.382605,-0.667347,0.963054,-1.82659,-2.98156,0.0613747,-2.36667,-1.91367,1.0793,1.97278,-2.98649,-3.0798,2.16482,-0.62187,1.04394,-3.2978,-2.05898,-2.33428,-2.25662,2.1043,-1.94589,1.0229,-2.00576
93,-0.515563,-0.00734265,-1.05922,-0.352511,0.338567,-0.492903,0.117133,1.43077,-0.380539,-0.602922,-0.574861,0.274359,-0.920574,0.1119,-0.248275,-1.80534,0.236135,1.09428,1.04394,-2.37718,0.33594,-0.619906,-1.65667,-0.222618,0.121417,-0.0350164,0.917193
240,-0.374796,-0.188763,0.747201,-0.61802,-0.66843,-0.155185,-0.644182,0.841989,-1.00943,-1.69167,-0.506093,0.054938,-0.657153,0.0462836,-0.941372,-1.15621,0.71385,-1.93975,-0.864265,-0.779939,-0.527182,-0.461707,-0.931609,-0.0309181,1.29826,-0.57386,0.00728077
192,-0.374796,0.337473,1.82699,-0.61802,-1.04711,-0.155185,-0.376304,1.12329,-1.00943,1.49,-0.835569,-1.91367,-1.0551,0.0462836,-0.968551,-1.15621,-0.100517,-0.519956,-2.41358,-1.28859,-0.527182,-0.986971,-0.876406,-2.03268,-0.438172,-0.57386,0.00728077
309,1.33507,1.39744,-0.818351,-1.88772,0.256047,0.980795,-1.38636,-1.19327,-0.684622,-1.01336,0.0322254,-0.848868,-0.402068,0.121956,-1.14718,0.23095,0.871404,-0.755248,-1.32961,0.394906,-1.43761,1.44382,-1.38563,-0.550053,-0.621048,-1.91537,0.541319
316,1.57653,0.993582,-1.57075,-2.11121,0.802154,0.393127,-1.89236,-1.54543,-1.10384,-1.12066,0.838006,-0.745418,0.642514,-0.886219,-0.0181145,0.115843,0.789444,-0.129477,-0.311737,0.511441,-1.94898,1.39649,-0.847057,0.565362,-1.48652,-1.78842,-0.301016
56,-0.55665,-0.446163,-0.271879,1.00005,0.747243,-0.472003,0.963054,-1.67485,0.9627,-0.269792,0.756411,-0.385439,0.782716,-0.293532,0.641527,0.767382,-0.151691,-0.435879,1.04394,0.720619,1.00462,0.821898,0.983051,-0.521612,-0.381704,1.0229,0.659646
33,-0.586349,1.83196,0.212275,0.713166,-1.11204,-2.33683,0.303525,-0.261032,0.956961,-0.624576,0.890396,-0.376206,0.450897,-0.498087,0.754738,-0.362015,-0.159303,-1.69352,0.447394,0.143032,0.755331,-0.534643,0.259793,-2.16613,1.77357,0.715686,-0.352308
87,-0.49692,0.00439775,-1.78706,0.198377,1.24485,2.02646,0.670682,0.783601,0.299354,0.393196,0.239301,0.216009,0.0768986,0.238934,0.0545892,0.560423,-0.213784,0.292506,0.30529,0.172648,0.343155,-0.653212,1.03332,2.1043,-0.594975,0.493065,0.446485
286,-0.106924,0.0675857,0.386356,-0.143084,-0.349773,0.139489,0.150082,0.425741,-0.538329,0.386669,-0.288449,0.372612,-0.198225,0.349823,-0.591298,0.232066,0.198847,0.272821,-0.227806,0.39129,0.158251,0.09753,-0.11184,0.250887,0.266062,0.195109,0.0661017
17,1.69196,-2.20948,2.00473,-2.23609,1.24485,2.02646,0.963054,2.10658,-2.98156,-1.69167,-2.36667,2.02354,-2.39361,1.97278,0.887941,-3.0798,-0.100517,-1.93975,-2.41358,-1.28859,1.00462,1.70762,-2.25662,-2.16613,-1.94589,-2.17062,-2.00576
321,-0.317506,-0.220771,0.0750503,0.897513,0.991013,-0.0817512,0.867568,0.186722,0.822107,0.155716,0.911236,0.0588359,0.872994,0.0729849,0.674886,0.527414,-0.172283,0.088349,0.85908,0.509753,0.880249,-0.333336,0.868968,0.0198145,-0.000725438,0.931201,0.00728077
221,0.567168,0.969272,0.951066,-0.371831,-1.12467,0.654531,-0.242373,0.926749,-0.281262,0.762324,-1.08289,0.636483,-1.07099,1.15402,-1.43556,0.249186,0.19554,0.472675,-0.943148,0.331375,-0.141292,0.625179,-0.747035,0.634286,0.811621,-0.730471,1.05158
223,0.301259,0.867751,1.54255,0.329327,-0.865287,1.12806,0.517817,1.63873,0.745943,1.55438,-0.66867,1.63846,-0.526971,1.4025,-0.723571,0.654274,0.195834,1.52035,-0.22096,0.669726,0.544249,0.600483,-0.0158761,1.55431,1.29938,0.206462,1.35386
256,-0.354893,-0.0428669,0.168158,0.474323,0.505787,-0.338967,0.433116,0.416872,0.236502,0.163134,0.463384,0.14258,0.235107,0.0462836,0.122024,-0.019655,-0.179578,-0.011364,0.455208,-0.0361494,0.43687,-0.464111,0.228771,-0.226205,0.179063,0.498335,0.191393
229,-0.26625,0.396317,0.95956,0.185707,-0.0831963,0.56312,0.512176,1.27175,0.086679,1.00275,-0.00317373,2.02354,-0.440565,-0.00852534,-0.193529,0.385568,-0.967984,0.975523,0.949372,0.188641,0.526664,0.115617,0.279453,1.03308,0.804731,0.453386,0.355274
188,1.69196,-2.20948,0.108835,-0.61802,-0.66843,2.02646,-2.25142,-1.82659,-2.98156,1.94452,1.13299,-1.91367,1.0793,-1.88022,0.887941,-3.0798,2.16482,1.95452,1.04394,-3.2978,-2.05898,-2.33428,-0.600356,-0.0309181,1.91387,-2.17062,0.00728077
280,1.23975,1.49474,0.782521,-1.07543,-1.57152,1.79245,-0.481739,0.45284,0.041951,0.167824,-1.57251,-0.210075,-1.78363,1.2347,-2.34045,0.61284,0.39054,-0.439462,-1.8026,0.714612,-0.631758,1.47099,-1.67693,-0.778926,0.91265,-1.27176,1.45814
238,0.0120794,-0.387845,0.164878,-0.586144,-0.527057,-0.155185,-0.446251,0.459684,-1.03858,0.0368667,-0.53927,-0.129323,-0.759795,-0.352309,-0.505324,-1.24148,-0.446458,0.112902,-0.548559,-1.15992,-0.436638,-0.313329,-0.486123,-0.262311,0.0125136,-0.778374,-0.0522246
85,-0.0586036,-1.84757,0.971883,0.462705,-0.0100517,1.32637,0.345345,0.46287,-0.302995,0.392414,0.0676595,0.00351808,-0.0934477,-0.176555,-0.0940534,0.718599,-0.244208,0.270659,0.127954,-0.501402,0.358748,-0.0493929,0.777807,0.241428,0.269458,0.170902,-0.203041
138,-0.516968,-0.133678,0.110769,-0.619525,-0.668583,-0.158807,-0.658406,0.139012,-0.887317,0.125644,-0.61684,0.0550365,-0.656702,0.043336,-1.04891,-1.68141,0.805619,0.00767905,-0.686013,-1.82439,-0.551476,-0.261289,-0.602244,-0.0308754,-0.011417,-0.566355,-0.0104943
124,-0.374796,0.730443,0.49372,0.428256,-0.66843,0.468131,-1.47197,-1.82659,-1.00943,-1.69167,-0.61684,2.02354,1.0793,0.0462836,0.887941,-1.15621,2.16482,0.00738697,-2.41358,0.720619,-1.98988,-2.11395,0.427026,-0.0309181,-0.0160101,-0.57386,2.02032
38,-0.347494,0.0550775,0.378469,0.820428,0.580137,-0.0196835,0.846786,0.3622,0.836128,0.367906,0.624229,0.356134,0.495628,0.324451,0.375547,0.65564,-0.00204307,0.216782,0.624799,0.544633,0.882807,-0.185039,0.675648,0.2135,0.212662,0.763333,0.263379
268,-0.351256,0.0643122,0.220351,0.241677,0.406201,-0.0682468,0.465936,0.875126,0.393878,0.452793,0.155554,0.693711,-0.393559,0.371631,-0.0982959,0.19067,0.157392,0.375338,0.23697,0.720619,0.370972,-0.470558,-0.0692245,0.293207,0.123154,0.535092,-0.0614846
68,1.28979,1.36905,-1.73949,-1.24981,1.22219,0.723318,-1.91607,-1.82659,-0.602798,-1.56979,1.02048,-1.91367,-0.209617,-0.778682,-0.239945,0.407843,1.43502,-0.678434,0.030297,0.720619,-2.05898,1.70762,-1.22429,0.0426613,-1.48926,-2.1372,-1.17304
194,0.281315,-2.20948,-1.78706,0.148362,-2.58171,2.02646,-2.25142,0.857958,0.9627,1.94452,-2.36667,1.05487,1.0793,1.97278,0.887941,-3.0798,-0.316268,-0.626212,0.748958,0.720619,-2.05898,1.22643,-2.25662,1.52418,-1.94589,1.0229,2.02032
12,-0.773204,-0.790635,-0.862241,0.910829,0.569977,-0.905931,0.894505,-0.786996,0.9627,-0.934798,0.58554,-1.29934,0.484098,-0.78949,0.427348,0.767382,-0.47013,-1.24924,0.768718,0.720619,0.908403,-1.02371,0.77413,-1.46634,-0.929,0.865415,-0.558503
195,-0.0270029,-0.0236297,0.0398057,0.75132,0.973947,-0.043987,0.957847,0.0890803,0.827076,0.0845736,0.753576,0.239692,1.05402,-0.232712,0.641779,0.0125843,-0.104822,-0.191104,0.776791,0.593416,0.87573,-0.130211,0.643186,-0.345328,0.488326,0.821376,-0.502501
71,-2.44155,-0.188763,-1.78706,1.00005,1.24485,2.02646,-0.644182,-1.82659,0.9627,-1.69167,-0.61684,-1.91367,-2.39361,-1.88022,0.887941,0.767382,-2.36586,0.00738697,1.04394,0.720619,-2.05898,-0.313329,1.05591,-2.16613,1.91387,1.0229,-2.00576
225,0.799739,1.32023,1.46112,-0.308516,-1.74428,1.32172,0.0512689,1.4322,0.382656,1.19098,-1.54681,1.04182,-1.4698,1.51372,-1.80088,0.505754,0.2495,0.800495,-1.19119,0.566071,-0.0415257,0.954189,-0.906418,0.718435,1.4694,-0.499036,1.55366
40,0.290967,0.823255,1.41397,0.449162,-0.534691,0.986271,0.568863,1.55755,0.825656,1.44247,-0.417849,1.44639,-0.322087,1.25996,-0.512434,0.767382,0.0475905,1.42272,-0.0904047,0.720619,0.691439,0.475629,0.0713097,1.49456,1.27962,0.346179,1.23032
251,1.50058,0.853121,-1.23274,-1.93086,0.316143,0.340811,-1.77826,-1.16623,-1.087,-0.811131,0.367248,-0.533616,0.255754,-0.687751,-0.302595,0.0767937,0.760924,-0.108234,-0.415964,0.460387,-1.76869,1.29021,-0.815886,0.324488,-1.22915,-1.65126,-0.245134
15,-2.44155,-0.188763,0.108835,-1.22772,-0.66843,-0.902724,-0.644182,1.9539,0.9627,0.60824,1.13299,0.054938,-0.657153,-1.88022,-0.279193,0.767382,-2.22985,0.458889,-0.965794,-0.26526,-2.05898,-2.33428,-0.600356,-0.0309181,-0.0160101,1.0229,0.0802131
344,-0.327178,-0.173729,0.132192,0.721369,0.553906,-0.136554,0.691367,0.134037,0.568037,0.151425,0.543264,0.0716515,0.491703,0.121051,0.32394,0.504523,-0.0757799,0.0362825,0.648707,0.239333,0.726058,-0.0694407,0.64302,0.00164387,0.00614495,0.648159,-0.133108
311,1.20683,1.40288,-1.37326,-2.1441,0.786924,0.767954,-1.71486,-1.59222,-1.2285,-1.42145,0.606048,-1.32795,0.192043,0.107758,-0.666385,0.228315,0.735937,-0.889231,-0.91796,0.568643,-1.93866,1.5551,-1.3624,-0.312638,-1.2951,-2.17062,0.20023
69,1.69196,1.83196,2.00473,1.00005,1.24485,-2.33683,0.963054,2.10658,0.9627,1.03548,1.13299,0.054938,-0.657153,1.97278,0.887941,0.767382,2.16482,-1.93975,1.04394,0.720619,1.00462,1.70762,1.05591,-2.16613,1.91387,1.0229,2.02032
290,-0.466518,0.367239,-0.0930963,0.281966,-0.0061486,-0.239091,0.0738506,0.0934462,-0.110889,0.185678,-0.057716,0.550003,0.272719,0.268563,-0.148199,-1.0367,0.341836,-0.27489,0.143755,-0.337491,0.569554,-0.277457,0.247371,-0.0372384,0.0388372,0.0875192,0.257421
88,-0.496362,-0.0223566,0.264962,0.321091,0.156901,-0.274957,0.105867,0.147704,-0.220579,0.308945,0.172299,0.217053,0.146392,0.0462836,-0.107769,-0.379232,-0.136061,0.465529,0.176169,-0.130341,0.277762,-0.0280113,0.360925,0.337513,0.112655,0.227651,0.0388653
291,-0.324202,-0.2801,0.226665,0.213862,0.621502,-0.455117,0.439416,-0.511831,0.587581,-0.179687,0.325637,0.0141485,0.258497,-0.229456,0.141028,0.187766,0.232238,-0.601327,0.285375,-0.0853348,0.710372,-0.256237,-0.0482727,-0.501391,-0.0232858,0.728205,-0.485551
248,-0.374796,-0.188763,0.108835,-0.61802,-0.66843,-0.155185,-0.644182,0.139995,-1.00943,-1.69167,-0.61684,0.054938,-0.657153,0.0462836,0.887941,-1.15621,-0.100517,0.00738697,-0.68482,-1.28859,-0.527182,-0.313329,-0.600356,-0.0309181,-0.0160101,-0.57386,0.00728077
96,1.13387,1.57923,1.12892,-0.822075,-1.9637,1.70004,-0.251824,0.925668,0.169587,0.596132,-1.86753,0.275776,-1.91381,1.5801,-2.44105,0.369179,0.275688,-0.100192,-1.86312,0.522029,-0.428565,1.32671,-1.54666,-0.455911,1.25625,-1.03275,1.76659
155,-0.352392,-0.123069,0.213431,0.678038,0.843347,-0.118643,0.695449,0.110929,0.548848,0.137553,0.834751,-0.0439843,0.62937,-0.0106638,0.462548,0.37697,-0.125074,0.0649444,0.570447,0.166359,0.77673,-0.333235,0.638167,-0.0140927,0.048641,0.689387,-0.00858196
304,0.00269632,-0.359453,0.00928182,0.785785,1.17932,-0.160159,0.860303,0.274687,0.935682,-0.0417843,0.877307,-0.340574,1.02776,-0.36277,0.772541,0.600491,-0.426364,-0.161547,0.913691,0.660986,0.871717,-0.308721,0.923558,-0.498914,0.182266,0.975511,-0.16737
346,-0.470321,-0.0529099,0.234305,1.00005,1.06397,-0.349984,0.660845,0.0573593,0.774184,0.128662,0.899565,0.307215,1.0793,0.173779,0.567893,0.262228,0.0874605,-0.201229,0.964032,0.389261,0.68764,-0.0479782,0.683598,-0.122882,0.00628004,0.969236,-0.0350131
310,1.60466,1.49646,-1.17021,-2.12451,0.763238,1.11115,-1.55283,-1.53064,-0.707242,-1.53206,0.342541,-1.63338,-0.18258,-0.0773592,-1.13796,0.29137,0.694776,-1.34807,-1.32098,0.593195,-1.73349,1.63286,-1.67824,-0.974106,-0.806278,-2.06909,0.531073
26,0.887018,-0.830059,-1.38033,0.693442,-0.92368,-0.666409,0.777997,-1.48968,0.860484,-1.44774,-0.0396752,-1.71039,0.048716,-1.88022,-0.116777,0.767382,-0.297919,-1.78647,0.27272,0.720619,0.819835,-1.14964,0.432442,-2.16613,0.1973,-0.378337,-1.24443
36,-0.519758,-0.320999,-0.148343,0.879681,0.936179,-0.327906,0.963054,-0.270058,0.9627,-0.199177,0.849117,-0.310277,0.830017,-0.229726,0.676145,0.767382,-0.0907085,-0.384007,0.86188,0.720619,0.962659,-0.439759,0.970033,-0.474317,-0.29098,0.930036,-0.267801
171,-0.604433,-0.637808,-0.101817,0.640482,1.24485,-0.155185,0.963054,0.139995,0.9627,0.0291216,0.938568,0.27367,1.0793,-0.16777,0.700941,0.767382,-0.100517,-0.208959,0.467689,0.720619,0.664219,-0.537876,0.503827,-0.0309181,-0.23044,1.0229,0.00728077
332,-0.374796,-0.168677,0.141994,0.738748,0.863876,-0.130075,0.754451,0.054488,0.693208,0.163388,0.796272,0.226128,0.766532,0.0941378,0.541392,0.57408,-0.0160882,0.0523269,0.689592,0.471035,0.794805,-0.162707,0.782395,0.0212024,0.0149259,0.79479,-0.117749
127,-0.567335,-0.251325,0.00801157,1.00005,1.11367,-0.27175,0.930588,-0.168268,0.903023,-0.000749771,1.13299,0.0806677,0.92264,0.0762792,0.804195,0.767382,0.128939,-0.202845,0.898149,0.63788,1.00462,-0.368218,1.02095,-0.177992,-0.195181,0.924543,-0.0969744
274,-0.207575,0.131683,0.519921,0.261708,-0.0863915,-0.197553,0.396101,0.0317936,0.528713,0.127153,0.24392,-0.0788483,-0.112045,-0.146983,-0.175494,0.126192,-0.115174,-0.200567,0.221515,0.148417,0.394868,-0.117115,0.0482214,-0.141479,0.271292,0.175437,-0.0839299
270,-0.455875,-0.217781,0.0597125,0.97573,1.09611,-0.19164,0.901754,0.179386,0.72565,0.0712651,1.00655,-0.0600875,1.0793,-0.124173,0.767291,0.705346,0.0810043,-0.0600619,1.0122,0.720619,0.942532,-0.284651,0.967068,-0.109345,-0.0616326,0.881622,0.0274514
260,-0.455668,-0.0921119,-0.105476,-0.0411459,0.188393,-0.0982662,0.0895533,0.122886,-0.083378,0.25202,-0.000601474,0.13197,0.0147856,0.331078,-0.239732,-0.411856,-0.100517,0.295232,0.134455,-0.283985,0.24538,-0.56815,-0.0674689,0.340417,-0.0663608,0.0995588,0.401131
191,-0.283797,-0.835333,-0.399169,-0.290054,-0.642868,-0.568541,-0.179193,-0.354091,-0.421815,-0.295554,-0.699379,-0.361008,-0.70251,-0.513403,-1.05017,-0.0354477,-0.279389,-0.361596,-0.632888,0.0163312,-0.474197,-0.845626,-0.491771,-0.611718,-0.624406,-0.331216,-0.585377
264,0.94466,1.50084,1.67279,-0.327431,-2.2222,1.8228,0.13851,1.64408,0.443595,1.33246,-1.93483,1.08972,-1.83671,1.84003,-2.18377,0.59322,0.295872,0.834687,-1.48928,0.612745,-0.0606119,1.1789,-1.14731,0.526202,1.70898,-0.585054,1.88804
265,1.06914,1.46409,1.34846,-0.611613,-1.894,1.66775,-0.0639699,1.19971,0.182229,0.871337,-1.76665,0.593115,-1.77736,1.54612,-2.21796,0.49981,0.311729,0.273502,-1.60348,0.555201,-0.287241,1.20081,-1.31399,0.0842553,1.45443,-0.83557,1.72259
275,-0.385006,-0.0889798,0.263312,0.648475,0.314191,0.0549068,0.31619,-0.112515,0.193332,0.0818646,0.45467,0.0986804,0.671982,-0.163011,0.186146,0.325668,0.134398,-0.132028,0.467689,0.0806459,0.429716,-0.0738059,0.409768,-0.131081,0.00305713,0.604982,-0.345625
292,-0.532758,-0.424723,0.0444317,0.64621,0.590832,-0.562803,0.560393,-0.37358,0.443497,-0.297409,0.653731,-0.383923,0.49311,-0.150046,0.386492,0.506004,-0.177471,-0.728475,0.783343,0.413471,0.659884,-0.587935,0.880081,-0.561327,-0.319214,0.416069,-0.420107
218,1.69196,-2.20948,2.00473,-0.61802,-0.66843,-0.155185,0.963054,0.139995,0.9627,1.94452,-2.36667,0.054938,-0.657153,0.0462836,0.887941,0.767382,2.16482,-1.93975,-0.68482,0.720619,-0.527182,-0.313329,1.05591,-0.0309181,1.91387,-0.57386,0.00728077
189,-0.63314,0.801007,2.00473,-1.2248,1.24485,1.13168,0.963054,2.10658,0.9627,1.94452,1.13299,0.547089,1.0793,0.0462836,0.887941,0.767382,0.0544998,1.95452,1.04394,0.720619,1.00462,0.484845,1.05591,2.1043,1.7595,1.0229,2.02032
90,-0.252837,0.316417,0.769951,0.501781,0.333382,0.39725,0.72507,1.16339,0.668576,1.09429,0.136043,1.20823,0.747657,0.798697,0.303115,0.767382,-0.598802,1.38836,0.296422,0.485642,0.666042,-0.400068,1.05591,1.12605,0.516155,0.560321,1.17363
89,0.541147,0.490927,0.798257,-0.573895,-0.678493,0.440883,-0.95102,0.0455597,-1.08114,-0.00291331,-0.667865,-1.91367,-2.39361,0.291469,-1.24244,-0.482951,0.182242,-0.137947,-0.926897,-0.446088,-0.731677,0.418133,-0.909018,-0.165736,0.0819894,-1.1291,0.821655
102,-0.374796,-0.188763,0.108835,-0.61802,-0.66843,-0.155185,-0.644182,0.139995,-1.00943,-1.69167,-0.61684,0.054938,-0.657153,0.0462836,0.887941,-1.15621,-0.100517,0.00738697,-0.68482,-1.28859,-0.527182,-0.313329,-0.600356,-0.0309181,-0.0160101,-0.57386,0.00728077
51,-0.374796,1.83196,-1.78706,1.00005,-0.66843,-2.33683,0.963054,-1.82659,-1.00943,1.94452,-0.61684,-1.91367,-2.39361,1.97278,0.887941,0.767382,2.16482,0.00738697,1.04394,0.720619,-2.05898,1.70762,1.05591,-0.0309181,-0.0160101,-2.17062,-2.00576
122,-0.670052,-0.188763,-0.387699,-1.23635,-0.167342,-0.31102,-0.108442,-0.0612654,-0.117279,-0.80224,-1.7834,0.054938,1.0793,0.0921535,-0.567122,-2.62179,1.78726,-0.0853357,-1.67462,0.194407,-0.0895323,-0.0544857,-0.324306,0.0199213,0.075891,-0.193671,1.03721
295,-0.663501,-0.515837,-0.147584,0.264556,0.409109,-0.227747,0.382167,-0.256803,-0.0648991,-0.081837,0.322103,-0.00179715,0.382411,-0.0434142,-0.00453463,-0.0216748,0.155647,-0.221441,0.0319739,-0.348581,0.512127,-0.28645,0.24063,-0.125615,-0.392569,0.272313,-0.264982
325,1.55441,1.06566,-1.29138,-2.01199,0.480934,0.507074,-1.72543,-1.31245,-1.09212,-1.00618,0.454355,-0.773569,0.252993,-0.614024,-0.399707,0.138579,0.758432,-0.330305,-0.565346,0.510918,-1.79367,1.39263,-0.988386,0.153991,-1.22109,-1.7485,-0.100719
159,0.966506,-0.188763,-0.605158,-1.23921,-1.08116,-0.833217,-1.8665,0.0321476,-2.11266,0.678837,-0.568859,1.24618,0.133299,-1.28853,0.114953,-0.227826,0.773315,1.06817,0.591987,0.606757,-1.48771,0.536439,0.58356,1.04645,-1.2438,-0.778198,-1.24396
160,-0.284438,-0.251466,0.108835,-0.684199,-0.654941,-0.0228687,-0.612439,0.115039,-0.987186,0.105918,-0.646465,0.024405,-0.64736,0.0381345,-1.01375,-1.07753,-0.0845468,-0.0393054,-0.68482,-1.24891,-0.557435,-0.310479,-0.56998,-0.0309181,-0.0650099,-0.612151,0.0612301
294,-0.603524,-0.576135,-0.434452,0.40206,0.499952,-0.0646471,0.769302,-0.0659852,0.362482,-0.092491,0.0402046,-0.357465,0.386092,-0.182161,0.148835,-0.122182,-0.400471,0.14207,0.4768,0.21237,0.601982,-0.788615,0.499455,-0.0604481,-0.504194,0.442256,-0.000670725
165,1.52986,0.0489749,-1.26662,-1.66501,-0.893527,-0.882391,-2.25142,-0.284178,-1.97617,0.524153,-0.205122,1.17435,0.602628,-1.6158,0.749895,0.0507483,1.1432,1.76363,0.908349,0.720619,-1.9989,0.875473,0.633728,1.89496,-1.94589,-0.949563,-1.37421
207,-0.483569,-0.0871612,0.26318,0.744573,0.430136,-0.02961,0.639292,0.554021,0.33992,0.289473,0.435684,-0.359512,0.256778,0.147675,0.218032,0.455395,-0.338967,0.193027,0.0430725,-0.336868,0.672445,-0.313329,0.564016,0.176603,0.131259,1.0229,0.960816
156,-0.477989,-0.234876,0.0655708,-0.694199,-0.695732,-0.226765,-0.621247,0.176456,-0.967228,0.154952,-0.661776,0.0689742,-0.622476,0.114983,-0.971903,-1.14797,-0.0423435,-0.028713,-0.596031,-1.2112,-0.527182,-0.339278,-0.51529,0.0117221,-0.00775022,-0.601197,-0.0501512
44,-0.908907,-0.95593,-1.1162,0.756077,0.272807,-1.11066,0.844938,-1.20671,0.950354,-1.20395,0.341228,-1.42846,0.402258,-1.05327,0.2147,0.7634,-0.231567,-1.55574,0.495609,0.70103,0.848556,-0.92224,0.637289,-1.80838,-1.17083,0.822238,-1.04079
348,-0.324243,-0.0940316,0.225395,0.916509,1.10512,-0.187059,0.844038,0.202789,0.875611,0.172642,1.00104,0.0990741,0.94247,0.0731197,0.742437,0.636712,-0.101288,0.0159933,0.940003,0.614151,0.912003,-0.277639,0.881506,-0.0432383,0.132147,0.923648,0.047622
252,1.69196,0.565633,-1.78706,-0.61802,-0.66843,-0.416982,0.963054,0.139995,-2.98156,0.538535,-0.61684,0.054938,-0.657153,-1.88022,0.887941,-1.15621,-0.100517,0.00738697,-0.68482,-1.28859,-0.710998,-0.313329,1.05591,-0.0309181,-0.0160101,-2.17062,0.00728077
258,-0.587837,-0.0865145,0.261284,0.492218,0.299861,-0.0291736,0.544546,-0.00220874,0.273972,0.285819,0.317378,0.560712,0.299234,0.360457,0.0898659,0.347212,0.328153,0.18666,0.355096,-0.0521628,0.580644,-0.151653,0.457634,0.168126,0.13014,0.411215,-0.172342
339,1.32281,-0.0450695,-0.879455,-1.37903,-1.02302,-0.781818,-1.99765,-0.226675,-1.64105,0.557552,-0.257267,1.21781,0.127464,-1.61054,0.398949,-0.296729,0.887556,1.50209,0.599645,0.0343739,-1.79568,0.745809,0.338134,1.55674,-1.48882,-0.64985,-1.43657
126,-0.601808,-1.92107,-1.51699,0.92646,0.900056,1.77434,0.895936,-0.45122,0.647356,0.436885,0.91876,0.895079,0.436085,0.395654,0.887941,0.436697,0.81314,1.5847,-0.190327,-0.0862792,0.881489,-0.152037,0.83513,1.43858,-1.35909,0.842038,-0.0975179
185,1.44779,0.203439,-1.1591,-1.63528,-0.676504,-0.712093,-2.15309,-0.428408,-1.75419,0.270656,-0.0667801,0.898032,0.456523,-1.60384,0.460533,-0.194413,0.883999,1.22332,0.609931,0.402702,-1.85539,0.923107,0.25224,1.45111,-1.68532,-0.974728,-1.31351
197,-0.0562268,-0.327405,0.284053,0.932123,1.17832,-0.0109787,0.932838,0.115354,0.9627,0.0428482,1.13299,0.131418,0.925887,-0.254886,0.815063,0.767382,0.421825,-0.259799,1.04394,0.720619,1.00462,0.248899,1.04968,-0.281101,0.055936,0.760779,-0.37427
76,0.202262,0.571816,1.2109,0.70781,0.105338,0.711995,0.846449,1.3145,0.9627,1.23528,0.176044,1.25445,0.279699,0.951623,0.0918031,0.767382,-0.00813683,1.24647,0.474777,0.720619,0.868561,0.310922,0.564513,1.30696,1.07017,0.681499,0.934465
202,-2.44155,-2.20948,-1.78706,-2.23609,-0.66843,-0.155185,0.963054,2.10658,-2.68574,-0.237193,-0.61684,-1.91367,1.0793,-1.88022,-2.98649,-1.15621,-0.100517,1.95452,1.04394,-1.28859,-0.527182,-0.313329,-1.59412,-0.0309181,-1.94589,-2.17062,-2.00576
276,-0.297727,-0.229865,0.0445644,0.418645,0.291443,0.0149173,0.287468,0.073328,-0.0133476,0.140062,0.415264,0.0482645,0.361174,0.000567741,0.0600134,0.134886,-0.161953,-0.0454194,0.229363,-0.069442,0.28804,-0.470902,0.584289,0.113849,-0.00292551,0.335481,0.246107
142,-0.83407,-0.413285,-0.845424,1.00005,1.24485,-0.911342,-0.376304,-0.406284,-0.297275,-0.911563,1.13299,-0.491901,1.0793,-0.779453,0.887941,0.767382,-0.225768,-1.22235,1.04394,0.720619,1.00462,-0.832955,1.05591,-1.43877,-0.498481,1.0229,-0.774844
94,0.0568039,-0.284828,-0.287084,0.70336,0.0884438,-0.0699921,0.117133,0.0775365,0.0285405,0.0655017,0.622006,0.248786,-0.0557319,-0.0354771,-0.0735189,-0.284225,0.207161,-0.0289856,0.209482,-0.701861,0.323241,-0.649574,-0.13357,-0.0998001,0.111767,0.103886,-0.443861
179,-1.05837,-1.14386,-1.30901,0.56453,-0.109351,-1.20608,0.734634,-1.75375,0.9627,-1.43112,-0.194833,-1.59658,0.00167536,-1.17789,-0.104747,0.767382,-0.28589,-1.72257,0.474017,0.720619,0.880601,-1.00613,0.374009,-1.94452,-1.52742,0.514031,-1.3057
182,-0.374796,1.83196,2.00473,1.00005,-0.66843,-0.155185,0.963054,2.10658,-1.00943,-1.69167,-2.36667,2.02354,-2.39361,0.0462836,0.887941,0.767382,2.16482,-1.93975,-2.41358,-3.2978,-0.527182,-2.33428,1.05591,-0.0309181,-0.0160101,-0.57386,-2.00576
342,-0.530092,-0.087141,-0.00514591,0.592264,0.832326,-0.316605,0.715925,0.0933872,0.702793,0.0767739,0.609058,-0.0952665,0.628623,0.16877,0.436899,0.391551,-0.272049,-0.0747822,0.602256,0.364065,0.746063,-0.550467,0.705511,-0.00499664,-0.0617484,0.676789,0.142255
247,-0.176181,-0.430199,0.0891368,0.23514,0.459658,-0.23451,0.253363,0.139995,-0.0208022,0.0667926,0.337606,0.121418,0.0915543,0.0262672,-0.0183857,-0.326814,-0.0593335,-0.0988294,0.338966,-0.286597,0.264573,-0.192597,0.212722,-0.213927,-0.0811823,0.309549,-0.112978
54,-0.510396,-0.528143,-0.456273,0.994063,0.903634,-0.58054,0.8897,-0.661331,0.885728,-0.502381,0.852162,-0.547829,0.941411,-0.645368,0.64083,0.719042,0.0839493,-0.753184,1.04219,0.6334,0.922082,-0.287481,0.892603,-0.91005,-0.543177,0.868704,-0.642286
235,-0.248497,-0.44299,0.526633,0.179025,1.24485,-1.97727,0.963054,-0.380777,0.568274,-0.319899,0.914123,0.0950385,0.712719,-0.0678808,0.735831,0.767382,-0.276716,-0.520385,0.518912,0.244356,1.00462,-1.17785,1.05591,-1.24878,-0.40079,0.739031,0.0445622
204,-2.44155,-2.20948,0.108835,-2.23609,-0.66843,-0.836948,-2.25142,-1.82659,-2.98156,-1.69167,1.13299,0.054938,-0.657153,-1.88022,-2.98649,-3.0798,-0.100517,-1.93975,1.04394,-1.28859,-2.05898,-0.313329,-0.600356,-0.0309181,-1.94589,1.0229,-2.00576
237,-0.305084,-0.236876,0.18031,0.528107,0.527369,-0.129224,0.306128,0.21803,0.0548882,0.103936,0.587902,-0.210666,0.414344,0.0768571,0.138064,0.290293,-0.172442,-0.0196588,0.179558,-0.132491,0.433224,-0.11283,0.378945,-0.0987112,-0.0696223,0.38926,0.059197
269,-0.511615,-0.305379,-0.0514246,0.016247,0.139414,-0.295639,0.436845,-0.30882,0.306473,-0.0395298,0.157933,-0.113122,0.256448,0.073139,-0.106645,0.393474,0.0533898,-0.179947,0.128352,0.416083,0.457151,-0.468254,0.284587,-0.24034,-0.171153,0.563898,0.0984713
279,0.966278,1.49159,1.46773,-0.541971,-1.89549,1.69493,0.00432154,1.28699,0.40577,0.963479,-1.76742,0.661189,-1.732,1.58265,-2.16486,0.577177,0.257633,0.364589,-1.56707,0.678526,-0.142088,1.17698,-1.227,0.032455,1.54245,-0.768554,1.72792
217,0.380106,0.63068,1.16454,0.354456,-0.447006,0.899856,0.580869,1.22701,0.640749,1.11209,-0.366404,1.10712,-0.269802,1.05153,-0.526653,0.560903,-0.0059621,0.963899,-0.108453,0.573083,0.492781,0.499052,0.104319,0.963472,1.03022,0.278684,1.04907
278,0.63597,1.02729,1.4603,-0.103474,-1.30905,1.28987,0.241019,1.51098,0.463869,1.22656,-1.22433,1.15352,-0.938616,1.37312,-1.37,0.634692,-0.0509744,0.867924,-0.969874,0.696951,0.133482,0.735119,-0.495382,0.76904,1.40624,-0.120715,1.42532
226,-0.374796,-2.20948,2.00473,-2.23609,-0.66843,-0.155185,-2.25142,0.139995,-1.00943,1.94452,-2.36667,0.054938,-0.657153,0.0462836,0.887941,0.767382,-0.100517,1.95452,-0.68482,-1.28859,-0.527182,-0.313329,1.05591,-0.0309181,-0.0160101,-0.57386,-2.00576
234,-0.153612,0.179554,1.57673,0.894519,0.412993,0.143961,0.48196,-0.918934,0.491104,0.530335,1.13299,1.11495,0.576946,0.407098,0.679923,0.612975,2.16482,-0.119605,1.04394,0.0923195,0.635759,1.17704,0.396733,0.479675,0.458394,0.555626,-0.497669
254,1.53331,0.3323,-0.323163,-0.830262,-0.435067,-0.27319,-1.63025,0.0161985,-1.51639,-0.0894912,-0.353,-0.16966,-0.176902,-0.813224,-0.395717,-0.86313,-0.0434308,0.266278,-0.201771,-0.628886,-1.96788,0.078331,-0.556167,0.406117,-1.66793,-1.05792,-0.281167
293,-0.419727,-0.402919,-0.421806,0.806577,0.844514,-0.167031,0.679168,-0.22874,0.512541,-0.0592198,0.757356,-0.00925816,0.833941,0.109107,0.572271,0.448527,-0.285188,-0.204267,0.785556,0.474933,0.513444,-0.428664,1.01091,-0.0425123,-0.131379,0.758224,-0.413927
39,-2.44155,0.895152,0.421961,0.626745,1.24485,0.153233,0.777611,0.462319,0.208261,0.417667,0.0542558,0.358812,0.097875,0.836206,-0.102616,0.761072,-0.0447674,0.293168,0.256418,0.720619,0.730071,-0.0880536,0.39569,2.1043,0.299931,1.0229,0.313041
30,-0.530092,-0.717404,-1.02227,1.00005,1.24485,-0.634601,0.963054,-0.796947,0.9627,-0.776932,1.13299,-1.43766,1.0793,-0.843027,0.865082,0.767382,-0.423011,-1.46778,1.04394,0.720619,1.00462,-0.818768,1.05591,-1.83383,-0.701486,1.0229,-0.769872
49,-2.44155,-0.188763,0.785062,-1.51946,-0.66843,-0.644178,-0.644182,1.02158,-0.792675,-1.69167,-0.61684,1.66079,-2.39361,1.26281,0.887941,0.767382,-0.100517,0.00738697,-2.24592,-1.28859,-2.05898,-0.313329,0.284885,-0.0309181,-0.0160101,0.65469,-1.66952
52,1.69196,1.83196,-1.78706,-2.23609,1.24485,1.42707,-2.25142,-1.82659,-1.54132,-1.69167,1.13299,-1.91367,1.0793,-0.763848,0.887941,0.767382,2.16482,-0.667997,0.871302,0.720619,-2.05898,1.70762,-1.47549,0.713097,-1.94589,-2.17062,-1.15583
308,1.0883,1.70623,0.165617,-1.47142,-1.0436,1.63863,-0.801981,-0.432263,-0.314748,-0.469765,-1.21408,-0.322739,-1.75654,1.35609,-2.41215,0.450951,1.02395,-1.16974,-2.39608,0.229649,-1.1032,1.6015,-1.91124,-1.37516,0.465612,-1.66538,1.43978
337,1.62032,0.840775,-1.67656,-2.09784,0.681483,0.0705055,-1.95982,-1.47564,-1.41271,-0.877728,0.92114,-0.313683,0.895499,-1.21482,0.386299,0.0774093,0.846078,0.403805,0.0841823,0.522652,-2.01281,1.3275,-0.503216,1.14029,-1.73359,-1.6942,-0.625054
168,-0.374796,-0.188763,0.108835,-0.61802,-0.66843,-0.155185,-0.644182,0.139995,-1.00943,0.126426,-0.61684,0.054938,-0.657153,0.0462836,0.887941,-1.15621,-0.100517,0.00738697,-0.68482,-1.28859,-0.527182,-0.313329,-0.600356,-0.0309181,-0.0160101,-0.57386,0.00728077
120,-0.449943,0.399085,0.419079,-0.294406,-0.111838,-1.0675,-0.176621,0.461808,-0.328159,-0.00133156,-0.394139,-0.0524493,-0.0572947,0.151374,-0.253118,-0.037025,-0.388827,-0.70067,-0.11905,-0.411851,0.0298407,-0.423571,0.423515,-0.652073,0.931389,0.00678688,-0.0293162
301,1.25684,1.15585,-0.904765,-1.82712,0.568734,0.886417,-1.31487,-1.15823,-0.668391,-1.1409,0.137338,-1.21339,-0.262839,-0.0478645,-1.07891,0.104532,0.612068,-0.989664,-1.14427,0.386428,-1.57525,1.30113,-1.41466,-0.673084,-0.560141,-1.7264,0.399662
121,-0.374796,-0.0362592,0.106712,0.981895,0.161856,-0.278666,0.0836226,1.69842,0.218496,0.124099,1.13299,-1.91367,0.981019,0.0462836,0.736683,0.767382,-2.19489,0.852367,1.04394,0.720619,0.426576,-0.31442,0.976244,-0.272646,0.129638,0.26971,0.00556969
196,-1.40817,1.83196,-1.78706,-0.61802,1.24485,2.02646,0.963054,2.10658,0.9627,1.26274,-1.92921,-1.42152,1.0793,1.97278,0.887941,0.767382,-2.36586,1.95452,1.04394,0.720619,1.00462,1.70762,1.05591,2.1043,1.91387,1.0229,0.00728077
333,-0.341749,-0.116987,0.213223,0.965569,1.22445,-0.07381,0.917376,0.209849,0.948698,0.244184,1.11745,0.215793,0.989858,0.155786,0.840285,0.740047,-0.0844335,0.128441,1.01629,0.67065,1.00462,-0.266665,0.964717,0.181472,0.0765471,1.00021,0.0501786
82,0.352639,0.760633,1.40454,0.360249,-0.745401,1.07692,0.492391,1.63747,0.649348,1.46973,-0.568982,1.4534,-0.488821,1.29704,-0.685757,0.626556,0.0762697,1.50808,-0.275226,0.565448,0.557269,0.53943,-0.0333829,1.45325,1.27653,0.244433,1.29965
255,1.35255,0.253957,-1.26481,-1.58423,-0.744635,-0.682357,-2.0364,-0.405419,-1.66459,0.284928,0.0400821,1.02111,0.499187,-1.64493,0.558769,-0.1167,0.785706,1.3706,0.683369,0.387633,-1.82066,0.890428,0.246145,1.66538,-1.73484,-0.882898,-1.23867
340,-0.753446,-0.00366493,-0.195095,-0.784762,-1.24534,-0.821327,-1.37419,0.625586,-1.37075,0.691709,-0.910707,0.57339,-0.723434,-0.291952,-0.973472,-1.07546,0.0291733,0.334389,-0.310631,-0.897477,-0.778581,-0.189909,-0.126233,-0.748094,-0.246689,-0.275233,-0.791794
13,-0.624666,-0.0317126,1.2909,1.00005,1.24485,-0.477348,0.963054,-0.194561,0.9627,0.77956,1.13299,-1.25407,1.0793,-1.88022,0.887941,0.767382,-2.06459,1.7292,1.04394,0.720619,1.00462,0.396974,1.05591,-0.432893,0.288969,1.0229,-2.00576
101,-0.479601,-0.370668,-0.256541,1.00005,0.996332,-0.498292,0.949762,-0.294287,0.9627,-0.241611,1.07063,-0.282146,0.985517,-0.181294,0.819945,0.694574,-0.0618027,-0.431907,1.02615,0.720619,1.00462,-0.456654,1.05591,-0.528337,-0.373405,0.995918,-0.279718
303,-0.396704,-0.224469,0.0250936,0.92667,1.09272,-0.239986,0.917617,0.0519708,0.881409,0.0204856,0.992848,-0.0922939,0.911596,-0.0444738,0.746427,0.655236,-0.1352,-0.133664,0.906482,0.601112,0.959504,-0.388306,0.936908,-0.189351,-0.0580623,0.946738,-0.074529
298,1.69196,1.26608,-0.753378,-1.93548,-0.664718,0.555113,-1.64715,-1.18952,-0.896685,-1.36216,-0.172522,-1.65462,-0.708882,0.0313532,-1.66163,0.252475,0.593447,-1.59174,-1.67439,0.484356,-1.59587,1.54833,-1.87404,-1.77509,-0.808903,-2.17062,0.836551
147,-0.408319,-0.0139908,0.190813,0.92133,1.24485,-0.296686,0.94568,0.320705,0.866756,0.149171,1.13299,-0.00890381,1.0793,0.0358612,0.859967,0.767382,-0.125006,0.0600181,1.00656,0.720619,1.00462,-0.378868,1.05591,-0.18096,0.109162,0.988381,0.192259
42,1.03378,0.674873,1.16724,0.20828,-0.436215,0.850246,-0.382428,1.25165,0.0789285,1.15556,-0.495629,1.15934,-0.437752,0.296093,-0.688449,0.508236,0.0986287,1.0795,-0.25512,0.538424,0.35544,0.428743,-0.0823753,1.41545,1.03504,-0.0686602,1.00611
106,-0.374796,-0.188763,0.108835,-0.0260493,-0.66843,-0.155185,-0.644182,0.139995,-1.00943,0.325981,-0.61684,0.054938,-0.657153,-1.88022,0.887941,-1.15621,-0.100517,0.00738697,-0.68482,-1.28859,-0.527182,1.70762,-0.600356,-0.0309181,-0.0160101,0.321892,-1.44112
81,1.69196,-2.20948,2.00473,1.00005,1.24485,-2.33683,0.963054,-1.82659,0.9627,1.94452,1.13299,-1.91367,1.0793,-1.88022,0.887941,0.767382,-2.36586,1.95452,1.04394,0.720619,1.00462,1.70762,1.05591,-2.16613,1.91387,1.0229,2.02032
24,-0.410075,-0.293881,-0.49129,0.501199,0.560028,-0.29913,0.71382,-0.545125,0.9627,-0.403986,0.334299,-0.704471,0.612092,-0.346087,0.355768,0.767382,-0.240561,-0.504399,0.783447,0.720619,0.903394,-0.550305,0.738769,-0.87405,-0.625043,0.475708,-0.141261
296,1.49566,1.61372,-0.044334,-1.67161,-1.03792,1.53559,-0.967188,-0.378319,-0.243752,-0.701009,-1.15075,-1.14312,-1.60755,0.923515,-2.358,0.231181,0.521885,-1.29135,-2.03902,0.481845,-1.0746,1.62937,-1.99068,-1.64508,0.352501,-1.8316,1.25959
222,1.69196,1.83196,-1.78706,1.00005,1.24485,-2.33683,0.963054,-1.82659,0.9627,-1.69167,1.13299,2.02354,1.0793,1.97278,0.887941,0.767382,-2.36586,-1.93975,1.04394,0.720619,1.00462,-2.33428,1.05591,2.1043,1.91387,1.0229,-2.00576
8,-1.12242,-1.01055,-1.1088,0.972623,0.0757397,-1.16705,0.874817,-1.14694,0.9627,-1.14101,0.172579,-1.20337,-0.215486,-1.22559,0.0661156,0.767382,-0.263577,-1.40972,0.786455,0.647384,0.85744,-1.19384,0.553018,-1.59859,-1.18531,0.775996,-0.702456
37,-0.374796,-0.188763,2.00473,-2.23609,-0.66843,-0.155185,-0.644182,-1.82659,-1.00943,1.94452,1.13299,2.02354,-2.39361,1.97278,0.887941,0.767382,2.16482,1.95452,1.04394,0.720619,-0.527182,-2.33428,-2.25662,-0.0309181,1.91387,1.0229,2.02032
119,-0.370208,-0.336013,-0.245071,0.787904,1.24485,-0.591513,0.963054,0.209927,0.721666,-0.131053,1.13299,-0.233797,0.770595,-0.0264996,0.887941,0.767382,-0.261606,-0.296542,0.77501,0.457192,1.00462,-0.443558,1.05591,-0.975152,-0.238449,0.831292,0.114636
79,1.69196,1.83196,2.00473,-0.61802,-2.58171,-0.155185,0.963054,-1.82659,-2.98156,1.94452,1.13299,2.02354,1.0793,1.97278,0.887941,0.767382,2.16482,-1.93975,1.04394,0.720619,-0.527182,-0.313329,1.05591,2.1043,1.91387,-2.17062,0.00728077
347,-0.341604,-0.0406441,0.300074,0.954307,1.08189,-0.184114,0.869368,0.166761,0.856008,0.215968,1.02916,0.215734,0.960512,0.162606,0.762448,0.674722,-0.0910256,0.00670548,0.9492,0.622429,0.922281,-0.247021,0.942026,0.0696931,0.146332,0.940415,0.010099
23,1.69196,-0.188763,0.108835,1.00005,-0.66843,-0.155185,-0.644182,-1.82659,-2.98156,-1.69167,-2.36667,2.02354,1.0793,1.97278,0.887941,-1.15621,2.16482,1.95452,-2.41358,-3.2978,-0.527182,1.70762,-0.600356,-0.0309181,1.91387,-2.17062,-2.00576
141,-0.410634,-0.250678,0.0639025,0.991636,1.16522,-0.164021,0.89338,0.0524624,0.897718,0.0964821,1.05309,0.092499,1.03414,0.0808065,0.814617,0.647292,-0.0494566,-0.0590104,0.992972,0.624217,0.932008,-0.30282,0.953471,-0.0136443,-0.111945,1.01921,-0.0462459
58,-0.414292,0.107151,0.419951,0.852741,0.930573,0.0896821,0.894152,0.581121,0.9627,0.55497,0.753699,0.498091,0.880791,0.359629,0.663669,0.662065,0.0311442,0.583272,0.899878,0.720619,0.925912,-0.171195,0.903269,0.634543,0.259153,0.970865,0.412284
130,-0.374796,-0.592907,-0.680273,1.00005,-0.115129,-0.00188131,0.963054,0.139995,-1.00943,-0.192977,1.13299,0.054938,-0.657153,0.0462836,0.887941,0.746588,-0.100517,-0.497817,-0.68482,-1.28859,1.00462,-0.16586,1.05591,-0.365634,-0.422849,-0.57386,-0.221219
149,-0.363739,-0.188763,0.078425,1.00005,1.20392,-0.0151893,0.963054,0.245169,0.825597,0.207368,1.13299,0.0760021,0.865736,0.128699,0.829321,0.767382,-0.136853,0.184401,0.979228,0.527213,1.00462,-0.345745,1.03819,0.106099,0.0252701,0.886284,0.104168
212,1.69196,-0.188763,0.108835,-0.61802,-0.66843,-0.155185,-0.644182,0.599922,-2.7271,1.0648,-0.61684,0.054938,-0.657153,0.0462836,0.887941,-1.15621,-1.4524,0.00738697,-0.168977,-3.2978,-0.527182,-0.313329,-0.600356,-0.0309181,-1.94589,-0.57386,0.00728077
297,1.54007,1.73355,-0.267272,-1.80453,-0.476968,1.61234,-1.01766,-0.782453,-0.492674,-1.13817,-0.854642,-1.63265,-1.37297,0.743677,-2.31166,0.381067,0.56282,-1.82201,-2.12301,0.582928,-1.38386,1.6419,-2.15092,-2.05559,0.100555,-2.02684,1.26311
116,-0.340922,-0.188763,-0.450605,-0.299713,0.27252,-0.512822,0.515133,-0.537023,0.283774,-0.243102,-0.129179,-0.00961251,-0.0878216,-0.284612,-0.0344646,0.767382,-0.434746,-0.854455,-0.146347,0.720619,0.527491,-0.379595,1.05591,-0.170924,0.0472708,0.472946,-0.289723
209,-0.562684,-1.10728,0.255767,1.00005,0.72304,0.439814,0.670826,-0.0387873,0.9627,0.287637,1.13299,0.770801,1.0793,-0.479131,0.887941,0.767382,0.929193,1.24647,1.04394,0.720619,0.447593,-0.313329,1.05591,0.551419,-0.893239,1.0229,-1.27374
345,-0.380438,-1.17704,0.121784,0.624269,-0.401833,1.12638,0.00134816,0.277008,0.483137,0.437103,0.351307,0.208233,0.863426,0.264729,0.28074,0.717445,-0.131462,0.486188,0.363774,0.0508896,0.073405,-0.597696,1.05591,0.995842,-0.883396,0.680429,0.64805
211,-0.374796,-0.372467,0.453546,0.411655,-0.113866,-0.184485,0.086387,-0.0387873,0.245554,0.0942822,0.0194691,0.054938,-0.18357,0.0462836,-0.382059,0.0678875,0.105425,0.00738697,-0.0561753,-0.375304,0.217455,-0.497053,-0.148642,-0.0700352,-0.191456,0.151949,-0.35873
220,1.69196,-2.20948,-1.78706,1.00005,-2.58171,-2.33683,-2.25142,0.139995,0.9627,-1.69167,-2.36667,-1.91367,1.0793,-1.88022,0.887941,-3.0798,-2.36586,1.95452,1.04394,0.720619,-2.05898,1.70762,-2.25662,2.1043,-1.94589,1.0229,2.02032
283,1.28915,0.797673,-0.793458,-1.69808,0.150549,0.464728,-1.04819,-0.91449,-1.08128,-0.817621,0.0233537,-0.800972,-0.23483,-0.0730246,-0.910609,0.139003,0.695908,-0.577864,-0.907777,0.516383,-1.40608,1.20913,-1.15019,0.253001,-0.132015,-1.33007,0.220481
199,-0.527694,-0.146227,0.692846,1.00005,1.24485,-0.100928,0.958955,-0.145966,0.926235,0.119263,1.13299,0.210615,0.656267,0.194952,0.887941,0.398129,0.766315,-0.357701,1.04394,0.315703,0.977257,0.10426,0.895352,-0.153479,-0.012324,0.953652,-0.255904
2,-0.350036,-0.172052,-0.119847,0.737518,0.403867,-0.148662,0.729089,-0.650967,0.745075,-0.276192,0.440689,-0.28691,0.0912591,-0.11824,0.0933723,0.767382,-0.176746,-0.463431,0.309698,0.720619,0.309041,-0.205289,0.118215,-0.847381,-0.546767,0.632255,-0.267378
323,-0.186908,0.117417,-0.17843,0.290623,0.0852869,-0.155185,0.2812,0.256594,0.245554,0.238094,0.11557,-0.00471069,-0.0783405,0.104657,-0.151143,0.0490171,-0.649681,0.132199,0.154076,-0.497082,0.0762542,-0.742012,-0.0984576,0.4867,0.334881,0.248713,0.0990954
227,1.48807,0.952985,-1.11094,-1.89532,0.138055,0.431807,-1.68204,-1.06071,-1.14208,-0.753388,0.206089,-0.532454,0.0934644,-0.549814,-0.460245,0.111938,0.763438,-0.176832,-0.519516,0.495668,-1.79796,1.31234,-0.872795,0.237179,-1.08912,-1.57631,-0.157889
18,0.329574,0.0998971,0.537781,0.326496,1.24485,0.0842717,0.353895,0.606549,-0.836358,0.574006,0.0946944,0.553113,0.0970415,0.840464,-0.154921,0.125403,-0.0432496,0.509593,0.15947,0.0588862,0.677377,-0.0681675,0.251296,0.674471,0.395557,-0.344006,0.372667
299,1.41834,1.38095,-0.633748,-1.75633,0.108189,1.11944,-1.21568,-0.901393,-0.57574,-0.980123,-0.176512,-1.15552,-0.510857,0.122168,-1.37763,0.175993,0.556273,-0.936352,-1.3279,0.388678,-1.33498,1.4047,-1.56621,-0.785481,-0.31161,-1.78454,0.63718
336,1.55105,1.00027,-1.18276,-1.96563,0.408478,0.690811,-1.6136,-1.23217,-0.961627,-0.97676,0.331727,-0.799102,0.116768,-0.588749,-0.545057,0.134963,0.731406,-0.412065,-0.670886,0.487953,-1.73206,1.37847,-1.05379,0.0293589,-1.05668,-1.6807,-0.00564293
327,1.5596,0.557813,-0.278742,-1.24771,-0.32867,-0.348631,-2.04556,-0.763653,-1.55346,0.00223191,0.0598202,2.02354,1.0793,-1.54331,0.606483,-0.45025,2.16482,0.0121769,0.590863,0.720619,-1.94956,0.448265,-0.176087,1.67277,-1.8223,-1.31719,-0.681902
115,-0.177959,-0.28499,-0.116871,-0.155721,-0.387293,-0.259075,-0.14671,0.0463464,-0.539867,0.0847918,-0.319421,0.054938,-0.326393,0.138024,-0.620976,-0.515018,-0.316268,-0.0322178,-0.0674122,-0.858037,-0.0530602,-0.26521,-0.245435,-0.0709961,-0.0160101,-0.041611,-0.232371
47,-1.68568,-0.199877,0.817159,0.869326,-0.785465,0.181922,-1.1106,-0.779071,0.356427,-0.930434,-0.785419,-1.15365,1.0793,-0.925135,-0.0378935,-3.0798,-0.161342,0.406102,0.765122,0.612082,-1.3674,-0.381091,-1.82374,0.864014,-0.623036,1.0229,-0.924151
117,-0.374796,-0.018295,0.364648,0.396946,0.457343,0.0537942,0.631047,0.586942,0.568274,0.400741,0.445571,0.108622,0.511013,0.291469,0.201798,0.548612,-0.100517,0.327983,0.603881,0.684092,0.654109,-0.221477,0.535909,0.333712,0.22731,0.514845,0.519699
64,-0.579921,-0.513695,-0.124587,0.961426,0.314651,-0.136009,0.407786,0.349988,0.9627,-0.00536774,0.152561,-0.484204,1.0793,-0.425651,0.750205,0.767382,-1.03966,0.393874,0.933174,0.720619,1.00462,0.656524,1.05591,-0.146262,-0.384521,0.70395,-1.00177
215,1.44221,0.149324,-0.979975,-1.57888,-0.797365,-0.69933,-2.12443,-0.348565,-1.75949,0.317036,-0.162338,0.837694,0.259661,-1.55042,0.289283,-0.118528,0.963558,1.10894,0.512758,0.460065,-1.78964,0.863388,0.253565,1.19794,-1.53481,-0.957275,-1.26782
1,-0.468813,-1.59735,-0.568643,-0.529042,-0.931276,-2.28261,-0.0907786,-0.382508,0.9627,-0.208122,-0.907767,-0.173282,-0.987775,-1.88022,-1.44578,0.633404,-0.527058,-0.115049,-1.03631,0.720619,-1.31889,-1.68238,-0.899412,-0.0831668,-0.890248,-0.0451878,-1.24557
205,-0.435579,0.108404,0.164593,1.00005,1.07602,-0.0910231,0.915785,0.197833,0.788679,0.173697,1.08153,-0.176668,0.977164,0.0462836,0.745807,0.710809,-0.300411,0.121918,0.789705,0.543327,0.914515,-0.669965,0.861051,0.0946751,0.211041,1.0229,0.00728077
233,-0.3483,-0.0999927,0.248771,0.466459,0.376832,-0.0448378,0.465614,0.49526,0.3329,0.277401,0.37122,0.188016,0.00665899,-0.0435298,0.111795,0.218043,-0.48336,0.183525,0.767905,-0.274622,0.515987,-0.200277,0.444367,0.168639,0.116303,0.438536,0.121863
139,0.0162129,-0.188763,0.365046,-0.0932477,0.314058,-0.273103,0.18115,-0.444672,0.696186,-0.276519,0.660065,-0.398372,0.358291,-0.294052,0.133027,0.0915284,-0.957677,-1.15036,-0.0774217,0.720619,0.425014,-0.85953,0.65304,-0.550287,0.0883001,0.573143,-0.427978
145,0.0372938,0.0171081,0.103659,-0.678957,-0.667951,-0.017371,-0.682225,0.129395,-0.856276,0.115772,-0.618397,0.0447013,-0.662259,0.0757976,-1.06131,-0.258526,0.277047,-0.000557347,-0.703784,-0.786288,-0.583629,-0.0117628,-0.628943,-0.0371316,-0.00912043,-0.625436,0.0768916
208,-0.374796,-0.188763,-1.42246,-0.61802,-0.66843,-0.155185,-0.644182,0.139995,-1.00943,-0.805931,-0.61684,0.054938,-0.657153,1.83695,-2.2414,-1.15621,-1.23319,0.00738697,-0.68482,-1.30147,-0.527182,-0.313329,-1.17367,-0.0309181,1.41903,-0.0723168,0.00728077
285,0.0253479,-0.0596187,-0.668044,0.552945,0.188087,0.164687,0.416224,0.0475853,0.617952,-0.065765,-0.343831,-0.207792,0.260043,0.133188,0.0517609,0.767382,-0.905302,-0.230514,0.436278,-0.114026,0.541047,-0.871757,0.803727,-0.251037,0.379404,0.641724,-0.851662
262,0.720996,1.26498,1.62308,-0.141466,-1.4876,1.46095,0.27093,1.62666,0.575472,1.38431,-1.32186,1.25476,-1.20784,1.58319,-1.49172,0.767382,0.121531,1.06901,-0.946623,0.720619,0.32007,0.905242,-0.629076,0.919978,1.56962,-0.236352,1.66186
67,-2.44155,1.83196,-1.78706,1.00005,1.24485,-2.33683,0.963054,-1.82659,0.9627,-1.69167,-0.61684,1.34683,1.0793,1.97278,0.887941,0.767382,-2.36586,0.00738697,1.04394,0.720619,1.00462,1.70762,1.05591,-2.16613,1.91387,1.0229,2.02032
125,-1.40739,0.50491,0.952715,0.452252,-0.311948,0.673576,0.608449,1.00921,0.664533,0.912227,-0.207292,2.02354,0.911387,1.19952,-0.383377,0.644541,0.0488818,0.778843,0.0142887,0.624519,0.579603,0.925916,0.17433,0.763189,0.834837,0.950602,0.829485
25,-2.44155,-2.20948,-1.78706,1.00005,1.24485,-2.33683,0.963054,-1.82659,0.9627,-1.69167,1.13299,-1.91367,1.0793,-1.88022,0.887941,0.767382,1.2093,-1.93975,1.04394,0.720619,1.00462,-2.33428,1.05591,-2.16613,-1.2279,1.0229,-2.00576
22,-0.48111,-0.312876,-0.00357232,0.620515,0.328369,0.0592919,0.693842,-0.0115304,0.76882,0.0863371,0.280999,0.0303108,0.20524,-0.0557246,0.075298,0.767382,0.0600499,0.0070949,0.277699,0.641677,0.813661,-0.261188,0.462271,-0.0348042,-0.168567,0.627002,0.0129173
302,-0.344704,-0.339469,-0.0601647,0.957915,1.1832,-0.311151,0.938945,-0.0240379,0.937457,-0.108327,1.08281,-0.238699,0.965895,-0.189212,0.823102,0.730025,-0.162497,-0.299385,0.998158,0.689577,0.995149,-0.365954,0.977702,-0.432338,-0.117368,0.979216,-0.184602
