754,-1.10625,-1.10625,-1.03463,1.23091,1.23091,1.24135,0.0583518
229,0.0583518,1.22296,-1.03463,-1.03463,-1.03463,-0.96908,0.0583518
283,0.0583518,1.22296,0.098142,0.098142,-1.03463,0.136133,1.22296
184,1.22296,0.0583518,1.23091,-1.03463,-1.03463,-0.96908,0.0583518
749,-1.10625,-1.10625,-1.03463,0.098142,1.23091,-0.96908,1.22296
447,0.0583518,1.22296,-1.03463,1.23091,1.23091,-0.96908,-1.10625
481,0.0583518,0.0583518,0.098142,-1.03463,1.23091,0.136133,-1.10625
785,-1.10625,-1.10625,1.23091,-1.03463,1.23091,1.24135,-1.10625
806,1.22296,0.0583518,-1.03463,1.23091,1.23091,1.24135,-1.10625
800,-1.10625,-1.10625,0.098142,1.23091,1.23091,1.24135,0.0583518
75,-1.10625,0.0583518,-1.03463,0.098142,-1.03463,0.136133,1.22296
245,0.0583518,0.0583518,1.23091,1.23091,-1.03463,-0.96908,1.22296
557,1.22296,-1.10625,-1.03463,-1.03463,0.098142,1.24135,-1.10625
308,-1.10625,-1.10625,-1.03463,-1.03463,1.23091,0.136133,1.22296
183,1.22296,0.0583518,1.23091,-1.03463,-1.03463,-0.96908,-1.10625
895,-1.10625,-1.10625,1.23091,0.098142,0.098142,1.24135,0.0583518
524,-1.10625,1.22296,0.098142,1.23091,0.098142,-0.96908,-1.10625
307,-1.10625,-1.10625,-1.03463,-1.03463,1.23091,1.24135,0.0583518
272,0.0583518,0.0583518,1.23091,-1.03463,-1.03463,-0.96908,0.0583518
928,0.0583518,0.0583518,-1.03463,1.23091,0.098142,-0.96908,1.22296
680,1.22296,1.22296,-1.03463,0.098142,-1.03463,1.24135,-1.10625
100,-1.10625,0.0583518,1.23091,-1.03463,-1.03463,-0.96908,1.22296
866,0.0583518,0.0583518,-1.03463,1.23091,1.23091,1.24135,-1.10625
474,0.0583518,-1.10625,0.098142,-1.03463,1.23091,-0.96908,1.22296
378,1.22296,1.22296,-1.03463,-1.03463,1.23091,1.24135,-1.10625
805,1.22296,-1.10625,-1.03463,1.23091,1.23091,1.24135,-1.10625
42,-1.10625,1.22296,-1.03463,-1.03463,-1.03463,0.136133,1.22296
499,-1.10625,1.22296,1.23091,0.098142,0.098142,-0.96908,-1.10625
405,1.22296,-1.10625,-1.03463,-1.03463,1.23091,0.136133,-1.10625
350,-1.10625,0.0583518,0.098142,1.23091,1.23091,-0.96908,-1.10625
914,1.22296,-1.10625,-1.03463,1.23091,0.098142,1.24135,1.22296
548,1.22296,-1.10625,-1.03463,-1.03463,0.098142,0.136133,0.0583518
110,-1.10625,0.0583518,0.098142,-1.03463,-1.03463,-0.96908,1.22296
238,0.0583518,-1.10625,-1.03463,-1.03463,-1.03463,1.24135,1.22296
596,0.0583518,0.0583518,-1.03463,1.23091,0.098142,-0.96908,0.0583518
546,1.22296,-1.10625,-1.03463,-1.03463,0.098142,0.136133,1.22296
545,1.22296,0.0583518,-1.03463,-1.03463,0.098142,1.24135,-1.10625
79,-1.10625,-1.10625,1.23091,1.23091,-1.03463,1.24135,1.22296
297,-1.10625,-1.10625,-1.03463,-1.03463,1.23091,1.24135,1.22296
717,0.0583518,1.22296,1.23091,1.23091,-1.03463,-0.96908,-1.10625
20,-1.10625,0.0583518,-1.03463,1.23091,-1.03463,-0.96908,1.22296
138,1.22296,1.22296,-1.03463,-1.03463,-1.03463,-0.96908,0.0583518
495,-1.10625,-1.10625,-1.03463,-1.03463,0.098142,1.24135,1.22296
256,0.0583518,1.22296,1.23091,0.098142,-1.03463,0.136133,0.0583518
756,-1.10625,-1.10625,-1.03463,1.23091,1.23091,1.24135,-1.10625
424,0.0583518,-1.10625,-1.03463,1.23091,1.23091,-0.96908,1.22296
102,-1.10625,1.22296,0.098142,1.23091,-1.03463,1.24135,0.0583518
798,-1.10625,-1.10625,0.098142,-1.03463,1.23091,0.136133,0.0583518
329,-1.10625,-1.10625,1.23091,1.23091,1.23091,-0.96908,-1.10625
830,1.22296,0.0583518,1.23091,-1.03463,1.23091,0.136133,0.0583518
87,-1.10625,-1.10625,1.23091,-1.03463,-1.03463,-0.96908,1.22296
346,-1.10625,-1.10625,0.098142,1.23091,1.23091,-0.96908,0.0583518
383,1.22296,-1.10625,-1.03463,0.098142,1.23091,-0.96908,0.0583518
489,-1.10625,0.0583518,-1.03463,1.23091,0.098142,-0.96908,-1.10625
310,-1.10625,1.22296,-1.03463,1.23091,1.23091,-0.96908,0.0583518
93,-1.10625,0.0583518,1.23091,-1.03463,-1.03463,-0.96908,0.0583518
634,-1.10625,0.0583518,1.23091,1.23091,-1.03463,1.24135,-1.10625
311,-1.10625,1.22296,-1.03463,0.098142,1.23091,-0.96908,-1.10625
597,0.0583518,-1.10625,-1.03463,-1.03463,0.098142,1.24135,1.22296
301,-1.10625,1.22296,-1.03463,0.098142,1.23091,-0.96908,0.0583518
954,-1.10625,1.22296,1.23091,-1.03463,1.23091,-0.96908,1.22296
11,-1.10625,1.22296,-1.03463,1.23091,-1.03463,0.136133,1.22296
630,-1.10625,-1.10625,1.23091,1.23091,-1.03463,1.24135,0.0583518
212,1.22296,0.0583518,0.098142,-1.03463,-1.03463,-0.96908,-1.10625
155,1.22296,0.0583518,1.23091,1.23091,-1.03463,-0.96908,0.0583518
786,-1.10625,-1.10625,0.098142,1.23091,1.23091,1.24135,1.22296
692,1.22296,-1.10625,1.23091,-1.03463,-1.03463,1.24135,0.0583518
63,-1.10625,0.0583518,-1.03463,1.23091,-1.03463,1.24135,1.22296
40,-1.10625,1.22296,-1.03463,-1.03463,-1.03463,0.136133,0.0583518
180,1.22296,1.22296,1.23091,-1.03463,-1.03463,-0.96908,0.0583518
269,0.0583518,1.22296,1.23091,-1.03463,-1.03463,-0.96908,1.22296
139,1.22296,1.22296,-1.03463,-1.03463,-1.03463,-0.96908,1.22296
953,-1.10625,1.22296,-1.03463,-1.03463,1.23091,1.24135,-1.10625
955,-1.10625,-1.10625,1.23091,-1.03463,1.23091,1.24135,1.22296
922,1.22296,-1.10625,1.23091,-1.03463,0.098142,1.24135,1.22296
598,0.0583518,-1.10625,-1.03463,-1.03463,0.098142,1.24135,-1.10625
492,-1.10625,-1.10625,-1.03463,-1.03463,0.098142,0.136133,1.22296
920,1.22296,0.0583518,-1.03463,-1.03463,0.098142,1.24135,1.22296
223,0.0583518,1.22296,-1.03463,0.098142,-1.03463,1.24135,1.22296
860,0.0583518,0.0583518,-1.03463,-1.03463,1.23091,-0.96908,0.0583518
160,1.22296,1.22296,1.23091,-1.03463,-1.03463,1.24135,-1.10625
51,-1.10625,1.22296,-1.03463,1.23091,-1.03463,-0.96908,0.0583518
833,1.22296,-1.10625,1.23091,-1.03463,1.23091,-0.96908,0.0583518
428,0.0583518,-1.10625,-1.03463,-1.03463,1.23091,1.24135,0.0583518
896,-1.10625,1.22296,1.23091,1.23091,0.098142,1.24135,-1.10625
820,1.22296,-1.10625,1.23091,0.098142,1.23091,1.24135,-1.10625
769,-1.10625,-1.10625,-1.03463,1.23091,1.23091,1.24135,-1.10625
219,1.22296,1.22296,0.098142,-1.03463,-1.03463,-0.96908,0.0583518
304,-1.10625,0.0583518,-1.03463,1.23091,1.23091,-0.96908,0.0583518
365,1.22296,-1.10625,-1.03463,1.23091,1.23091,-0.96908,1.22296
105,-1.10625,1.22296,0.098142,0.098142,-1.03463,-0.96908,-1.10625
849,1.22296,-1.10625,0.098142,-1.03463,1.23091,-0.96908,-1.10625
943,-1.10625,-1.10625,1.23091,1.23091,-1.03463,1.24135,-1.10625
154,1.22296,0.0583518,1.23091,0.098142,-1.03463,-0.96908,1.22296
947,1.22296,1.22296,-1.03463,-1.03463,-1.03463,1.24135,-1.10625
925,1.22296,-1.10625,0.098142,-1.03463,0.098142,1.24135,1.22296
407,1.22296,1.22296,-1.03463,-1.03463,1.23091,0.136133,-1.10625
740,-1.10625,0.0583518,-1.03463,1.23091,1.23091,-0.96908,1.22296
32,-1.10625,0.0583518,-1.03463,-1.03463,-1.03463,1.24135,1.22296
453,0.0583518,-1.10625,-1.03463,-1.03463,1.23091,1.24135,-1.10625
86,-1.10625,-1.10625,1.23091,1.23091,-1.03463,-0.96908,-1.10625
586,1.22296,0.0583518,0.098142,-1.03463,0.098142,1.24135,-1.10625
123,1.22296,1.22296,-1.03463,1.23091,-1.03463,-0.96908,-1.10625
476,0.0583518,-1.10625,0.098142,0.098142,1.23091,-0.96908,1.22296
125,1.22296,1.22296,-1.03463,0.098142,-1.03463,-0.96908,0.0583518
858,0.0583518,1.22296,-1.03463,-1.03463,1.23091,-0.96908,-1.10625
590,0.0583518,-1.10625,-1.03463,1.23091,0.098142,-0.96908,1.22296
437,0.0583518,0.0583518,-1.03463,-1.03463,1.23091,-0.96908,1.22296
197,1.22296,1.22296,0.098142,0.098142,-1.03463,1.24135,-1.10625
173,1.22296,1.22296,1.23091,-1.03463,-1.03463,-0.96908,-1.10625
718,0.0583518,1.22296,1.23091,1.23091,-1.03463,-0.96908,0.0583518
819,1.22296,0.0583518,1.23091,-1.03463,1.23091,-0.96908,0.0583518
711,0.0583518,1.22296,-1.03463,0.098142,-1.03463,1.24135,0.0583518
103,-1.10625,0.0583518,0.098142,1.23091,-1.03463,1.24135,1.22296
190,1.22296,1.22296,0.098142,0.098142,-1.03463,-0.96908,1.22296
897,-1.10625,1.22296,1.23091,-1.03463,0.098142,1.24135,-1.10625
9,-1.10625,1.22296,-1.03463,0.098142,-1.03463,0.136133,1.22296
724,0.0583518,0.0583518,1.23091,-1.03463,-1.03463,1.24135,0.0583518
213,1.22296,0.0583518,0.098142,-1.03463,-1.03463,-0.96908,0.0583518
145,1.22296,-1.10625,1.23091,1.23091,-1.03463,-0.96908,-1.10625
384,1.22296,-1.10625,-1.03463,-1.03463,1.23091,-0.96908,0.0583518
611,0.0583518,-1.10625,1.23091,0.098142,0.098142,-0.96908,0.0583518
732,0.0583518,0.0583518,1.23091,-1.03463,-1.03463,1.24135,-1.10625
144,1.22296,-1.10625,1.23091,1.23091,-1.03463,-0.96908,1.22296
27,-1.10625,0.0583518,-1.03463,0.098142,-1.03463,1.24135,1.22296
676,1.22296,0.0583518,-1.03463,-1.03463,-1.03463,1.24135,1.22296
661,-1.10625,-1.10625,0.098142,1.23091,-1.03463,1.24135,1.22296
24,-1.10625,-1.10625,-1.03463,0.098142,-1.03463,1.24135,0.0583518
653,-1.10625,-1.10625,1.23091,0.098142,-1.03463,1.24135,0.0583518
166,1.22296,1.22296,1.23091,-1.03463,-1.03463,0.136133,0.0583518
342,-1.10625,0.0583518,1.23091,0.098142,1.23091,-0.96908,-1.10625
583,1.22296,1.22296,0.098142,-1.03463,0.098142,-0.96908,-1.10625
14,-1.10625,1.22296,-1.03463,-1.03463,-1.03463,-0.96908,1.22296
831,1.22296,0.0583518,1.23091,-1.03463,1.23091,0.136133,-1.10625
78,-1.10625,1.22296,1.23091,-1.03463,-1.03463,-0.96908,1.22296
691,1.22296,-1.10625,1.23091,0.098142,-1.03463,1.24135,-1.10625
137,1.22296,1.22296,-1.03463,1.23091,-1.03463,-0.96908,0.0583518
309,-1.10625,1.22296,-1.03463,0.098142,1.23091,-0.96908,1.22296
203,1.22296,1.22296,0.098142,-1.03463,-1.03463,0.136133,1.22296
599,0.0583518,-1.10625,-1.03463,-1.03463,0.098142,1.24135,0.0583518
357,-1.10625,1.22296,0.098142,-1.03463,1.23091,0.136133,-1.10625
207,1.22296,-1.10625,0.098142,-1.03463,-1.03463,-0.96908,0.0583518
192,1.22296,1.22296,0.098142,-1.03463,-1.03463,-0.96908,0.0583518
503,-1.10625,1.22296,1.23091,0.098142,0.098142,-0.96908,-1.10625
761,-1.10625,0.0583518,-1.03463,-1.03463,1.23091,1.24135,-1.10625
603,0.0583518,1.22296,-1.03463,1.23091,0.098142,-0.96908,0.0583518
629,-1.10625,-1.10625,1.23091,0.098142,-1.03463,1.24135,1.22296
74,-1.10625,1.22296,-1.03463,1.23091,-1.03463,0.136133,0.0583518
271,0.0583518,1.22296,1.23091,-1.03463,-1.03463,-0.96908,0.0583518
641,-1.10625,-1.10625,1.23091,0.098142,-1.03463,1.24135,-1.10625
381,1.22296,-1.10625,-1.03463,1.23091,1.23091,-0.96908,-1.10625
536,1.22296,-1.10625,-1.03463,-1.03463,0.098142,-0.96908,0.0583518
770,-1.10625,-1.10625,-1.03463,1.23091,1.23091,1.24135,0.0583518
324,-1.10625,1.22296,1.23091,-1.03463,1.23091,-0.96908,-1.10625
662,-1.10625,0.0583518,0.098142,1.23091,-1.03463,0.136133,1.22296
153,1.22296,1.22296,1.23091,-1.03463,-1.03463,-0.96908,0.0583518
719,0.0583518,-1.10625,1.23091,1.23091,-1.03463,1.24135,-1.10625
171,1.22296,-1.10625,1.23091,-1.03463,-1.03463,-0.96908,-1.10625
356,-1.10625,0.0583518,0.098142,-1.03463,1.23091,1.24135,-1.10625
260,0.0583518,-1.10625,1.23091,-1.03463,-1.03463,-0.96908,1.22296
412,1.22296,-1.10625,0.098142,1.23091,1.23091,-0.96908,-1.10625
763,-1.10625,-1.10625,-1.03463,0.098142,1.23091,0.136133,0.0583518
939,0.0583518,1.22296,1.23091,1.23091,0.098142,0.136133,-1.10625
747,-1.10625,0.0583518,-1.03463,1.23091,1.23091,1.24135,0.0583518
440,0.0583518,-1.10625,-1.03463,-1.03463,1.23091,1.24135,-1.10625
162,1.22296,0.0583518,1.23091,-1.03463,-1.03463,1.24135,0.0583518
73,-1.10625,1.22296,-1.03463,0.098142,-1.03463,0.136133,1.22296
120,1.22296,0.0583518,-1.03463,1.23091,-1.03463,0.136133,1.22296
326,-1.10625,0.0583518,1.23091,0.098142,1.23091,-0.96908,-1.10625
673,1.22296,-1.10625,-1.03463,0.098142,-1.03463,1.24135,1.22296
187,1.22296,-1.10625,0.098142,0.098142,-1.03463,-0.96908,1.22296
76,-1.10625,0.0583518,-1.03463,1.23091,-1.03463,0.136133,0.0583518
313,-1.10625,0.0583518,-1.03463,1.23091,1.23091,-0.96908,1.22296
152,1.22296,1.22296,1.23091,-1.03463,-1.03463,-0.96908,-1.10625
946,1.22296,-1.10625,-1.03463,1.23091,-1.03463,1.24135,-1.10625
745,-1.10625,0.0583518,-1.03463,1.23091,1.23091,1.24135,1.22296
263,0.0583518,0.0583518,1.23091,-1.03463,-1.03463,-0.96908,1.22296
386,1.22296,0.0583518,-1.03463,0.098142,1.23091,-0.96908,-1.10625
870,0.0583518,-1.10625,1.23091,-1.03463,1.23091,-0.96908,-1.10625
913,-1.10625,-1.10625,0.098142,1.23091,0.098142,-0.96908,1.22296
665,-1.10625,1.22296,0.098142,-1.03463,-1.03463,1.24135,1.22296
175,1.22296,0.0583518,1.23091,-1.03463,-1.03463,-0.96908,-1.10625
501,-1.10625,-1.10625,1.23091,0.098142,0.098142,-0.96908,-1.10625
608,0.0583518,-1.10625,1.23091,1.23091,0.098142,-0.96908,1.22296
942,-1.10625,-1.10625,1.23091,1.23091,-1.03463,-0.96908,1.22296
767,-1.10625,-1.10625,-1.03463,1.23091,1.23091,-0.96908,1.22296
668,-1.10625,1.22296,0.098142,0.098142,-1.03463,1.24135,-1.10625
361,-1.10625,1.22296,0.098142,0.098142,1.23091,-0.96908,-1.10625
888,-1.10625,1.22296,-1.03463,-1.03463,0.098142,1.24135,0.0583518
707,0.0583518,0.0583518,-1.03463,1.23091,-1.03463,0.136133,1.22296
568,1.22296,-1.10625,1.23091,0.098142,0.098142,-0.96908,0.0583518
55,-1.10625,-1.10625,-1.03463,1.23091,-1.03463,1.24135,1.22296
694,1.22296,0.0583518,1.23091,-1.03463,-1.03463,1.24135,-1.10625
842,1.22296,0.0583518,1.23091,-1.03463,1.23091,-0.96908,0.0583518
742,-1.10625,-1.10625,-1.03463,1.23091,1.23091,1.24135,1.22296
385,1.22296,1.22296,-1.03463,-1.03463,1.23091,-0.96908,-1.10625
573,1.22296,1.22296,1.23091,-1.03463,0.098142,-0.96908,-1.10625
832,1.22296,-1.10625,1.23091,0.098142,1.23091,-0.96908,-1.10625
531,1.22296,0.0583518,-1.03463,1.23091,0.098142,-0.96908,1.22296
439,0.0583518,-1.10625,-1.03463,-1.03463,1.23091,1.24135,0.0583518
373,1.22296,1.22296,-1.03463,0.098142,1.23091,-0.96908,0.0583518
200,1.22296,0.0583518,0.098142,0.098142,-1.03463,1.24135,0.0583518
246,0.0583518,0.0583518,1.23091,-1.03463,-1.03463,-0.96908,1.22296
713,0.0583518,1.22296,-1.03463,0.098142,-1.03463,1.24135,-1.10625
94,-1.10625,0.0583518,1.23091,1.23091,-1.03463,-0.96908,-1.10625
196,1.22296,-1.10625,0.098142,1.23091,-1.03463,1.24135,0.0583518
376,1.22296,-1.10625,-1.03463,-1.03463,1.23091,1.24135,-1.10625
772,-1.10625,0.0583518,-1.03463,1.23091,1.23091,1.24135,0.0583518
613,0.0583518,-1.10625,1.23091,1.23091,0.098142,-0.96908,0.0583518
90,-1.10625,1.22296,1.23091,0.098142,-1.03463,-0.96908,-1.10625
683,1.22296,0.0583518,-1.03463,-1.03463,-1.03463,1.24135,1.22296
252,0.0583518,0.0583518,1.23091,-1.03463,-1.03463,1.24135,1.22296
469,0.0583518,1.22296,1.23091,-1.03463,1.23091,-0.96908,-1.10625
240,0.0583518,-1.10625,1.23091,1.23091,-1.03463,-0.96908,0.0583518
96,-1.10625,1.22296,1.23091,0.098142,-1.03463,-0.96908,-1.10625
402,1.22296,-1.10625,-1.03463,-1.03463,1.23091,1.24135,-1.10625
323,-1.10625,-1.10625,1.23091,1.23091,1.23091,-0.96908,0.0583518
442,0.0583518,-1.10625,-1.03463,-1.03463,1.23091,0.136133,1.22296
496,-1.10625,-1.10625,1.23091,0.098142,0.098142,-0.96908,1.22296
600,0.0583518,-1.10625,-1.03463,-1.03463,0.098142,0.136133,0.0583518
887,-1.10625,1.22296,-1.03463,0.098142,0.098142,1.24135,-1.10625
911,-1.10625,1.22296,0.098142,-1.03463,0.098142,1.24135,0.0583518
321,-1.10625,-1.10625,1.23091,0.098142,1.23091,-0.96908,0.0583518
950,1.22296,-1.10625,1.23091,1.23091,-1.03463,-0.96908,-1.10625
620,0.0583518,-1.10625,0.098142,0.098142,0.098142,-0.96908,1.22296
265,0.0583518,0.0583518,1.23091,-1.03463,-1.03463,-0.96908,0.0583518
294,0.0583518,0.0583518,0.098142,-1.03463,-1.03463,-0.96908,1.22296
243,0.0583518,1.22296,1.23091,-1.03463,-1.03463,-0.96908,0.0583518
778,-1.10625,-1.10625,1.23091,1.23091,1.23091,1.24135,-1.10625
198,1.22296,1.22296,0.098142,-1.03463,-1.03463,1.24135,0.0583518
658,-1.10625,1.22296,1.23091,1.23091,-1.03463,0.136133,0.0583518
836,1.22296,-1.10625,1.23091,-1.03463,1.23091,-0.96908,1.22296
532,1.22296,-1.10625,-1.03463,-1.03463,0.098142,1.24135,0.0583518
479,0.0583518,1.22296,0.098142,-1.03463,1.23091,-0.96908,-1.10625
29,-1.10625,0.0583518,-1.03463,0.098142,-1.03463,1.24135,-1.10625
695,1.22296,1.22296,1.23091,1.23091,-1.03463,-0.96908,-1.10625
18,-1.10625,0.0583518,-1.03463,0.098142,-1.03463,-0.96908,1.22296
614,0.0583518,1.22296,1.23091,-1.03463,0.098142,1.24135,-1.10625
215,1.22296,1.22296,0.098142,-1.03463,-1.03463,0.136133,-1.10625
56,-1.10625,1.22296,-1.03463,0.098142,-1.03463,1.24135,1.22296
484,-1.10625,1.22296,-1.03463,0.098142,0.098142,-0.96908,1.22296
54,-1.10625,-1.10625,-1.03463,1.23091,-1.03463,1.24135,0.0583518
781,-1.10625,1.22296,1.23091,1.23091,1.23091,0.136133,-1.10625
360,-1.10625,1.22296,0.098142,-1.03463,1.23091,-0.96908,-1.10625
616,0.0583518,-1.10625,1.23091,-1.03463,0.098142,1.24135,-1.10625
327,-1.10625,0.0583518,1.23091,1.23091,1.23091,-0.96908,-1.10625
259,0.0583518,-1.10625,1.23091,-1.03463,-1.03463,-0.96908,0.0583518
108,-1.10625,1.22296,0.098142,-1.03463,-1.03463,-0.96908,1.22296
37,-1.10625,1.22296,-1.03463,0.098142,-1.03463,0.136133,1.22296
189,1.22296,-1.10625,0.098142,1.23091,-1.03463,-0.96908,1.22296
434,0.0583518,1.22296,-1.03463,0.098142,1.23091,-0.96908,-1.10625
147,1.22296,-1.10625,1.23091,0.098142,-1.03463,-0.96908,0.0583518
551,1.22296,-1.10625,-1.03463,-1.03463,0.098142,-0.96908,1.22296
222,1.22296,1.22296,0.098142,-1.03463,-1.03463,1.24135,-1.10625
328,-1.10625,1.22296,1.23091,-1.03463,1.23091,1.24135,-1.10625
768,-1.10625,-1.10625,-1.03463,1.23091,1.23091,1.24135,1.22296
104,-1.10625,1.22296,0.098142,1.23091,-1.03463,0.136133,1.22296
306,-1.10625,-1.10625,-1.03463,-1.03463,1.23091,1.24135,1.22296
214,1.22296,0.0583518,0.098142,-1.03463,-1.03463,1.24135,-1.10625
829,1.22296,0.0583518,1.23091,0.098142,1.23091,0.136133,-1.10625
746,-1.10625,0.0583518,-1.03463,1.23091,1.23091,1.24135,-1.10625
204,1.22296,1.22296,0.098142,0.098142,-1.03463,0.136133,0.0583518
660,-1.10625,1.22296,0.098142,1.23091,-1.03463,-0.96908,1.22296
908,-1.10625,0.0583518,0.098142,1.23091,0.098142,-0.96908,1.22296
585,1.22296,0.0583518,0.098142,-1.03463,0.098142,0.136133,-1.10625
817,1.22296,0.0583518,1.23091,-1.03463,1.23091,-0.96908,-1.10625
60,-1.10625,1.22296,-1.03463,1.23091,-1.03463,1.24135,-1.10625
88,-1.10625,1.22296,1.23091,-1.03463,-1.03463,-0.96908,1.22296
834,1.22296,-1.10625,1.23091,-1.03463,1.23091,-0.96908,-1.10625
132,1.22296,-1.10625,-1.03463,-1.03463,-1.03463,1.24135,-1.10625
894,-1.10625,-1.10625,1.23091,-1.03463,0.098142,1.24135,1.22296
508,-1.10625,0.0583518,1.23091,-1.03463,0.098142,1.24135,-1.10625
266,0.0583518,0.0583518,1.23091,-1.03463,-1.03463,1.24135,-1.10625
956,-1.10625,-1.10625,1.23091,-1.03463,1.23091,-0.96908,1.22296
398,1.22296,0.0583518,-1.03463,1.23091,1.23091,-0.96908,-1.10625
604,0.0583518,0.0583518,-1.03463,1.23091,0.098142,-0.96908,1.22296
292,0.0583518,1.22296,0.098142,-1.03463,-1.03463,-0.96908,0.0583518
375,1.22296,0.0583518,-1.03463,1.23091,1.23091,-0.96908,0.0583518
728,0.0583518,1.22296,1.23091,1.23091,-1.03463,-0.96908,0.0583518
808,1.22296,-1.10625,-1.03463,0.098142,1.23091,-0.96908,-1.10625
241,0.0583518,-1.10625,1.23091,1.23091,-1.03463,-0.96908,1.22296
846,1.22296,-1.10625,1.23091,-1.03463,1.23091,0.136133,-1.10625
163,1.22296,-1.10625,1.23091,0.098142,-1.03463,0.136133,1.22296
408,1.22296,-1.10625,0.098142,0.098142,1.23091,-0.96908,1.22296
135,1.22296,-1.10625,-1.03463,-1.03463,-1.03463,0.136133,1.22296
710,0.0583518,1.22296,-1.03463,-1.03463,-1.03463,1.24135,1.22296
287,0.0583518,1.22296,0.098142,-1.03463,-1.03463,-0.96908,1.22296
917,1.22296,0.0583518,-1.03463,0.098142,0.098142,1.24135,1.22296
66,-1.10625,0.0583518,-1.03463,0.098142,-1.03463,1.24135,0.0583518
372,1.22296,1.22296,-1.03463,-1.03463,1.23091,-0.96908,1.22296
95,-1.10625,0.0583518,1.23091,-1.03463,-1.03463,-0.96908,1.22296
884,-1.10625,1.22296,-1.03463,-1.03463,0.098142,1.24135,1.22296
631,-1.10625,1.22296,1.23091,0.098142,-1.03463,1.24135,-1.10625
701,1.22296,-1.10625,0.098142,-1.03463,-1.03463,1.24135,1.22296
244,0.0583518,1.22296,1.23091,-1.03463,-1.03463,-0.96908,1.22296
644,-1.10625,1.22296,1.23091,-1.03463,-1.03463,1.24135,0.0583518
170,1.22296,-1.10625,1.23091,-1.03463,-1.03463,-0.96908,1.22296
444,0.0583518,1.22296,-1.03463,-1.03463,1.23091,0.136133,-1.10625
134,1.22296,-1.10625,-1.03463,-1.03463,-1.03463,0.136133,0.0583518
712,0.0583518,1.22296,-1.03463,-1.03463,-1.03463,1.24135,-1.10625
448,0.0583518,1.22296,-1.03463,-1.03463,1.23091,-0.96908,1.22296
191,1.22296,1.22296,0.098142,1.23091,-1.03463,-0.96908,0.0583518
891,-1.10625,1.22296,1.23091,1.23091,0.098142,-0.96908,1.22296
497,-1.10625,-1.10625,1.23091,1.23091,0.098142,-0.96908,0.0583518
471,0.0583518,0.0583518,1.23091,-1.03463,1.23091,0.136133,-1.10625
729,0.0583518,1.22296,1.23091,1.23091,-1.03463,-0.96908,-1.10625
486,-1.10625,1.22296,-1.03463,0.098142,0.098142,-0.96908,-1.10625
818,1.22296,0.0583518,1.23091,0.098142,1.23091,-0.96908,-1.10625
251,0.0583518,0.0583518,1.23091,1.23091,-1.03463,1.24135,-1.10625
580,1.22296,-1.10625,0.098142,0.098142,0.098142,-0.96908,1.22296
843,1.22296,0.0583518,1.23091,-1.03463,1.23091,-0.96908,-1.10625
26,-1.10625,-1.10625,-1.03463,1.23091,-1.03463,1.24135,0.0583518
502,-1.10625,-1.10625,1.23091,1.23091,0.098142,-0.96908,-1.10625
81,-1.10625,1.22296,1.23091,0.098142,-1.03463,1.24135,0.0583518
46,-1.10625,0.0583518,-1.03463,-1.03463,-1.03463,0.136133,1.22296
556,1.22296,0.0583518,-1.03463,1.23091,0.098142,-0.96908,0.0583518
59,-1.10625,1.22296,-1.03463,-1.03463,-1.03463,1.24135,0.0583518
865,0.0583518,-1.10625,-1.03463,1.23091,1.23091,1.24135,-1.10625
312,-1.10625,1.22296,-1.03463,1.23091,1.23091,-0.96908,-1.10625
638,-1.10625,1.22296,1.23091,1.23091,-1.03463,0.136133,-1.10625
380,1.22296,-1.10625,-1.03463,-1.03463,1.23091,0.136133,1.22296
704,1.22296,0.0583518,0.098142,-1.03463,-1.03463,1.24135,1.22296
295,-1.10625,1.22296,-1.03463,1.23091,1.23091,-0.96908,1.22296
395,1.22296,-1.10625,-1.03463,-1.03463,1.23091,-0.96908,1.22296
519,-1.10625,1.22296,0.098142,-1.03463,0.098142,-0.96908,-1.10625
776,-1.10625,-1.10625,1.23091,0.098142,1.23091,1.24135,-1.10625
38,-1.10625,1.22296,-1.03463,1.23091,-1.03463,0.136133,0.0583518
10,-1.10625,1.22296,-1.03463,1.23091,-1.03463,0.136133,0.0583518
288,0.0583518,1.22296,0.098142,-1.03463,-1.03463,-0.96908,-1.10625
411,1.22296,-1.10625,0.098142,-1.03463,1.23091,-0.96908,0.0583518
217,1.22296,1.22296,0.098142,-1.03463,-1.03463,-0.96908,1.22296
774,-1.10625,1.22296,1.23091,1.23091,1.23091,-0.96908,0.0583518
792,-1.10625,-1.10625,0.098142,-1.03463,1.23091,-0.96908,1.22296
0,-1.10625,1.22296,-1.03463,1.23091,-1.03463,1.24135,1.22296
71,-1.10625,1.22296,-1.03463,-1.03463,-1.03463,0.136133,1.22296
33,-1.10625,0.0583518,-1.03463,0.098142,-1.03463,1.24135,0.0583518
85,-1.10625,0.0583518,1.23091,1.23091,-1.03463,0.136133,1.22296
416,1.22296,1.22296,0.098142,-1.03463,1.23091,0.136133,-1.10625
507,-1.10625,0.0583518,1.23091,0.098142,0.098142,-0.96908,-1.10625
401,1.22296,-1.10625,-1.03463,-1.03463,1.23091,1.24135,0.0583518
584,1.22296,-1.10625,0.098142,-1.03463,0.098142,1.24135,-1.10625
296,-1.10625,1.22296,-1.03463,1.23091,1.23091,-0.96908,-1.10625
322,-1.10625,-1.10625,1.23091,0.098142,1.23091,-0.96908,1.22296
335,-1.10625,0.0583518,1.23091,-1.03463,1.23091,0.136133,-1.10625
34,-1.10625,-1.10625,-1.03463,0.098142,-1.03463,0.136133,1.22296
221,1.22296,0.0583518,0.098142,-1.03463,-1.03463,-0.96908,1.22296
303,-1.10625,0.0583518,-1.03463,0.098142,1.23091,-0.96908,1.22296
270,0.0583518,1.22296,1.23091,-1.03463,-1.03463,-0.96908,-1.10625
347,-1.10625,-1.10625,0.098142,1.23091,1.23091,-0.96908,1.22296
560,1.22296,-1.10625,-1.03463,-1.03463,0.098142,0.136133,0.0583518
420,1.22296,-1.10625,0.098142,-1.03463,1.23091,1.24135,-1.10625
410,1.22296,-1.10625,0.098142,0.098142,1.23091,-0.96908,-1.10625
652,-1.10625,-1.10625,1.23091,-1.03463,-1.03463,1.24135,1.22296
657,-1.10625,0.0583518,1.23091,-1.03463,-1.03463,1.24135,0.0583518
514,-1.10625,0.0583518,1.23091,1.23091,0.098142,-0.96908,-1.10625
298,-1.10625,-1.10625,-1.03463,1.23091,1.23091,-0.96908,1.22296
433,0.0583518,-1.10625,-1.03463,-1.03463,1.23091,-0.96908,1.22296
457,0.0583518,-1.10625,-1.03463,-1.03463,1.23091,0.136133,1.22296
686,1.22296,-1.10625,-1.03463,0.098142,-1.03463,1.24135,1.22296
39,-1.10625,1.22296,-1.03463,0.098142,-1.03463,0.136133,-1.10625
331,-1.10625,1.22296,1.23091,-1.03463,1.23091,-0.96908,-1.10625
406,1.22296,-1.10625,-1.03463,-1.03463,1.23091,0.136133,0.0583518
528,1.22296,-1.10625,-1.03463,1.23091,0.098142,-0.96908,1.22296
844,1.22296,-1.10625,1.23091,0.098142,1.23091,0.136133,-1.10625
812,1.22296,1.22296,1.23091,-1.03463,1.23091,-0.96908,0.0583518
757,-1.10625,1.22296,-1.03463,0.098142,1.23091,1.24135,-1.10625
5,-1.10625,1.22296,-1.03463,1.23091,-1.03463,1.24135,0.0583518
2,-1.10625,1.22296,-1.03463,-1.03463,-1.03463,1.24135,1.22296
539,1.22296,1.22296,-1.03463,-1.03463,0.098142,-0.96908,0.0583518
931,0.0583518,1.22296,-1.03463,-1.03463,0.098142,1.24135,0.0583518
685,1.22296,-1.10625,-1.03463,1.23091,-1.03463,1.24135,1.22296
659,-1.10625,1.22296,1.23091,1.23091,-1.03463,0.136133,-1.10625
693,1.22296,-1.10625,1.23091,-1.03463,-1.03463,1.24135,1.22296
862,0.0583518,-1.10625,-1.03463,0.098142,1.23091,0.136133,-1.10625
744,-1.10625,1.22296,-1.03463,1.23091,1.23091,1.24135,-1.10625
903,-1.10625,1.22296,1.23091,1.23091,0.098142,-0.96908,0.0583518
904,-1.10625,-1.10625,1.23091,0.098142,0.098142,1.24135,-1.10625
224,0.0583518,1.22296,-1.03463,1.23091,-1.03463,1.24135,0.0583518
793,-1.10625,-1.10625,0.098142,0.098142,1.23091,-0.96908,0.0583518
564,1.22296,-1.10625,1.23091,0.098142,0.098142,-0.96908,-1.10625
687,1.22296,1.22296,-1.03463,-1.03463,-1.03463,1.24135,1.22296
521,-1.10625,0.0583518,0.098142,0.098142,0.098142,-0.96908,-1.10625
336,-1.10625,-1.10625,1.23091,0.098142,1.23091,-0.96908,-1.10625
228,0.0583518,1.22296,-1.03463,1.23091,-1.03463,-0.96908,0.0583518
852,0.0583518,-1.10625,-1.03463,1.23091,1.23091,1.24135,0.0583518
113,1.22296,1.22296,-1.03463,1.23091,-1.03463,-0.96908,1.22296
36,-1.10625,-1.10625,-1.03463,1.23091,-1.03463,0.136133,1.22296
456,0.0583518,-1.10625,-1.03463,-1.03463,1.23091,0.136133,0.0583518
725,0.0583518,1.22296,1.23091,1.23091,-1.03463,0.136133,-1.10625
559,1.22296,1.22296,-1.03463,-1.03463,0.098142,1.24135,-1.10625
12,-1.10625,1.22296,-1.03463,1.23091,-1.03463,-0.96908,1.22296
30,-1.10625,0.0583518,-1.03463,-1.03463,-1.03463,1.24135,0.0583518
690,1.22296,1.22296,1.23091,1.23091,-1.03463,-0.96908,-1.10625
530,1.22296,1.22296,-1.03463,1.23091,0.098142,-0.96908,0.0583518
237,0.0583518,1.22296,-1.03463,-1.03463,-1.03463,-0.96908,1.22296
941,0.0583518,-1.10625,1.23091,-1.03463,0.098142,1.24135,-1.10625
276,0.0583518,1.22296,0.098142,-1.03463,-1.03463,-0.96908,1.22296
822,1.22296,-1.10625,1.23091,-1.03463,1.23091,1.24135,-1.10625
208,1.22296,-1.10625,0.098142,-1.03463,-1.03463,-0.96908,1.22296
726,0.0583518,1.22296,1.23091,1.23091,-1.03463,-0.96908,-1.10625
553,1.22296,1.22296,-1.03463,-1.03463,0.098142,-0.96908,1.22296
816,1.22296,0.0583518,1.23091,0.098142,1.23091,-0.96908,0.0583518
7,-1.10625,0.0583518,-1.03463,1.23091,-1.03463,1.24135,0.0583518
664,-1.10625,1.22296,0.098142,1.23091,-1.03463,1.24135,-1.10625
143,1.22296,-1.10625,-1.03463,-1.03463,-1.03463,0.136133,1.22296
209,1.22296,1.22296,0.098142,-1.03463,-1.03463,-0.96908,0.0583518
418,1.22296,-1.10625,0.098142,-1.03463,1.23091,0.136133,-1.10625
567,1.22296,-1.10625,1.23091,-1.03463,0.098142,-0.96908,1.22296
552,1.22296,1.22296,-1.03463,1.23091,0.098142,-0.96908,-1.10625
451,0.0583518,0.0583518,-1.03463,1.23091,1.23091,-0.96908,0.0583518
784,-1.10625,-1.10625,1.23091,1.23091,1.23091,1.24135,-1.10625
268,0.0583518,-1.10625,1.23091,-1.03463,-1.03463,-0.96908,1.22296
804,1.22296,-1.10625,-1.03463,1.23091,1.23091,1.24135,0.0583518
607,0.0583518,-1.10625,-1.03463,-1.03463,0.098142,0.136133,1.22296
98,-1.10625,1.22296,1.23091,-1.03463,-1.03463,-0.96908,1.22296
813,1.22296,1.22296,1.23091,-1.03463,1.23091,-0.96908,-1.10625
61,-1.10625,1.22296,-1.03463,-1.03463,-1.03463,1.24135,1.22296
741,-1.10625,-1.10625,-1.03463,1.23091,1.23091,1.24135,0.0583518
220,1.22296,0.0583518,0.098142,-1.03463,-1.03463,-0.96908,0.0583518
753,-1.10625,0.0583518,-1.03463,0.098142,1.23091,-0.96908,0.0583518
174,1.22296,0.0583518,1.23091,-1.03463,-1.03463,-0.96908,0.0583518
332,-1.10625,0.0583518,1.23091,0.098142,1.23091,-0.96908,-1.10625
909,-1.10625,-1.10625,0.098142,1.23091,0.098142,0.136133,1.22296
669,-1.10625,1.22296,0.098142,-1.03463,-1.03463,1.24135,0.0583518
57,-1.10625,1.22296,-1.03463,1.23091,-1.03463,1.24135,0.0583518
879,-1.10625,1.22296,-1.03463,1.23091,0.098142,-0.96908,1.22296
933,0.0583518,-1.10625,-1.03463,1.23091,0.098142,-0.96908,1.22296
314,-1.10625,0.0583518,-1.03463,1.23091,1.23091,-0.96908,-1.10625
689,1.22296,0.0583518,-1.03463,-1.03463,-1.03463,1.24135,1.22296
606,0.0583518,-1.10625,-1.03463,-1.03463,0.098142,1.24135,1.22296
58,-1.10625,1.22296,-1.03463,0.098142,-1.03463,1.24135,-1.10625
678,1.22296,-1.10625,-1.03463,1.23091,-1.03463,0.136133,1.22296
500,-1.10625,0.0583518,1.23091,1.23091,0.098142,-0.96908,-1.10625
576,1.22296,-1.10625,0.098142,1.23091,0.098142,-0.96908,1.22296
186,1.22296,1.22296,1.23091,-1.03463,-1.03463,0.136133,-1.10625
841,1.22296,0.0583518,1.23091,0.098142,1.23091,-0.96908,-1.10625
236,0.0583518,1.22296,-1.03463,1.23091,-1.03463,-0.96908,1.22296
730,0.0583518,-1.10625,1.23091,0.098142,-1.03463,1.24135,-1.10625
128,1.22296,0.0583518,-1.03463,0.098142,-1.03463,-0.96908,1.22296
25,-1.10625,-1.10625,-1.03463,0.098142,-1.03463,1.24135,1.22296
542,1.22296,0.0583518,-1.03463,0.098142,0.098142,-0.96908,0.0583518
149,1.22296,-1.10625,1.23091,1.23091,-1.03463,-0.96908,0.0583518
69,-1.10625,1.22296,-1.03463,1.23091,-1.03463,0.136133,1.22296
655,-1.10625,1.22296,1.23091,-1.03463,-1.03463,1.24135,-1.10625
118,1.22296,1.22296,-1.03463,0.098142,-1.03463,0.136133,1.22296
218,1.22296,1.22296,0.098142,-1.03463,-1.03463,-0.96908,-1.10625
151,1.22296,1.22296,1.23091,0.098142,-1.03463,-0.96908,0.0583518
133,1.22296,-1.10625,-1.03463,-1.03463,-1.03463,1.24135,0.0583518
802,-1.10625,0.0583518,0.098142,1.23091,1.23091,1.24135,-1.10625
734,0.0583518,0.0583518,0.098142,1.23091,-1.03463,-0.96908,1.22296
582,1.22296,1.22296,0.098142,-1.03463,0.098142,1.24135,-1.10625
905,-1.10625,-1.10625,1.23091,-1.03463,0.098142,1.24135,0.0583518
765,-1.10625,0.0583518,-1.03463,0.098142,1.23091,0.136133,-1.10625
517,-1.10625,-1.10625,0.098142,1.23091,0.098142,-0.96908,-1.10625
16,-1.10625,1.22296,-1.03463,0.098142,-1.03463,-0.96908,1.22296
615,0.0583518,1.22296,1.23091,-1.03463,0.098142,-0.96908,-1.10625
201,1.22296,-1.10625,0.098142,1.23091,-1.03463,0.136133,1.22296
112,-1.10625,1.22296,0.098142,-1.03463,-1.03463,-0.96908,1.22296
339,-1.10625,1.22296,1.23091,-1.03463,1.23091,-0.96908,-1.10625
257,0.0583518,0.0583518,1.23091,0.098142,-1.03463,0.136133,1.22296
230,0.0583518,1.22296,-1.03463,-1.03463,-1.03463,-0.96908,1.22296
315,-1.10625,-1.10625,-1.03463,-1.03463,1.23091,1.24135,0.0583518
737,0.0583518,1.22296,0.098142,-1.03463,-1.03463,1.24135,0.0583518
491,-1.10625,-1.10625,-1.03463,-1.03463,0.098142,1.24135,1.22296
465,0.0583518,0.0583518,1.23091,-1.03463,1.23091,1.24135,-1.10625
179,1.22296,-1.10625,1.23091,-1.03463,-1.03463,-0.96908,1.22296
62,-1.10625,1.22296,-1.03463,0.098142,-1.03463,1.24135,0.0583518
780,-1.10625,0.0583518,1.23091,-1.03463,1.23091,1.24135,-1.10625
443,0.0583518,-1.10625,-1.03463,-1.03463,1.23091,0.136133,0.0583518
343,-1.10625,0.0583518,1.23091,-1.03463,1.23091,1.24135,-1.10625
77,-1.10625,0.0583518,-1.03463,1.23091,-1.03463,0.136133,1.22296
738,0.0583518,1.22296,0.098142,-1.03463,-1.03463,1.24135,-1.10625
146,1.22296,-1.10625,1.23091,-1.03463,-1.03463,-0.96908,1.22296
790,-1.10625,0.0583518,0.098142,1.23091,1.23091,1.24135,0.0583518
344,-1.10625,1.22296,1.23091,-1.03463,1.23091,0.136133,-1.10625
663,-1.10625,-1.10625,0.098142,1.23091,-1.03463,-0.96908,1.22296
445,0.0583518,-1.10625,-1.03463,1.23091,1.23091,-0.96908,1.22296
181,1.22296,1.22296,1.23091,-1.03463,-1.03463,-0.96908,-1.10625
684,1.22296,-1.10625,-1.03463,1.23091,-1.03463,-0.96908,1.22296
89,-1.10625,1.22296,1.23091,-1.03463,-1.03463,-0.96908,-1.10625
748,-1.10625,-1.10625,-1.03463,1.23091,1.23091,0.136133,1.22296
544,1.22296,-1.10625,-1.03463,-1.03463,0.098142,1.24135,-1.10625
948,1.22296,-1.10625,-1.03463,1.23091,-1.03463,-0.96908,-1.10625
848,1.22296,-1.10625,0.098142,-1.03463,1.23091,1.24135,1.22296
210,1.22296,1.22296,0.098142,-1.03463,-1.03463,-0.96908,-1.10625
289,0.0583518,1.22296,0.098142,-1.03463,-1.03463,-0.96908,0.0583518
625,0.0583518,1.22296,0.098142,-1.03463,0.098142,1.24135,-1.10625
696,1.22296,-1.10625,1.23091,-1.03463,-1.03463,1.24135,1.22296
483,0.0583518,1.22296,0.098142,-1.03463,1.23091,0.136133,-1.10625
885,-1.10625,1.22296,-1.03463,0.098142,0.098142,1.24135,0.0583518
764,-1.10625,1.22296,-1.03463,-1.03463,1.23091,0.136133,-1.10625
366,1.22296,-1.10625,-1.03463,1.23091,1.23091,-0.96908,-1.10625
861,0.0583518,-1.10625,-1.03463,1.23091,1.23091,1.24135,-1.10625
394,1.22296,-1.10625,-1.03463,-1.03463,1.23091,-0.96908,0.0583518
358,-1.10625,-1.10625,0.098142,1.23091,1.23091,-0.96908,-1.10625
70,-1.10625,1.22296,-1.03463,1.23091,-1.03463,0.136133,-1.10625
811,1.22296,1.22296,1.23091,0.098142,1.23091,-0.96908,-1.10625
333,-1.10625,0.0583518,1.23091,-1.03463,1.23091,-0.96908,-1.10625
899,-1.10625,0.0583518,1.23091,-1.03463,0.098142,1.24135,0.0583518
232,0.0583518,0.0583518,-1.03463,-1.03463,-1.03463,-0.96908,1.22296
773,-1.10625,0.0583518,-1.03463,1.23091,1.23091,1.24135,-1.10625
391,1.22296,0.0583518,-1.03463,-1.03463,1.23091,0.136133,-1.10625
242,0.0583518,1.22296,1.23091,0.098142,-1.03463,-0.96908,1.22296
876,0.0583518,0.0583518,0.098142,-1.03463,1.23091,-0.96908,-1.10625
893,-1.10625,-1.10625,1.23091,1.23091,0.098142,1.24135,-1.10625
569,1.22296,0.0583518,1.23091,-1.03463,0.098142,1.24135,-1.10625
362,-1.10625,0.0583518,0.098142,0.098142,1.23091,-0.96908,-1.10625
901,-1.10625,1.22296,1.23091,1.23091,0.098142,0.136133,-1.10625
758,-1.10625,1.22296,-1.03463,-1.03463,1.23091,1.24135,0.0583518
588,0.0583518,1.22296,-1.03463,1.23091,0.098142,-0.96908,1.22296
533,1.22296,-1.10625,-1.03463,-1.03463,0.098142,0.136133,1.22296
317,-1.10625,-1.10625,-1.03463,-1.03463,1.23091,0.136133,1.22296
452,0.0583518,-1.10625,-1.03463,-1.03463,1.23091,1.24135,1.22296
473,0.0583518,-1.10625,0.098142,1.23091,1.23091,-0.96908,-1.10625
487,-1.10625,1.22296,-1.03463,1.23091,0.098142,-0.96908,-1.10625
666,-1.10625,1.22296,0.098142,0.098142,-1.03463,1.24135,0.0583518
121,1.22296,-1.10625,-1.03463,1.23091,-1.03463,-0.96908,1.22296
681,1.22296,1.22296,-1.03463,-1.03463,-1.03463,1.24135,0.0583518
698,1.22296,-1.10625,0.098142,-1.03463,-1.03463,1.24135,1.22296
618,0.0583518,0.0583518,1.23091,-1.03463,0.098142,1.24135,-1.10625
82,-1.10625,0.0583518,1.23091,0.098142,-1.03463,1.24135,1.22296
674,1.22296,-1.10625,-1.03463,1.23091,-1.03463,1.24135,1.22296
274,0.0583518,1.22296,1.23091,-1.03463,-1.03463,1.24135,-1.10625
656,-1.10625,0.0583518,1.23091,0.098142,-1.03463,1.24135,-1.10625
869,0.0583518,-1.10625,1.23091,-1.03463,1.23091,1.24135,-1.10625
850,0.0583518,-1.10625,-1.03463,1.23091,1.23091,1.24135,1.22296
826,1.22296,-1.10625,1.23091,-1.03463,1.23091,0.136133,-1.10625
538,1.22296,1.22296,-1.03463,0.098142,0.098142,-0.96908,-1.10625
227,0.0583518,1.22296,-1.03463,0.098142,-1.03463,-0.96908,1.22296
642,-1.10625,-1.10625,1.23091,-1.03463,-1.03463,1.24135,0.0583518
677,1.22296,0.0583518,-1.03463,0.098142,-1.03463,1.24135,1.22296
460,0.0583518,-1.10625,1.23091,0.098142,1.23091,-0.96908,-1.10625
320,-1.10625,-1.10625,1.23091,-1.03463,1.23091,-0.96908,1.22296
472,0.0583518,-1.10625,0.098142,1.23091,1.23091,-0.96908,1.22296
890,-1.10625,-1.10625,-1.03463,1.23091,0.098142,0.136133,1.22296
910,-1.10625,1.22296,0.098142,0.098142,0.098142,1.24135,-1.10625
957,1.22296,1.22296,-1.03463,-1.03463,1.23091,-0.96908,-1.10625
478,0.0583518,1.22296,0.098142,-1.03463,1.23091,1.24135,-1.10625
558,1.22296,-1.10625,-1.03463,-1.03463,0.098142,1.24135,0.0583518
419,1.22296,1.22296,0.098142,-1.03463,1.23091,-0.96908,-1.10625
351,-1.10625,-1.10625,0.098142,1.23091,1.23091,-0.96908,-1.10625
35,-1.10625,-1.10625,-1.03463,1.23091,-1.03463,0.136133,0.0583518
788,-1.10625,-1.10625,0.098142,1.23091,1.23091,1.24135,0.0583518
31,-1.10625,0.0583518,-1.03463,1.23091,-1.03463,1.24135,-1.10625
111,-1.10625,1.22296,0.098142,1.23091,-1.03463,-0.96908,-1.10625
705,0.0583518,1.22296,-1.03463,1.23091,-1.03463,-0.96908,1.22296
4,-1.10625,1.22296,-1.03463,0.098142,-1.03463,1.24135,1.22296
127,1.22296,1.22296,-1.03463,-1.03463,-1.03463,-0.96908,0.0583518
592,0.0583518,1.22296,-1.03463,1.23091,0.098142,-0.96908,-1.10625
534,1.22296,-1.10625,-1.03463,0.098142,0.098142,-0.96908,1.22296
441,0.0583518,0.0583518,-1.03463,-1.03463,1.23091,1.24135,-1.10625
185,1.22296,0.0583518,1.23091,-1.03463,-1.03463,1.24135,-1.10625
700,1.22296,0.0583518,0.098142,-1.03463,-1.03463,1.24135,1.22296
651,-1.10625,-1.10625,1.23091,1.23091,-1.03463,1.24135,-1.10625
13,-1.10625,1.22296,-1.03463,1.23091,-1.03463,-0.96908,-1.10625
688,1.22296,0.0583518,-1.03463,0.098142,-1.03463,1.24135,1.22296
856,0.0583518,-1.10625,-1.03463,1.23091,1.23091,-0.96908,-1.10625
505,-1.10625,0.0583518,1.23091,1.23091,0.098142,-0.96908,-1.10625
522,-1.10625,0.0583518,0.098142,1.23091,0.098142,-0.96908,-1.10625
290,0.0583518,0.0583518,0.098142,-1.03463,-1.03463,-0.96908,0.0583518
50,-1.10625,1.22296,-1.03463,0.098142,-1.03463,-0.96908,1.22296
751,-1.10625,1.22296,-1.03463,-1.03463,1.23091,-0.96908,0.0583518
755,-1.10625,-1.10625,-1.03463,0.098142,1.23091,1.24135,-1.10625
810,1.22296,-1.10625,-1.03463,1.23091,1.23091,1.24135,-1.10625
932,0.0583518,1.22296,-1.03463,-1.03463,0.098142,1.24135,-1.10625
803,1.22296,-1.10625,-1.03463,0.098142,1.23091,1.24135,1.22296
92,-1.10625,0.0583518,1.23091,0.098142,-1.03463,-0.96908,-1.10625
116,1.22296,1.22296,-1.03463,0.098142,-1.03463,1.24135,0.0583518
561,1.22296,-1.10625,-1.03463,-1.03463,0.098142,0.136133,1.22296
733,0.0583518,1.22296,1.23091,1.23091,-1.03463,0.136133,-1.10625
540,1.22296,0.0583518,-1.03463,1.23091,0.098142,-0.96908,-1.10625
782,-1.10625,-1.10625,1.23091,-1.03463,1.23091,-0.96908,0.0583518
390,1.22296,-1.10625,-1.03463,-1.03463,1.23091,0.136133,-1.10625
743,-1.10625,1.22296,-1.03463,1.23091,1.23091,1.24135,0.0583518
114,1.22296,1.22296,-1.03463,-1.03463,-1.03463,-0.96908,1.22296
783,-1.10625,-1.10625,1.23091,-1.03463,1.23091,0.136133,-1.10625
459,0.0583518,-1.10625,1.23091,1.23091,1.23091,-0.96908,0.0583518
279,0.0583518,1.22296,0.098142,-1.03463,-1.03463,1.24135,1.22296
563,1.22296,-1.10625,1.23091,1.23091,0.098142,-0.96908,0.0583518
8,-1.10625,0.0583518,-1.03463,1.23091,-1.03463,1.24135,1.22296
169,1.22296,0.0583518,1.23091,0.098142,-1.03463,0.136133,0.0583518
779,-1.10625,0.0583518,1.23091,1.23091,1.23091,1.24135,-1.10625
550,1.22296,-1.10625,-1.03463,1.23091,0.098142,-0.96908,1.22296
511,-1.10625,1.22296,1.23091,-1.03463,0.098142,-0.96908,-1.10625
512,-1.10625,1.22296,1.23091,0.098142,0.098142,-0.96908,-1.10625
766,-1.10625,0.0583518,-1.03463,-1.03463,1.23091,0.136133,0.0583518
555,1.22296,0.0583518,-1.03463,0.098142,0.098142,-0.96908,1.22296
488,-1.10625,0.0583518,-1.03463,1.23091,0.098142,-0.96908,1.22296
470,0.0583518,-1.10625,1.23091,-1.03463,1.23091,1.24135,-1.10625
235,0.0583518,-1.10625,-1.03463,-1.03463,-1.03463,0.136133,1.22296
949,1.22296,-1.10625,-1.03463,1.23091,-1.03463,1.24135,-1.10625
825,1.22296,-1.10625,1.23091,0.098142,1.23091,0.136133,0.0583518
827,1.22296,-1.10625,1.23091,0.098142,1.23091,0.136133,-1.10625
867,0.0583518,1.22296,1.23091,1.23091,1.23091,-0.96908,-1.10625
337,-1.10625,-1.10625,1.23091,1.23091,1.23091,-0.96908,-1.10625
868,0.0583518,-1.10625,1.23091,1.23091,1.23091,1.24135,-1.10625
628,-1.10625,0.0583518,1.23091,1.23091,-1.03463,-0.96908,1.22296
299,-1.10625,1.22296,-1.03463,1.23091,1.23091,-0.96908,-1.10625
799,-1.10625,0.0583518,0.098142,-1.03463,1.23091,0.136133,-1.10625
355,-1.10625,0.0583518,0.098142,0.098142,1.23091,-0.96908,-1.10625
523,-1.10625,1.22296,0.098142,0.098142,0.098142,-0.96908,-1.10625
462,0.0583518,-1.10625,1.23091,1.23091,1.23091,-0.96908,-1.10625
371,1.22296,1.22296,-1.03463,1.23091,1.23091,-0.96908,-1.10625
898,-1.10625,0.0583518,1.23091,0.098142,0.098142,1.24135,-1.10625
157,1.22296,0.0583518,1.23091,-1.03463,-1.03463,-0.96908,1.22296
293,0.0583518,1.22296,0.098142,-1.03463,-1.03463,-0.96908,1.22296
349,-1.10625,1.22296,0.098142,1.23091,1.23091,-0.96908,-1.10625
182,1.22296,0.0583518,1.23091,-1.03463,-1.03463,-0.96908,1.22296
670,-1.10625,0.0583518,0.098142,1.23091,-1.03463,-0.96908,1.22296
535,1.22296,-1.10625,-1.03463,1.23091,0.098142,-0.96908,0.0583518
261,0.0583518,1.22296,1.23091,-1.03463,-1.03463,-0.96908,0.0583518
280,0.0583518,1.22296,0.098142,0.098142,-1.03463,1.24135,0.0583518
122,1.22296,-1.10625,-1.03463,-1.03463,-1.03463,-0.96908,1.22296
334,-1.10625,-1.10625,1.23091,-1.03463,1.23091,1.24135,-1.10625
101,-1.10625,1.22296,0.098142,0.098142,-1.03463,1.24135,1.22296
515,-1.10625,1.22296,1.23091,-1.03463,0.098142,1.24135,-1.10625
404,1.22296,-1.10625,-1.03463,-1.03463,1.23091,0.136133,1.22296
944,-1.10625,-1.10625,1.23091,-1.03463,-1.03463,1.24135,1.22296
68,-1.10625,0.0583518,-1.03463,1.23091,-1.03463,1.24135,0.0583518
857,0.0583518,-1.10625,-1.03463,0.098142,1.23091,-0.96908,0.0583518
455,0.0583518,1.22296,-1.03463,-1.03463,1.23091,1.24135,-1.10625
801,-1.10625,-1.10625,0.098142,1.23091,1.23091,1.24135,-1.10625
368,1.22296,-1.10625,-1.03463,0.098142,1.23091,-0.96908,0.0583518
593,0.0583518,1.22296,-1.03463,-1.03463,0.098142,-0.96908,1.22296
510,-1.10625,-1.10625,1.23091,1.23091,0.098142,-0.96908,-1.10625
178,1.22296,-1.10625,1.23091,-1.03463,-1.03463,-0.96908,0.0583518
892,-1.10625,1.22296,1.23091,1.23091,0.098142,-0.96908,0.0583518
6,-1.10625,0.0583518,-1.03463,0.098142,-1.03463,1.24135,1.22296
938,0.0583518,0.0583518,1.23091,-1.03463,0.098142,1.24135,-1.10625
809,1.22296,0.0583518,-1.03463,-1.03463,1.23091,-0.96908,-1.10625
52,-1.10625,1.22296,-1.03463,1.23091,-1.03463,-0.96908,1.22296
413,1.22296,-1.10625,0.098142,-1.03463,1.23091,-0.96908,1.22296
643,-1.10625,1.22296,1.23091,0.098142,-1.03463,1.24135,-1.10625
369,1.22296,-1.10625,-1.03463,0.098142,1.23091,-0.96908,1.22296
935,0.0583518,1.22296,1.23091,1.23091,0.098142,-0.96908,-1.10625
490,-1.10625,-1.10625,-1.03463,-1.03463,0.098142,1.24135,0.0583518
720,0.0583518,-1.10625,1.23091,-1.03463,-1.03463,1.24135,1.22296
591,0.0583518,-1.10625,-1.03463,-1.03463,0.098142,-0.96908,1.22296
671,-1.10625,-1.10625,0.098142,1.23091,-1.03463,0.136133,1.22296
430,0.0583518,-1.10625,-1.03463,-1.03463,1.23091,0.136133,1.22296
17,-1.10625,1.22296,-1.03463,1.23091,-1.03463,-0.96908,0.0583518
855,0.0583518,0.0583518,-1.03463,1.23091,1.23091,1.24135,-1.10625
28,-1.10625,0.0583518,-1.03463,1.23091,-1.03463,1.24135,0.0583518
415,1.22296,0.0583518,0.098142,-1.03463,1.23091,1.24135,-1.10625
771,-1.10625,1.22296,-1.03463,1.23091,1.23091,1.24135,-1.10625
714,0.0583518,1.22296,-1.03463,-1.03463,-1.03463,1.24135,0.0583518
130,1.22296,0.0583518,-1.03463,-1.03463,-1.03463,-0.96908,0.0583518
547,1.22296,-1.10625,-1.03463,-1.03463,0.098142,0.136133,-1.10625
907,-1.10625,1.22296,1.23091,1.23091,0.098142,0.136133,-1.10625
388,1.22296,-1.10625,-1.03463,-1.03463,1.23091,1.24135,-1.10625
374,1.22296,0.0583518,-1.03463,0.098142,1.23091,-0.96908,1.22296
397,1.22296,1.22296,-1.03463,-1.03463,1.23091,-0.96908,0.0583518
354,-1.10625,0.0583518,0.098142,1.23091,1.23091,-0.96908,-1.10625
399,1.22296,0.0583518,-1.03463,-1.03463,1.23091,-0.96908,1.22296
330,-1.10625,-1.10625,1.23091,0.098142,1.23091,-0.96908,-1.10625
409,1.22296,-1.10625,0.098142,1.23091,1.23091,-0.96908,0.0583518
432,0.0583518,-1.10625,-1.03463,1.23091,1.23091,-0.96908,0.0583518
225,0.0583518,0.0583518,-1.03463,1.23091,-1.03463,1.24135,1.22296
423,0.0583518,-1.10625,-1.03463,1.23091,1.23091,-0.96908,0.0583518
99,-1.10625,0.0583518,1.23091,1.23091,-1.03463,-0.96908,-1.10625
739,0.0583518,-1.10625,0.098142,1.23091,-1.03463,-0.96908,1.22296
341,-1.10625,0.0583518,1.23091,-1.03463,1.23091,-0.96908,-1.10625
702,1.22296,-1.10625,0.098142,0.098142,-1.03463,1.24135,1.22296
697,1.22296,-1.10625,1.23091,-1.03463,-1.03463,1.24135,-1.10625
119,1.22296,1.22296,-1.03463,1.23091,-1.03463,0.136133,0.0583518
789,-1.10625,1.22296,0.098142,1.23091,1.23091,1.24135,-1.10625
760,-1.10625,0.0583518,-1.03463,1.23091,1.23091,1.24135,-1.10625
485,-1.10625,1.22296,-1.03463,1.23091,0.098142,-0.96908,0.0583518
602,0.0583518,1.22296,-1.03463,0.098142,0.098142,-0.96908,1.22296
929,0.0583518,-1.10625,-1.03463,1.23091,0.098142,0.136133,1.22296
621,0.0583518,-1.10625,0.098142,1.23091,0.098142,-0.96908,0.0583518
45,-1.10625,0.0583518,-1.03463,1.23091,-1.03463,0.136133,-1.10625
325,-1.10625,1.22296,1.23091,0.098142,1.23091,-0.96908,-1.10625
436,0.0583518,0.0583518,-1.03463,1.23091,1.23091,-0.96908,-1.10625
338,-1.10625,1.22296,1.23091,0.098142,1.23091,-0.96908,-1.10625
250,0.0583518,1.22296,1.23091,-1.03463,-1.03463,1.24135,0.0583518
915,1.22296,-1.10625,-1.03463,0.098142,0.098142,1.24135,1.22296
847,1.22296,-1.10625,0.098142,1.23091,1.23091,1.24135,-1.10625
622,0.0583518,-1.10625,0.098142,1.23091,0.098142,-0.96908,1.22296
623,0.0583518,0.0583518,0.098142,-1.03463,0.098142,1.24135,-1.10625
498,-1.10625,-1.10625,1.23091,1.23091,0.098142,-0.96908,1.22296
513,-1.10625,0.0583518,1.23091,0.098142,0.098142,-0.96908,-1.10625
254,0.0583518,-1.10625,1.23091,1.23091,-1.03463,0.136133,1.22296
302,-1.10625,1.22296,-1.03463,0.098142,1.23091,-0.96908,-1.10625
930,0.0583518,1.22296,-1.03463,0.098142,0.098142,1.24135,-1.10625
936,0.0583518,-1.10625,1.23091,0.098142,0.098142,1.24135,-1.10625
446,0.0583518,-1.10625,-1.03463,-1.03463,1.23091,-0.96908,1.22296
595,0.0583518,0.0583518,-1.03463,0.098142,0.098142,-0.96908,1.22296
516,-1.10625,1.22296,0.098142,1.23091,0.098142,-0.96908,-1.10625
41,-1.10625,1.22296,-1.03463,1.23091,-1.03463,0.136133,-1.10625
906,-1.10625,0.0583518,1.23091,-1.03463,0.098142,1.24135,-1.10625
549,1.22296,1.22296,-1.03463,-1.03463,0.098142,0.136133,-1.10625
150,1.22296,1.22296,1.23091,-1.03463,-1.03463,-0.96908,1.22296
493,-1.10625,1.22296,-1.03463,1.23091,0.098142,-0.96908,1.22296
636,-1.10625,0.0583518,1.23091,0.098142,-1.03463,1.24135,0.0583518
21,-1.10625,-1.10625,-1.03463,1.23091,-1.03463,1.24135,1.22296
878,0.0583518,-1.10625,0.098142,1.23091,1.23091,1.24135,-1.10625
672,1.22296,0.0583518,-1.03463,1.23091,-1.03463,-0.96908,1.22296
48,-1.10625,0.0583518,-1.03463,0.098142,-1.03463,0.136133,1.22296
575,1.22296,0.0583518,1.23091,-1.03463,0.098142,0.136133,-1.10625
429,0.0583518,-1.10625,-1.03463,-1.03463,1.23091,1.24135,1.22296
264,0.0583518,0.0583518,1.23091,-1.03463,-1.03463,-0.96908,-1.10625
364,-1.10625,1.22296,0.098142,-1.03463,1.23091,1.24135,-1.10625
637,-1.10625,-1.10625,1.23091,1.23091,-1.03463,0.136133,1.22296
211,1.22296,0.0583518,0.098142,-1.03463,-1.03463,-0.96908,1.22296
881,-1.10625,0.0583518,-1.03463,1.23091,0.098142,0.136133,1.22296
83,-1.10625,0.0583518,1.23091,1.23091,-1.03463,1.24135,0.0583518
494,-1.10625,1.22296,-1.03463,1.23091,0.098142,-0.96908,-1.10625
574,1.22296,-1.10625,1.23091,-1.03463,0.098142,1.24135,-1.10625
348,-1.10625,1.22296,0.098142,0.098142,1.23091,-0.96908,-1.10625
454,0.0583518,-1.10625,-1.03463,-1.03463,1.23091,1.24135,0.0583518
506,-1.10625,0.0583518,1.23091,-1.03463,0.098142,-0.96908,-1.10625
807,1.22296,0.0583518,-1.03463,-1.03463,1.23091,1.24135,1.22296
578,1.22296,-1.10625,0.098142,-1.03463,0.098142,-0.96908,1.22296
253,0.0583518,0.0583518,1.23091,0.098142,-1.03463,1.24135,0.0583518
91,-1.10625,1.22296,1.23091,-1.03463,-1.03463,-0.96908,0.0583518
389,1.22296,-1.10625,-1.03463,-1.03463,1.23091,0.136133,0.0583518
721,0.0583518,-1.10625,1.23091,0.098142,-1.03463,1.24135,0.0583518
577,1.22296,-1.10625,0.098142,1.23091,0.098142,-0.96908,-1.10625
352,-1.10625,1.22296,0.098142,0.098142,1.23091,-0.96908,-1.10625
65,-1.10625,0.0583518,-1.03463,-1.03463,-1.03463,1.24135,1.22296
168,1.22296,0.0583518,1.23091,-1.03463,-1.03463,0.136133,1.22296
131,1.22296,0.0583518,-1.03463,-1.03463,-1.03463,-0.96908,1.22296
199,1.22296,0.0583518,0.098142,1.23091,-1.03463,1.24135,-1.10625
706,0.0583518,-1.10625,-1.03463,1.23091,-1.03463,1.24135,1.22296
703,1.22296,-1.10625,0.098142,-1.03463,-1.03463,1.24135,1.22296
566,1.22296,-1.10625,1.23091,1.23091,0.098142,-0.96908,-1.10625
117,1.22296,0.0583518,-1.03463,1.23091,-1.03463,1.24135,0.0583518
463,0.0583518,-1.10625,1.23091,-1.03463,1.23091,-0.96908,1.22296
679,1.22296,-1.10625,-1.03463,0.098142,-1.03463,1.24135,1.22296
392,1.22296,-1.10625,-1.03463,0.098142,1.23091,-0.96908,1.22296
877,0.0583518,-1.10625,0.098142,-1.03463,1.23091,0.136133,-1.10625
281,0.0583518,0.0583518,0.098142,0.098142,-1.03463,1.24135,1.22296
300,-1.10625,1.22296,-1.03463,-1.03463,1.23091,-0.96908,1.22296
794,-1.10625,0.0583518,0.098142,-1.03463,1.23091,-0.96908,0.0583518
318,-1.10625,-1.10625,1.23091,1.23091,1.23091,-0.96908,1.22296
172,1.22296,-1.10625,1.23091,-1.03463,-1.03463,-0.96908,0.0583518
363,-1.10625,0.0583518,0.098142,1.23091,1.23091,-0.96908,-1.10625
682,1.22296,1.22296,-1.03463,-1.03463,-1.03463,1.24135,-1.10625
305,-1.10625,0.0583518,-1.03463,1.23091,1.23091,-0.96908,-1.10625
924,1.22296,-1.10625,0.098142,0.098142,0.098142,1.24135,1.22296
177,1.22296,0.0583518,1.23091,-1.03463,-1.03463,0.136133,-1.10625
787,-1.10625,-1.10625,0.098142,1.23091,1.23091,1.24135,-1.10625
562,1.22296,-1.10625,1.23091,0.098142,0.098142,-0.96908,1.22296
3,-1.10625,1.22296,-1.03463,0.098142,-1.03463,1.24135,0.0583518
617,0.0583518,0.0583518,1.23091,-1.03463,0.098142,0.136133,-1.10625
883,-1.10625,1.22296,-1.03463,1.23091,0.098142,1.24135,-1.10625
727,0.0583518,-1.10625,1.23091,-1.03463,-1.03463,1.24135,-1.10625
654,-1.10625,1.22296,1.23091,1.23091,-1.03463,1.24135,-1.10625
284,0.0583518,1.22296,0.098142,1.23091,-1.03463,0.136133,0.0583518
709,0.0583518,1.22296,-1.03463,1.23091,-1.03463,1.24135,-1.10625
43,-1.10625,1.22296,-1.03463,0.098142,-1.03463,0.136133,0.0583518
367,1.22296,-1.10625,-1.03463,-1.03463,1.23091,-0.96908,1.22296
403,1.22296,0.0583518,-1.03463,-1.03463,1.23091,1.24135,-1.10625
736,0.0583518,1.22296,0.098142,0.098142,-1.03463,1.24135,-1.10625
255,0.0583518,1.22296,1.23091,-1.03463,-1.03463,0.136133,1.22296
205,1.22296,0.0583518,0.098142,0.098142,-1.03463,0.136133,1.22296
646,-1.10625,0.0583518,1.23091,-1.03463,-1.03463,1.24135,-1.10625
853,0.0583518,1.22296,-1.03463,1.23091,1.23091,1.24135,-1.10625
527,1.22296,-1.10625,-1.03463,1.23091,0.098142,-0.96908,0.0583518
864,0.0583518,-1.10625,-1.03463,1.23091,1.23091,1.24135,0.0583518
226,0.0583518,1.22296,-1.03463,1.23091,-1.03463,0.136133,1.22296
554,1.22296,1.22296,-1.03463,0.098142,0.098142,-0.96908,0.0583518
426,0.0583518,1.22296,-1.03463,1.23091,1.23091,-0.96908,0.0583518
859,0.0583518,0.0583518,-1.03463,0.098142,1.23091,-0.96908,-1.10625
525,-1.10625,0.0583518,0.098142,1.23091,0.098142,-0.96908,-1.10625
449,0.0583518,1.22296,-1.03463,0.098142,1.23091,-0.96908,0.0583518
520,-1.10625,1.22296,0.098142,0.098142,0.098142,-0.96908,-1.10625
828,1.22296,-1.10625,1.23091,-1.03463,1.23091,0.136133,0.0583518
854,0.0583518,0.0583518,-1.03463,1.23091,1.23091,1.24135,0.0583518
359,-1.10625,1.22296,0.098142,1.23091,1.23091,-0.96908,-1.10625
750,-1.10625,-1.10625,-1.03463,1.23091,1.23091,-0.96908,0.0583518
106,-1.10625,1.22296,0.098142,-1.03463,-1.03463,-0.96908,0.0583518
275,0.0583518,1.22296,0.098142,1.23091,-1.03463,-0.96908,1.22296
675,1.22296,1.22296,-1.03463,-1.03463,-1.03463,1.24135,1.22296
639,-1.10625,1.22296,1.23091,1.23091,-1.03463,0.136133,0.0583518
480,0.0583518,-1.10625,0.098142,-1.03463,1.23091,1.24135,-1.10625
708,0.0583518,-1.10625,-1.03463,1.23091,-1.03463,-0.96908,1.22296
875,0.0583518,-1.10625,0.098142,-1.03463,1.23091,-0.96908,0.0583518
579,1.22296,-1.10625,0.098142,0.098142,0.098142,-0.96908,0.0583518
722,0.0583518,1.22296,1.23091,-1.03463,-1.03463,1.24135,-1.10625
835,1.22296,-1.10625,1.23091,1.23091,1.23091,-0.96908,-1.10625
777,-1.10625,-1.10625,1.23091,-1.03463,1.23091,1.24135,0.0583518
624,0.0583518,1.22296,0.098142,-1.03463,0.098142,0.136133,-1.10625
626,-1.10625,1.22296,1.23091,1.23091,-1.03463,-0.96908,0.0583518
44,-1.10625,0.0583518,-1.03463,1.23091,-1.03463,0.136133,1.22296
923,1.22296,-1.10625,1.23091,-1.03463,0.098142,1.24135,-1.10625
97,-1.10625,1.22296,1.23091,-1.03463,-1.03463,-0.96908,0.0583518
387,1.22296,0.0583518,-1.03463,-1.03463,1.23091,-0.96908,0.0583518
645,-1.10625,1.22296,1.23091,-1.03463,-1.03463,1.24135,-1.10625
927,1.22296,-1.10625,0.098142,-1.03463,0.098142,1.24135,1.22296
188,1.22296,-1.10625,0.098142,1.23091,-1.03463,-0.96908,0.0583518
206,1.22296,0.0583518,0.098142,1.23091,-1.03463,0.136133,0.0583518
126,1.22296,1.22296,-1.03463,-1.03463,-1.03463,-0.96908,-1.10625
918,1.22296,0.0583518,-1.03463,-1.03463,0.098142,1.24135,1.22296
400,1.22296,0.0583518,-1.03463,0.098142,1.23091,-0.96908,0.0583518
461,0.0583518,-1.10625,1.23091,-1.03463,1.23091,-0.96908,0.0583518
285,0.0583518,0.0583518,0.098142,1.23091,-1.03463,0.136133,1.22296
109,-1.10625,0.0583518,0.098142,1.23091,-1.03463,-0.96908,-1.10625
194,1.22296,0.0583518,0.098142,1.23091,-1.03463,-0.96908,1.22296
467,0.0583518,0.0583518,1.23091,-1.03463,1.23091,-0.96908,-1.10625
945,1.22296,1.22296,-1.03463,1.23091,-1.03463,-0.96908,-1.10625
164,1.22296,-1.10625,1.23091,1.23091,-1.03463,0.136133,0.0583518
610,0.0583518,-1.10625,1.23091,-1.03463,0.098142,-0.96908,1.22296
22,-1.10625,-1.10625,-1.03463,1.23091,-1.03463,1.24135,-1.10625
912,-1.10625,1.22296,0.098142,-1.03463,0.098142,1.24135,-1.10625
919,1.22296,-1.10625,-1.03463,0.098142,0.098142,1.24135,1.22296
159,1.22296,-1.10625,1.23091,0.098142,-1.03463,1.24135,0.0583518
902,-1.10625,-1.10625,1.23091,-1.03463,0.098142,1.24135,-1.10625
752,-1.10625,0.0583518,-1.03463,-1.03463,1.23091,-0.96908,1.22296
526,1.22296,-1.10625,-1.03463,0.098142,0.098142,-0.96908,1.22296
193,1.22296,1.22296,0.098142,-1.03463,-1.03463,-0.96908,1.22296
863,0.0583518,0.0583518,-1.03463,-1.03463,1.23091,0.136133,-1.10625
277,0.0583518,-1.10625,0.098142,1.23091,-1.03463,1.24135,1.22296
158,1.22296,-1.10625,1.23091,1.23091,-1.03463,1.24135,-1.10625
735,0.0583518,-1.10625,0.098142,1.23091,-1.03463,0.136133,1.22296
414,1.22296,-1.10625,0.098142,0.098142,1.23091,-0.96908,0.0583518
458,0.0583518,-1.10625,1.23091,0.098142,1.23091,-0.96908,1.22296
900,-1.10625,1.22296,1.23091,1.23091,0.098142,0.136133,0.0583518
541,1.22296,0.0583518,-1.03463,-1.03463,0.098142,-0.96908,1.22296
425,0.0583518,1.22296,-1.03463,0.098142,1.23091,-0.96908,1.22296
136,1.22296,1.22296,-1.03463,0.098142,-1.03463,-0.96908,1.22296
262,0.0583518,1.22296,1.23091,-1.03463,-1.03463,-0.96908,-1.10625
141,1.22296,0.0583518,-1.03463,-1.03463,-1.03463,-0.96908,1.22296
267,0.0583518,1.22296,1.23091,-1.03463,-1.03463,0.136133,-1.10625
167,1.22296,0.0583518,1.23091,1.23091,-1.03463,0.136133,-1.10625
396,1.22296,1.22296,-1.03463,0.098142,1.23091,-0.96908,-1.10625
647,-1.10625,1.22296,1.23091,1.23091,-1.03463,0.136133,-1.10625
80,-1.10625,1.22296,1.23091,-1.03463,-1.03463,1.24135,1.22296
249,0.0583518,1.22296,1.23091,0.098142,-1.03463,1.24135,-1.10625
797,-1.10625,-1.10625,0.098142,0.098142,1.23091,0.136133,-1.10625
353,-1.10625,1.22296,0.098142,-1.03463,1.23091,-0.96908,-1.10625
345,-1.10625,-1.10625,0.098142,0.098142,1.23091,-0.96908,1.22296
379,1.22296,-1.10625,-1.03463,-1.03463,1.23091,0.136133,0.0583518
231,0.0583518,0.0583518,-1.03463,1.23091,-1.03463,-0.96908,1.22296
370,1.22296,-1.10625,-1.03463,1.23091,1.23091,-0.96908,0.0583518
156,1.22296,0.0583518,1.23091,-1.03463,-1.03463,-0.96908,0.0583518
648,-1.10625,-1.10625,1.23091,1.23091,-1.03463,-0.96908,1.22296
15,-1.10625,1.22296,-1.03463,0.098142,-1.03463,-0.96908,0.0583518
529,1.22296,1.22296,-1.03463,0.098142,0.098142,-0.96908,1.22296
124,1.22296,1.22296,-1.03463,-1.03463,-1.03463,-0.96908,1.22296
258,0.0583518,0.0583518,1.23091,1.23091,-1.03463,0.136133,0.0583518
248,0.0583518,-1.10625,1.23091,1.23091,-1.03463,1.24135,0.0583518
951,-1.10625,1.22296,-1.03463,-1.03463,1.23091,-0.96908,1.22296
417,1.22296,0.0583518,0.098142,-1.03463,1.23091,-0.96908,-1.10625
635,-1.10625,0.0583518,1.23091,-1.03463,-1.03463,1.24135,1.22296
477,0.0583518,-1.10625,0.098142,1.23091,1.23091,-0.96908,0.0583518
796,-1.10625,-1.10625,0.098142,-1.03463,1.23091,1.24135,-1.10625
762,-1.10625,-1.10625,-1.03463,1.23091,1.23091,0.136133,-1.10625
824,1.22296,-1.10625,1.23091,-1.03463,1.23091,0.136133,1.22296
340,-1.10625,0.0583518,1.23091,1.23091,1.23091,-0.96908,-1.10625
286,0.0583518,-1.10625,0.098142,-1.03463,-1.03463,-0.96908,1.22296
605,0.0583518,-1.10625,-1.03463,-1.03463,0.098142,1.24135,0.0583518
202,1.22296,1.22296,0.098142,1.23091,-1.03463,0.136133,-1.10625
716,0.0583518,-1.10625,-1.03463,1.23091,-1.03463,0.136133,1.22296
759,-1.10625,1.22296,-1.03463,-1.03463,1.23091,1.24135,-1.10625
537,1.22296,-1.10625,-1.03463,-1.03463,0.098142,-0.96908,1.22296
839,1.22296,-1.10625,1.23091,0.098142,1.23091,-0.96908,-1.10625
882,-1.10625,-1.10625,-1.03463,1.23091,0.098142,-0.96908,1.22296
518,-1.10625,1.22296,0.098142,1.23091,0.098142,-0.96908,-1.10625
421,1.22296,0.0583518,0.098142,-1.03463,1.23091,0.136133,-1.10625
216,1.22296,-1.10625,0.098142,-1.03463,-1.03463,-0.96908,1.22296
589,0.0583518,-1.10625,-1.03463,-1.03463,0.098142,1.24135,1.22296
107,-1.10625,1.22296,0.098142,1.23091,-1.03463,-0.96908,-1.10625
874,0.0583518,-1.10625,0.098142,0.098142,1.23091,-0.96908,-1.10625
791,-1.10625,0.0583518,0.098142,1.23091,1.23091,1.24135,-1.10625
795,-1.10625,-1.10625,0.098142,1.23091,1.23091,1.24135,-1.10625
247,0.0583518,-1.10625,1.23091,0.098142,-1.03463,1.24135,1.22296
273,0.0583518,0.0583518,1.23091,-1.03463,-1.03463,-0.96908,1.22296
845,1.22296,-1.10625,1.23091,-1.03463,1.23091,0.136133,0.0583518
377,1.22296,-1.10625,-1.03463,-1.03463,1.23091,1.24135,0.0583518
67,-1.10625,0.0583518,-1.03463,0.098142,-1.03463,1.24135,1.22296
115,1.22296,1.22296,-1.03463,1.23091,-1.03463,1.24135,-1.10625
640,-1.10625,1.22296,1.23091,1.23091,-1.03463,-0.96908,0.0583518
601,0.0583518,-1.10625,-1.03463,-1.03463,0.098142,0.136133,1.22296
382,1.22296,-1.10625,-1.03463,-1.03463,1.23091,-0.96908,1.22296
565,1.22296,-1.10625,1.23091,-1.03463,0.098142,-0.96908,0.0583518
838,1.22296,-1.10625,1.23091,-1.03463,1.23091,-0.96908,-1.10625
282,0.0583518,0.0583518,0.098142,1.23091,-1.03463,1.24135,0.0583518
570,1.22296,1.22296,1.23091,-1.03463,0.098142,0.136133,-1.10625
140,1.22296,0.0583518,-1.03463,1.23091,-1.03463,-0.96908,1.22296
239,0.0583518,-1.10625,1.23091,0.098142,-1.03463,-0.96908,1.22296
543,1.22296,-1.10625,-1.03463,-1.03463,0.098142,1.24135,0.0583518
571,1.22296,0.0583518,1.23091,-1.03463,0.098142,-0.96908,-1.10625
47,-1.10625,0.0583518,-1.03463,0.098142,-1.03463,0.136133,0.0583518
649,-1.10625,1.22296,1.23091,1.23091,-1.03463,-0.96908,1.22296
393,1.22296,-1.10625,-1.03463,1.23091,1.23091,-0.96908,0.0583518
926,1.22296,0.0583518,0.098142,-1.03463,0.098142,1.24135,1.22296
916,1.22296,1.22296,-1.03463,-1.03463,0.098142,1.24135,1.22296
148,1.22296,-1.10625,1.23091,0.098142,-1.03463,-0.96908,1.22296
619,0.0583518,1.22296,1.23091,-1.03463,0.098142,0.136133,-1.10625
667,-1.10625,1.22296,0.098142,-1.03463,-1.03463,1.24135,-1.10625
422,0.0583518,-1.10625,-1.03463,0.098142,1.23091,-0.96908,1.22296
851,0.0583518,-1.10625,-1.03463,1.23091,1.23091,1.24135,-1.10625
821,1.22296,-1.10625,1.23091,-1.03463,1.23091,1.24135,0.0583518
880,-1.10625,-1.10625,-1.03463,1.23091,0.098142,1.24135,1.22296
650,-1.10625,1.22296,1.23091,1.23091,-1.03463,-0.96908,0.0583518
871,0.0583518,-1.10625,0.098142,1.23091,1.23091,1.24135,0.0583518
427,0.0583518,0.0583518,-1.03463,1.23091,1.23091,-0.96908,1.22296
72,-1.10625,1.22296,-1.03463,0.098142,-1.03463,0.136133,0.0583518
142,1.22296,-1.10625,-1.03463,-1.03463,-1.03463,1.24135,0.0583518
609,0.0583518,-1.10625,1.23091,1.23091,0.098142,-0.96908,-1.10625
823,1.22296,-1.10625,1.23091,1.23091,1.23091,0.136133,-1.10625
49,-1.10625,0.0583518,-1.03463,1.23091,-1.03463,0.136133,0.0583518
195,1.22296,0.0583518,0.098142,-1.03463,-1.03463,-0.96908,1.22296
161,1.22296,0.0583518,1.23091,0.098142,-1.03463,1.24135,-1.10625
934,0.0583518,1.22296,1.23091,1.23091,0.098142,-0.96908,0.0583518
814,1.22296,0.0583518,1.23091,1.23091,1.23091,-0.96908,-1.10625
587,1.22296,1.22296,0.098142,-1.03463,0.098142,0.136133,-1.10625
504,-1.10625,1.22296,1.23091,-1.03463,0.098142,-0.96908,-1.10625
775,-1.10625,-1.10625,1.23091,1.23091,1.23091,1.24135,0.0583518
291,0.0583518,0.0583518,0.098142,-1.03463,-1.03463,-0.96908,1.22296
873,0.0583518,0.0583518,0.098142,1.23091,1.23091,1.24135,-1.10625
482,0.0583518,0.0583518,0.098142,-1.03463,1.23091,1.24135,-1.10625
872,0.0583518,-1.10625,0.098142,1.23091,1.23091,1.24135,-1.10625
176,1.22296,-1.10625,1.23091,-1.03463,-1.03463,1.24135,-1.10625
278,0.0583518,1.22296,0.098142,1.23091,-1.03463,1.24135,-1.10625
438,0.0583518,0.0583518,-1.03463,0.098142,1.23091,-0.96908,0.0583518
64,-1.10625,0.0583518,-1.03463,1.23091,-1.03463,1.24135,-1.10625
815,1.22296,0.0583518,1.23091,-1.03463,1.23091,-0.96908,1.22296
731,0.0583518,-1.10625,1.23091,-1.03463,-1.03463,1.24135,0.0583518
509,-1.10625,1.22296,1.23091,-1.03463,0.098142,0.136133,-1.10625
431,0.0583518,-1.10625,-1.03463,0.098142,1.23091,-0.96908,1.22296
952,-1.10625,1.22296,-1.03463,-1.03463,1.23091,1.24135,1.22296
234,0.0583518,-1.10625,-1.03463,-1.03463,-1.03463,1.24135,1.22296
19,-1.10625,0.0583518,-1.03463,1.23091,-1.03463,-0.96908,0.0583518
23,-1.10625,-1.10625,-1.03463,-1.03463,-1.03463,1.24135,1.22296
319,-1.10625,-1.10625,1.23091,1.23091,1.23091,-0.96908,-1.10625
723,0.0583518,0.0583518,1.23091,0.098142,-1.03463,1.24135,-1.10625
889,-1.10625,0.0583518,-1.03463,1.23091,0.098142,-0.96908,1.22296
715,0.0583518,0.0583518,-1.03463,1.23091,-1.03463,-0.96908,1.22296
466,0.0583518,1.22296,1.23091,-1.03463,1.23091,0.136133,-1.10625
129,1.22296,0.0583518,-1.03463,1.23091,-1.03463,-0.96908,0.0583518
435,0.0583518,1.22296,-1.03463,-1.03463,1.23091,-0.96908,0.0583518
632,-1.10625,1.22296,1.23091,-1.03463,-1.03463,1.24135,0.0583518
84,-1.10625,1.22296,1.23091,0.098142,-1.03463,0.136133,1.22296
165,1.22296,1.22296,1.23091,0.098142,-1.03463,0.136133,-1.10625
594,0.0583518,1.22296,-1.03463,0.098142,0.098142,-0.96908,0.0583518
840,1.22296,-1.10625,1.23091,-1.03463,1.23091,-0.96908,0.0583518
581,1.22296,-1.10625,0.098142,1.23091,0.098142,-0.96908,0.0583518
937,0.0583518,-1.10625,1.23091,-1.03463,0.098142,1.24135,0.0583518
53,-1.10625,-1.10625,-1.03463,0.098142,-1.03463,1.24135,1.22296
464,0.0583518,-1.10625,1.23091,0.098142,1.23091,-0.96908,0.0583518
475,0.0583518,-1.10625,0.098142,0.098142,1.23091,-0.96908,0.0583518
468,0.0583518,-1.10625,1.23091,-1.03463,1.23091,0.136133,-1.10625
316,-1.10625,-1.10625,-1.03463,-1.03463,1.23091,1.24135,1.22296
837,1.22296,-1.10625,1.23091,0.098142,1.23091,-0.96908,0.0583518
921,1.22296,1.22296,1.23091,1.23091,0.098142,-0.96908,-1.10625
886,-1.10625,1.22296,-1.03463,-1.03463,0.098142,1.24135,-1.10625
612,0.0583518,-1.10625,1.23091,0.098142,0.098142,-0.96908,1.22296
627,-1.10625,1.22296,1.23091,1.23091,-1.03463,-0.96908,1.22296
940,0.0583518,1.22296,1.23091,1.23091,0.098142,-0.96908,-1.10625
450,0.0583518,0.0583518,-1.03463,0.098142,1.23091,-0.96908,1.22296
1,-1.10625,1.22296,-1.03463,1.23091,-1.03463,1.24135,-1.10625
572,1.22296,-1.10625,1.23091,-1.03463,0.098142,0.136133,-1.10625
633,-1.10625,1.22296,1.23091,1.23091,-1.03463,1.24135,-1.10625
