0.611467,0.422408,-0.495072,-0.228078,-0.550121,-0.00474753,-0.403408,-0.275199,0.966883,0.942638,-0.14853,-0.420183,1.15862,-0.294392,1.28531,0.371675,-0.79286,5.08418,0.700639,-0.224126
-0.737357,0.455074,0.712421,-0.73082,1.08174,-0.657533,0.0697978,-0.275199,0.35878,0.0725106,0.864172,-0.420183,-0.443161,-0.294392,0.353925,-1.08587,1.22289,-0.677446,0.700639,-0.775254
-0.737357,-1.99484,1.31617,0.576311,-0.53532,0.113941,-0.344257,1.376,-0.249322,-0.797617,0.864172,-0.420183,-1.24405,-0.294392,1.28531,0.371675,-0.79286,5.08418,0.700639,0.327003
0.611467,0.44854,1.31617,0.576311,-0.805446,0.52935,-2.47368,1.376,0.35878,1.81277,-1.16123,-0.420183,-1.24405,-0.294392,1.28531,0.371675,-0.79286,0.657674,-1.42251,0.327003
1.96029,0.435474,1.31617,-0.0269805,-0.805446,0.173285,0.128948,1.376,0.966883,1.81277,1.87687,-0.420183,0.357732,-0.294392,0.819616,0.371675,1.22289,-0.26852,-1.42251,0.878131
0.831315904147992,0.356367290256639,-1.03512895913173,0.539944270568311,-0.578230846967776,0.877280212769334,0.345567887882352,-0.303479337376586,0.389918923864905,-0.984267812071631,0.0,0.0505313109913636,-0.308100064442467,-0.246853226983658,-1.13728360316991,0.347672925499264,0.977316718603751,-0.288711355175307,0.741598425648379,-1.12857869760937
-0.547451936877946,0.387149094940604,-1.03512895913173,-0.644449613258951,-0.585298921315036,-0.803143856760658,-0.0409225130386996,-0.303479337376586,-0.935805417275773,-0.984267812071631,-1.02884557165513,-0.515863603417328,-1.14613223972598,-0.246853226983658,-0.665726987221412,-1.12993700787261,0.977316718603751,-0.0974179419303183,0.741598425648379,0.183273463714342
0.611467,0.455074,0.712421,0.274665,-0.553821,0.173285,1.07536,-0.275199,0.966883,-0.797617,0.864172,-0.420183,1.15862,-0.294392,1.28531,1.10045,-0.79286,-0.0838742,0.700639,0.878131
-1.92621977790388,0.387149094940604,-1.03512895913173,0.737343251206187,-0.790273077385583,0.0370681780043381,-2.08380034647854,1.4162369077574,-0.272943246705434,-0.984267812071631,-1.02884557165513,-0.515863603417328,-0.308100064442467,-0.246853226983658,1.22049947657259,-1.86874197455854,-2.7147686627882,-0.0974179419303183,0.741598425648379,0.839199544376197
-0.737357,0.611868,1.31617,1.78289,-0.579724,0.173285,0.24725,1.376,1.57499,0.942638,1.87687,-0.420183,-0.443161,-0.294392,0.819616,1.10045,-0.79286,-0.286485,0.700639,1.42926
-0.737357,0.389743,-1.09882,0.274665,1.96983,0.351317,-0.462558,-0.275199,1.57499,0.942638,-1.16123,-0.420183,-1.24405,-0.294392,-1.04315,0.371675,-0.79286,-0.101098,0.700639,-0.775254
0.611467,0.409342,-1.09882,0.174117,-0.805446,-0.18278,-2.47368,-1.92639,-1.46553,-0.797617,-1.16123,-0.420183,-1.24405,-0.294392,-1.04315,-1.81465,-0.79286,-0.0838742,-1.42251,-1.32638
-0.737357,0.500805,-1.09882,-0.328626,-0.568623,0.173285,-0.403408,-1.92639,-1.46553,-0.797617,-1.16123,-0.420183,-1.24405,-0.294392,-1.04315,-1.81465,-0.79286,-0.0988756,0.700639,-1.32638
1.96029,0.494272,1.31617,0.375214,1.41477,0.648038,0.779606,-0.275199,-0.249322,-0.797617,-1.16123,0.085047,1.15862,-0.294392,1.28531,0.371675,-0.79286,-0.0838742,0.700639,0.878131
-0.737357,0.455074,-0.495072,0.274665,-0.487215,-0.538845,0.365551,-0.275199,-1.46553,-0.797617,-0.14853,-0.420183,-0.443161,-0.294392,-0.577456,-0.357099,1.22289,-0.603365,0.700639,0.327003
0.831315904147992,0.464103606650516,-1.03512895913173,-0.644449613258951,-0.581764884141406,0.731156380636291,1.33940034739363,-0.303479337376586,-0.272943246705434,0.668329995851108,0.0,2.12731266382323,-0.308100064442467,-0.246853226983658,0.748942860624089,1.0864778921852,0.977316718603751,-0.270328804953566,-1.27554929211521,1.49512562503805
-0.737357,0.487739,-1.09882,-0.328626,-0.398406,0.291973,1.72602,1.376,-1.46553,-0.797617,-1.16123,-0.420183,-1.24405,-0.294392,-1.04315,-1.81465,-0.79286,-0.268335,-1.42251,-1.32638
1.96029,-1.99484,1.31617,-0.228078,-0.805446,-0.18278,-2.47368,1.376,1.57499,-0.797617,-1.16123,-0.420183,1.15862,-0.294392,1.28531,1.10045,-0.79286,-0.0838742,0.700639,0.878131
1.96029,-1.99484,-1.09882,-0.0269805,-0.494616,1.12279,1.84432,1.376,0.966883,-0.797617,-1.16123,-0.420183,1.15862,-0.294392,-0.111766,1.10045,1.22289,0.639524,0.700639,0.327003
-0.737357,0.487739,0.108674,-0.630272,-0.546421,-0.18278,0.306401,-0.275199,0.35878,-0.797617,-0.14853,-0.420183,-0.443161,-0.294392,-0.111766,0.371675,1.22289,-0.101283,0.700639,0.327003
-0.737357,0.487739,-0.495072,-0.630272,1.56279,-0.657533,0.0106471,-1.92639,-1.46553,-0.797617,-1.16123,-0.420183,-0.443161,-0.294392,-1.04315,-1.08587,1.22289,-0.677446,0.700639,-0.775254
0.611467,0.474673,-1.09882,-0.630272,-0.805446,-1.07294,-2.47368,-1.92639,-1.46553,-0.797617,-1.16123,-0.420183,-1.24405,-0.294392,-1.04315,-1.81465,-0.79286,-0.286115,0.700639,-1.32638
-0.737357,0.507338,-0.495072,3.59277,-0.579724,-0.420156,0.0697978,-0.275199,-1.46553,-0.797617,-0.14853,-0.420183,1.15862,-0.294392,-1.04315,-1.81465,-0.79286,-0.0831334,-1.42251,0.327003
1.96029,0.520404,0.108674,-0.228078,-0.527919,-0.18278,1.25281,1.376,-0.249322,0.942638,0.864172,-0.420183,-0.443161,-0.294392,0.353925,-0.357099,1.22289,-0.621886,-1.42251,1.42926
-0.547451936877946,0.371758192598621,0.710047137255647,0.737343251206187,-0.571162772620515,-0.803143856760658,-0.0961354274559927,-0.303479337376586,-0.935805417275773,-0.984267812071631,-1.02884557165513,-0.515863603417328,-0.308100064442467,-0.246853226983658,0.277386244675588,0.347672925499264,0.977316718603751,0.0965562598886742,0.741598425648379,-1.12857869760937
0.611467,0.520404,0.712421,0.174117,-0.494616,-0.00474753,0.188099,1.376,1.57499,-0.797617,-1.16123,-0.420183,1.15862,-0.294392,1.28531,1.10045,1.22289,1.41533,0.700639,-1.32638
-0.737357,0.487739,-1.09882,0.375214,-0.546421,-0.18278,0.483853,-0.275199,0.35878,0.0725106,-0.14853,-0.420183,-0.443161,-0.294392,-1.04315,0.371675,1.22289,-0.677446,0.700639,-1.32638
-0.737357,0.487739,-1.09882,-0.228078,-0.498316,-0.538845,0.424702,-0.275199,-0.857425,0.0725106,0.864172,2.10596,1.15862,-0.294392,-0.111766,1.10045,1.22289,-0.603365,-1.42251,0.878131
-0.737357,0.513871,1.31617,-0.429175,-0.553821,-0.538845,0.424702,-0.275199,-0.857425,-0.797617,0.864172,2.35858,-1.24405,-0.294392,0.353925,0.371675,1.22289,-0.677446,0.700639,-0.775254
-0.737357,0.442007,-0.495072,0.375214,-0.546421,-0.479501,0.128948,-0.275199,-0.857425,-0.797617,-1.16123,-0.420183,-0.443161,-0.294392,-1.04315,0.371675,1.22289,-0.677446,0.700639,0.327003
-0.737357,0.520404,0.712421,0.274665,1.59979,0.885414,0.483853,1.376,0.966883,-0.797617,0.864172,-0.420183,1.15862,-0.294392,1.28531,1.10045,-0.79286,0.454322,0.700639,0.878131
0.611467,0.494272,-0.495072,-0.0269805,-0.527919,-0.420156,0.720455,-0.275199,0.966883,0.942638,0.864172,3.11642,-0.443161,-0.294392,-1.04315,0.371675,-0.79286,-0.2863,-1.42251,1.42926
-0.737357,0.507338,0.712421,0.274665,-0.546421,0.173285,0.0697978,1.376,0.35878,0.942638,0.864172,-0.420183,1.15862,-0.294392,1.28531,0.371675,-0.79286,-0.100913,-1.42251,0.327003
-0.737357,0.520404,-0.495072,-1.23356,-0.520518,-0.18278,0.128948,-0.275199,-0.857425,-0.797617,0.864172,-0.420183,0.357732,-0.294392,-0.577456,-0.357099,1.22289,-0.677446,0.700639,-0.775254
-0.737357,0.507338,-1.09882,-0.429175,1.30376,-0.776221,-0.285106,-0.275199,-0.249322,-0.797617,-1.16123,-0.420183,-1.24405,-0.294392,-1.04315,-1.81465,1.22289,-0.677446,0.700639,-0.775254
0.611467,0.513871,-1.09882,0.777408,-0.561222,0.52935,-0.344257,-0.275199,0.35878,0.942638,-0.14853,-0.420183,1.15862,3.38551,-1.04315,0.371675,-0.79286,-0.269076,-1.42251,-0.224126
-0.737357,0.540004,0.712421,-0.529723,1.34077,-0.479501,-0.225956,-0.275199,0.35878,-0.797617,-0.14853,-0.420183,-0.443161,-0.294392,1.28531,-1.08587,-0.79286,-0.101283,0.700639,-0.775254
-0.547451936877946,0.394844546111595,0.710047137255647,0.243845799611495,1.18878773984729,0.292784884237163,-0.0409225130386996,-0.303479337376586,1.05278109443524,1.49462889981248,1.02884557165513,-0.515863603417328,1.36796428612455,-0.246853226983658,1.22049947657259,1.0864778921852,-0.868725972092223,0.112258021536411,0.741598425648379,0.183273463714342
0.611467,0.494272,0.108674,1.1796,-0.624128,2.0723,-0.521709,-0.275199,1.57499,0.942638,0.864172,1.80283,1.15862,3.38551,-1.04315,-1.08587,-0.79286,-0.269076,-1.42251,0.327003
-0.737357,0.46814,0.712421,-1.23356,1.22975,0.410661,0.483853,-0.275199,1.57499,1.81277,0.864172,-0.420183,1.15862,-0.294392,-0.577456,1.10045,-0.79286,0.101513,0.700639,1.98039
1.96029,0.566136,-1.09882,1.68234,-0.805446,0.648038,-2.47368,1.376,1.57499,0.942638,-1.16123,-0.420183,1.95952,-0.294392,-1.04315,1.10045,-0.79286,-0.0838742,0.700639,-1.32638
0.611467,0.55307,-1.09882,-0.429175,-0.590825,0.588694,1.54856,-1.92639,0.35878,1.81277,-1.16123,-0.420183,1.15862,-0.294392,-1.04315,0.371675,1.22289,0.322644,-1.42251,1.42926
-0.737357,0.520404,0.712421,0.777408,1.37777,-0.18278,0.424702,-0.275199,-0.249322,-0.797617,-1.16123,-0.420183,-0.443161,-0.294392,-0.111766,-1.08587,1.22289,-0.677446,0.700639,-0.224126
-0.737357,0.507338,-0.495072,-0.429175,-0.583424,-0.18278,-0.699161,-0.275199,-0.249322,0.0725106,0.864172,1.09551,-0.443161,-0.294392,0.819616,-1.08587,-0.79286,5.08418,0.700639,-0.775254
-0.737357,0.579202,-1.09882,0.526036,-0.483514,1.30082,0.779606,-1.92639,-1.46553,-0.797617,-1.16123,-0.420183,1.15862,-0.294392,-1.04315,0.371675,1.22289,-0.677446,0.700639,1.98039
-0.737357,0.533471,-0.495072,-0.228078,2.04384,-0.420156,-0.521709,-0.275199,-0.857425,-0.797617,-0.14853,-0.420183,-1.24405,-0.294392,-0.577456,-1.08587,1.22289,-0.677446,0.700639,-0.775254
-0.737357,0.592268,0.712421,1.33042,-0.509417,1.24148,1.01621,1.376,-0.249322,0.942638,-0.14853,-0.420183,1.15862,-0.294392,1.28531,1.10045,1.22289,0.118922,-1.42251,1.98039
-0.737357,0.487739,-1.09882,0.777408,-0.805446,-0.716877,-2.47368,-0.275199,0.35878,-0.797617,-1.16123,-0.420183,-0.443161,-0.294392,-1.04315,0.371675,1.22289,-0.101283,0.700639,-0.775254
-0.547451936877946,-2.53712235003607,-1.03512895913173,-0.644449613258951,-0.489879917627023,0.402377758336945,1.11854868972445,-0.303479337376586,1.71564326500558,-0.157968908110262,-1.02884557165513,1.67419673229628,-0.308100064442467,-0.246853226983658,-1.13728360316991,0.347672925499264,-0.868725972092223,-0.270137320055423,-1.27554929211521,0.839199544376197
-0.737357,0.500805,-1.09882,-1.23356,-0.561222,-0.538845,-0.462558,1.376,0.35878,-0.797617,0.864172,-0.420183,-1.24405,-0.294392,-0.111766,0.371675,1.22289,-0.101283,0.700639,-0.775254
-0.737357,0.500805,-0.495072,0.375214,1.59979,0.0545966,0.0697978,-0.275199,-0.857425,-0.797617,1.87687,-0.420183,0.357732,-0.294392,-0.577456,-1.08587,1.22289,-0.677446,0.700639,-0.224126
0.611467,0.487739,-0.495072,-0.630272,-0.564922,-0.657533,-0.521709,-0.275199,0.35878,-0.797617,-0.14853,2.86381,-0.443161,-0.294392,0.819616,1.10045,1.22289,-0.268335,0.700639,0.327003
-0.737357,0.513871,-0.495072,-0.228078,-0.805446,0.766726,-2.47368,1.376,-1.46553,-0.797617,-1.16123,-0.420183,-1.24405,-0.294392,-1.04315,0.371675,-0.79286,-0.26852,-1.42251,-1.32638
-0.737357,0.526938,-1.09882,-0.228078,-0.568623,-0.776221,-0.0485036,-0.275199,-1.46553,-0.797617,-1.16123,-0.420183,-1.24405,-0.294392,-1.04315,-1.81465,1.22289,-0.101283,-1.42251,-1.32638
-0.547451936877946,0.441017253137543,-0.453403593669269,-1.23664655517258,1.82491443110071,-0.437834276428051,-1.86294868880937,-0.303479337376586,-0.935805417275773,-0.984267812071631,-1.02884557165513,-0.515863603417328,-0.308100064442467,-0.246853226983658,0.277386244675588,0.347672925499264,0.977316718603751,-0.693127460053601,0.741598425648379,-1.12857869760937
-0.737357,-1.99484,1.31617,0.274665,1.78481,-0.18278,0.188099,1.376,1.57499,1.81277,-0.14853,-0.420183,1.15862,-0.294392,-1.04315,1.10045,-0.79286,0.454322,0.700639,0.878131
-0.737357,0.500805,1.31617,-0.328626,1.93282,-0.538845,0.365551,-0.275199,0.35878,0.0725106,-0.14853,-0.420183,-0.443161,-0.294392,-1.04315,0.371675,-0.79286,0.269121,0.700639,-0.775254
0.611467,-1.99484,1.31617,-1.23356,-0.805446,0.885414,1.07536,1.376,1.57499,-0.797617,-1.16123,-0.420183,1.15862,-0.294392,1.28531,1.10045,1.22289,6.9362,0.700639,0.327003
-0.737357,0.566136,-1.09882,-0.0772548,-0.561222,-1.9631,-0.344257,-0.275199,0.966883,0.0725106,0.864172,-0.420183,-0.443161,-0.294392,-1.04315,1.10045,-0.79286,-0.100542,-1.42251,0.327003
1.96029,0.500805,-1.09882,-0.429175,2.22885,1.89426,1.37111,1.376,-0.249322,0.942638,-0.14853,-0.420183,1.15862,-0.294392,-1.04315,1.10045,1.22289,-0.268335,0.700639,0.878131
0.611467,-1.99484,1.31617,-1.23356,-0.564922,-1.9631,-0.225956,-0.275199,1.57499,-0.797617,-0.14853,-0.420183,1.15862,-0.294392,1.28531,0.371675,1.22289,-0.0838742,0.700639,-0.775254
-0.737357,0.481206,0.712421,-1.23356,1.93282,0.173285,0.957058,1.376,0.35878,0.0725106,-0.14853,0.590276,-0.443161,-0.294392,0.819616,0.371675,1.22289,-0.247407,0.700639,1.42926
0.611467,0.540004,1.31617,0.576311,-0.524218,1.71623,0.483853,-0.275199,-0.249322,1.81277,-0.14853,-0.420183,-0.443161,3.38551,0.819616,0.371675,-0.79286,-0.26852,-1.42251,-0.224126
-0.737357,0.507338,0.712421,-1.23356,-0.576024,0.707382,-0.107654,-0.275199,1.57499,0.0725106,0.864172,-0.420183,-1.24405,3.38551,-1.04315,0.371675,1.22289,-0.677446,-1.42251,-0.775254
-0.737357,0.474673,-0.495072,0.174117,-0.587125,-0.538845,0.24725,1.376,-0.857425,0.942638,0.864172,-0.420183,-0.443161,-0.294392,-0.577456,-0.357099,-0.79286,-0.677446,-1.42251,-0.775254
0.611467,-1.99484,1.31617,0.777408,-0.520518,0.648038,0.483853,1.376,1.57499,1.81277,1.87687,-0.420183,1.15862,-0.294392,1.28531,1.10045,-0.79286,0.101328,-1.42251,0.878131
-0.737357,0.546537,-1.09882,-0.529723,1.56279,-0.657533,-0.521709,-0.275199,-0.249322,-0.797617,-1.16123,-0.420183,-0.443161,-0.294392,-0.111766,0.371675,1.22289,-0.677446,0.700639,-0.775254
0.611467,0.540004,-1.09882,1.28015,-0.576024,2.48771,0.483853,1.376,1.57499,-0.797617,-0.14853,-0.420183,1.15862,3.38551,-1.04315,0.371675,-0.79286,0.101698,0.700639,1.98039
1.96029,0.474673,-1.09882,-0.0269805,1.96983,-0.18278,0.602154,1.376,-1.46553,-0.797617,0.864172,0.590276,-1.24405,-0.294392,1.28531,1.10045,-0.79286,-0.269076,0.700639,0.327003
-0.737357,0.46814,-0.495072,0.777408,1.41477,-0.657533,-0.0485036,-0.275199,-0.857425,-0.797617,-0.14853,-0.420183,-0.443161,-0.294392,1.28531,0.371675,1.22289,-0.677446,0.700639,0.327003
-0.737357,0.513871,-1.09882,-0.429175,-0.564922,-0.538845,-0.166805,-0.275199,-0.857425,-0.797617,0.864172,-0.420183,-0.443161,-0.294392,-0.111766,-1.81465,1.22289,-0.101283,-1.42251,-0.775254
0.611467,0.507338,-1.09882,-0.0269805,-0.490915,-0.716877,-0.107654,-0.275199,-1.46553,-0.797617,-1.16123,-0.420183,-1.24405,-0.294392,-1.04315,-1.81465,-0.79286,0.639895,0.700639,-1.32638
-0.547451936877946,0.471799057821508,1.2917725027181,-0.74314910357789,-0.790273077385583,-0.145586612161965,-2.08380034647854,-2.02319558251058,-0.272943246705434,-0.984267812071631,-1.02884557165513,-0.515863603417328,-0.308100064442467,-0.246853226983658,0.748942860624089,0.347672925499264,-0.868725972092223,-0.288519870277164,0.741598425648379,-1.12857869760937
0.611467,-1.99484,1.31617,0.576311,-0.516818,1.83492,0.661305,1.376,0.966883,1.81277,1.87687,-0.420183,1.15862,3.38551,1.28531,1.10045,-0.79286,-0.418164,-1.42251,0.878131
0.831315904147992,0.394844546111595,-1.03512895913173,0.934742231844064,-0.549958549578735,0.731156380636291,1.22897451855904,1.4162369077574,1.71564326500558,-0.984267812071631,0.0,1.37211944461164,-1.14613223972598,-0.246853226983658,0.748942860624089,0.347672925499264,-0.868725972092223,-0.270137320055423,-1.27554929211521,0.839199544376197
-0.737357,0.487739,1.31617,0.0232937,1.74781,-0.776221,-0.285106,-0.275199,0.966883,-0.797617,-0.14853,-0.420183,-0.443161,-0.294392,-1.04315,0.371675,1.22289,-0.677446,0.700639,-0.775254
-0.737357,0.494272,-1.09882,-0.630272,1.59979,-0.18278,0.543003,-0.275199,-1.46553,-0.797617,1.87687,0.590276,1.15862,-0.294392,-1.04315,1.10045,-0.79286,-0.101283,0.700639,0.327003
-0.547451936877946,0.348671839085647,0.710047137255647,-0.0522526713453204,-0.578230846967776,-0.583958108561094,0.290354973465059,-0.303479337376586,-0.272943246705434,-0.157968908110262,0.0,-0.515863603417328,-0.308100064442467,-0.246853226983658,-0.194170371272912,-1.12993700787261,0.977316718603751,0.668521650642209,-1.27554929211521,-1.12857869760937
-0.737357,0.474673,-0.495072,-0.429175,-0.553821,-0.776221,-0.285106,-0.275199,-0.857425,-0.797617,-1.16123,-0.420183,-0.443161,-0.294392,-0.577456,-1.08587,1.22289,-0.677446,0.700639,-0.775254
1.96029,0.507338,-1.09882,-0.429175,-0.583424,1.36017,0.543003,1.376,-1.46553,0.942638,-0.14853,-0.420183,1.15862,-0.294392,1.28531,-1.81465,1.22289,0.28653,-1.42251,1.42926
1.96029,0.566136,1.31617,-0.228078,2.33986,0.648038,0.483853,-0.275199,0.35878,0.942638,-1.16123,-0.420183,-1.24405,-0.294392,-0.111766,1.10045,-0.79286,-0.26852,0.700639,0.878131
-0.737357,-1.99484,-1.09882,-1.23356,1.26676,-0.776221,-0.166805,-0.275199,-0.857425,-0.797617,-0.14853,-0.420183,-0.443161,-0.294392,1.28531,0.371675,-0.79286,-0.101283,0.700639,-0.775254
0.611467,0.428941,1.31617,0.576311,-0.531619,0.262301,0.365551,1.376,0.966883,1.81277,0.864172,2.10596,-1.24405,-0.294392,0.819616,1.10045,-0.79286,1.5835,-1.42251,0.327003
0.611467,0.435474,0.108674,1.1796,-0.601926,0.52935,1.84432,1.376,0.966883,0.942638,-0.14853,-0.420183,1.15862,-0.294392,-0.577456,-1.08587,1.22289,0.118922,-1.42251,1.42926
-0.737357,-1.99484,-1.09882,-1.23356,-0.564922,-1.9631,0.188099,-1.92639,-1.46553,0.942638,-1.16123,-0.420183,-1.24405,3.38551,-1.04315,-1.81465,-0.79286,0.989371,-1.42251,-1.32638
-0.547451936877946,0.42562635079556,-1.03512895913173,-0.249651651983197,-0.567628735446885,-0.36477236036153,0.235142059047766,1.4162369077574,0.389918923864905,-0.984267812071631,1.02884557165513,1.71195639325686,-0.308100064442467,-0.246853226983658,-0.194170371272912,1.0864778921852,0.977316718603751,-0.0974179419303183,-1.27554929211521,-0.472652616947513
0.611467,-1.99484,1.31617,-1.23356,-0.587125,-1.9631,0.24725,3.02719,1.57499,-0.797617,1.87687,-0.420183,1.15862,-0.294392,1.28531,0.371675,-0.79286,-0.117211,0.700639,0.327003
-0.737357,0.507338,-1.09882,-0.429175,1.34077,-0.776221,-0.225956,-0.275199,-0.857425,0.0725106,-1.16123,-0.420183,-1.24405,-0.294392,-1.04315,0.371675,-0.79286,-0.101283,0.700639,-1.32638
-0.737357,0.461607,0.108674,-0.177803,-0.546421,-0.0640917,-0.107654,-0.275199,-0.249322,0.0725106,-0.14853,-0.420183,-0.443161,-0.294392,1.28531,0.371675,-0.79286,0.101328,-1.42251,-0.224126
0.611467,0.487739,1.31617,-0.0269805,-0.601926,0.588694,0.188099,-0.275199,-0.249322,0.0725106,-0.14853,-0.420183,1.15862,-0.294392,1.28531,1.10045,-0.79286,-0.101283,-1.42251,0.878131
0.611467,0.396276,-1.09882,-0.328626,-0.54272,-0.716877,0.602154,-0.275199,-0.857425,-0.797617,-0.14853,-0.420183,1.15862,-0.294392,1.28531,1.10045,1.22289,0.269121,0.700639,-0.224126
-0.737357,-1.99484,0.712421,0.576311,-0.490915,0.52935,0.128948,-0.275199,-1.46553,-0.797617,0.864172,-0.420183,-1.24405,-0.294392,-0.111766,0.371675,1.22289,-0.101283,0.700639,0.327003
0.611467,-1.99484,-1.09882,-1.23356,-0.624128,-1.9631,-0.285106,-1.92639,-1.46553,-0.797617,-1.16123,-0.420183,-1.24405,3.38551,-1.04315,-1.81465,-0.79286,1.38274,0.700639,-1.32638
-0.737357,0.540004,0.712421,-0.228078,-0.576024,-0.479501,0.0106471,-0.275199,-0.857425,-0.797617,0.864172,-0.420183,-0.443161,-0.294392,-0.577456,-1.08587,1.22289,-0.677446,0.700639,-0.775254
0.611467,-1.99484,0.712421,-1.23356,-0.498316,-0.18278,0.128948,-0.275199,-1.46553,-0.797617,0.864172,-0.420183,-1.24405,-0.294392,0.819616,1.10045,-0.79286,-0.26852,0.700639,-1.32638
-0.737357,0.487739,-0.495072,-0.429175,2.37687,-0.420156,0.661305,-1.92639,-0.249322,-0.797617,-1.16123,0.085047,-1.24405,-0.294392,-0.577456,-1.81465,1.22289,-0.247407,0.700639,-1.32638
-0.737357,-1.99484,1.31617,0.174117,-0.505717,-0.420156,-0.285106,-0.275199,0.35878,-0.797617,0.864172,-0.420183,1.15862,-0.294392,0.819616,1.10045,-0.79286,-0.286485,0.700639,0.878131
-0.737357,0.474673,-0.495072,-0.630272,-0.546421,-0.776221,-0.225956,-0.275199,-0.857425,-0.797617,0.864172,-0.420183,-0.443161,-0.294392,-0.111766,-0.357099,-0.79286,-0.101283,0.700639,-0.775254
0.611467,0.46814,1.31617,0.274665,-0.527919,0.885414,1.43026,1.376,1.57499,-0.797617,1.87687,1.60074,1.15862,-0.294392,1.28531,1.10045,1.22289,0.101328,0.700639,0.878131
0.611467,0.461607,1.31617,1.1796,-0.553821,0.885414,0.188099,-0.275199,1.57499,-0.797617,0.864172,1.85335,-0.443161,-0.294392,-1.04315,0.371675,-0.79286,-0.0835038,0.700639,0.878131
0.611467,-1.99484,1.31617,-1.23356,-0.587125,-1.9631,0.24725,1.376,1.57499,-0.797617,1.87687,-0.420183,1.15862,-0.294392,1.28531,0.371675,-0.79286,-0.117211,0.700639,0.327003
2.21008374517393,0.517971764847455,1.2917725027181,0.243845799611495,1.86025480283701,1.31565170916846,1.50503909064551,1.4162369077574,1.05278109443524,-0.984267812071631,0.0,-0.515863603417328,-1.14613223972598,-0.246853226983658,1.22049947657259,1.0864778921852,-0.868725972092223,-0.0794183615048639,0.741598425648379,2.15105170569991
-0.547451936877946,0.402539997282586,-0.453403593669269,-1.23664655517258,-0.560560661099625,0.438908716370206,-0.151348341873286,-0.303479337376586,1.71564326500558,0.668329995851108,0.0,1.74971605421744,1.36796428612455,-0.246853226983658,1.22049947657259,0.347672925499264,-0.868725972092223,-0.0794183615048639,-1.27554929211521,-0.472652616947513
0.611467,-1.99484,1.31617,-1.23356,-0.487215,1.12279,1.60772,1.376,-0.249322,0.942638,-1.16123,-0.420183,1.15862,-0.294392,0.819616,1.10045,-0.79286,-0.268706,-1.42251,1.42926
1.96029,-1.99484,-1.09882,-0.0269805,1.48878,0.351317,0.0697978,-0.275199,-1.46553,-0.797617,0.864172,-0.420183,1.15862,-0.294392,0.819616,0.371675,-0.79286,-0.268335,0.700639,0.327003
0.611467,-1.99484,-1.09882,-0.529723,-0.805446,0.0545966,-2.47368,-0.275199,0.966883,0.942638,-1.16123,1.7523,-1.24405,-0.294392,-1.04315,-1.81465,-0.79286,0.101328,-1.42251,0.878131
0.611467,-1.99484,1.31617,-1.23356,-0.564922,1.59754,1.07536,1.376,1.57499,1.81277,-0.14853,-0.420183,1.15862,-0.294392,1.28531,1.10045,1.22289,-0.0838742,0.700639,0.878131
2.21008374517393,0.233240071520779,1.2917725027181,-0.249651651983197,-0.588832958488666,1.31565170916846,2.00195532040114,1.4162369077574,-0.272943246705434,0.668329995851108,0.0,-0.515863603417328,1.36796428612455,-0.246853226983658,1.22049947657259,1.0864778921852,0.977316718603751,-0.0794183615048639,-1.27554929211521,2.15105170569991
1.96029,0.435474,0.712421,-0.630272,-0.502016,1.24148,0.602154,1.376,-0.249322,1.81277,-1.16123,2.61119,1.15862,-0.294392,0.353925,1.10045,1.22289,-0.268706,-1.42251,0.878131
0.611467,-1.99484,-1.09882,-1.23356,-0.805446,-1.9631,-2.47368,-1.92639,0.966883,-0.797617,-1.16123,-0.420183,1.95952,-0.294392,-1.04315,-1.81465,1.22289,-0.0477599,-1.42251,1.98039
-0.737357,0.487739,-0.495072,-1.23356,1.82181,-0.301468,0.0106471,-0.275199,-0.857425,-0.797617,-0.14853,-0.420183,0.357732,-0.294392,-0.577456,-1.08587,1.22289,-0.677446,0.700639,0.327003
-0.737357,0.455074,-0.495072,-0.228078,-0.53902,-0.657533,-0.403408,-0.275199,-1.46553,-0.797617,-1.16123,-0.420183,-0.443161,-0.294392,-1.04315,-1.08587,1.22289,-0.677446,0.700639,0.327003
-0.737357,0.507338,0.712421,-0.228078,1.63679,-0.18278,-0.462558,1.376,-0.857425,-0.797617,-1.16123,-0.420183,-0.443161,-0.294392,-1.04315,0.371675,1.22289,-0.677446,0.700639,-0.775254
0.611467,0.455074,0.712421,1.28015,-0.564922,-0.18278,-0.403408,-0.275199,0.35878,-0.797617,0.864172,1.34812,1.15862,-0.294392,0.819616,0.371675,-0.79286,-0.268335,0.700639,-0.775254
0.611467,0.520404,0.712421,-1.23356,-0.531619,0.588694,0.188099,-0.275199,0.966883,0.0725106,0.864172,-0.420183,-0.443161,-0.294392,1.28531,1.10045,-0.79286,-0.0831334,-1.42251,0.327003
-0.737357,-1.99484,1.31617,-0.579998,-0.572323,1.36017,1.07536,-0.275199,-0.249322,1.81277,0.864172,1.85335,1.95952,-0.294392,0.819616,0.371675,-0.79286,-0.269076,-1.42251,0.878131
-0.737357,-1.99484,-1.09882,0.777408,1.78481,-1.9631,0.188099,-0.275199,0.35878,-0.797617,-1.16123,-0.420183,-0.443161,-0.294392,-1.04315,0.371675,1.22289,-0.677446,0.700639,-0.775254
-0.547451936877946,0.317890034401683,-1.03512895913173,0.737343251206187,-0.790273077385583,1.82708512163411,-0.316987085125165,1.4162369077574,-0.272943246705434,1.49462889981248,-1.02884557165513,-0.515863603417328,-1.14613223972598,-0.246853226983658,0.277386244675588,-0.391132041186671,0.977316718603751,-0.616533500796348,0.741598425648379,0.183273463714342
0.611467,0.546537,0.712421,0.978505,-0.564922,0.410661,0.720455,1.376,-0.249322,1.81277,0.864172,3.11642,1.15862,-0.294392,-0.577456,0.371675,-0.79286,0.639524,0.700639,0.327003
-0.737357,0.487739,1.31617,-0.630272,1.59979,-0.657533,0.0106471,-0.275199,0.35878,-0.797617,0.864172,-0.420183,-0.443161,-0.294392,1.28531,0.371675,-0.79286,-0.0838742,0.700639,-0.775254
-0.737357,0.428941,0.712421,-0.831369,-0.557522,-0.776221,-1.11322,-0.275199,0.35878,1.81277,-0.14853,-0.420183,-0.443161,-0.294392,0.353925,0.371675,-0.79286,-0.0972088,-1.42251,0.878131
-0.737357,-1.99484,-1.09882,-1.23356,-0.805446,-1.9631,-2.47368,-1.92639,-1.46553,-0.797617,-1.16123,-0.420183,-1.24405,-0.294392,-1.04315,-1.81465,-0.79286,-0.26852,0.700639,-1.32638
-0.547451936877946,0.348671839085647,-1.03512895913173,-1.23664655517258,-0.585298921315036,-0.730081940694137,0.400780802299645,-0.303479337376586,0.389918923864905,0.668329995851108,-1.02884557165513,-0.515863603417328,-0.308100064442467,-0.246853226983658,-1.13728360316991,0.347672925499264,0.977316718603751,-0.0974179419303183,-1.27554929211521,-1.12857869760937
-0.547451936877946,0.402539997282586,0.710047137255647,-1.23664655517258,-0.581764884141406,-0.803143856760658,-0.151348341873286,-0.303479337376586,-0.935805417275773,0.668329995851108,1.02884557165513,-0.515863603417328,-0.308100064442467,-0.246853226983658,-0.194170371272912,-1.12993700787261,0.977316718603751,-0.097034972134032,0.741598425648379,-1.12857869760937
0.611467,0.494272,0.712421,-0.0269805,-0.635229,0.648038,-0.0485036,-0.275199,1.57499,-0.797617,0.864172,-0.420183,1.15862,-0.294392,0.819616,1.10045,-0.79286,-0.268335,0.700639,0.878131
-0.547451936877946,0.410235448453577,1.2917725027181,-1.23664655517258,-0.525220289363324,0.585032548503249,0.400780802299645,1.4162369077574,1.71564326500558,0.668329995851108,1.02884557165513,-0.515863603417328,1.36796428612455,-0.246853226983658,0.748942860624089,1.0864778921852,-0.868725972092223,-0.0786524219122914,-1.27554929211521,0.839199544376197
0.611467,0.546537,0.712421,0.978505,-0.564922,0.410661,0.720455,-0.275199,-0.249322,1.81277,0.864172,3.11642,1.15862,-0.294392,-0.577456,0.371675,-0.79286,0.639524,0.700639,0.327003
-0.737357,0.500805,0.712421,-0.228078,1.41477,-0.716877,0.306401,-0.275199,-1.46553,-0.797617,-1.16123,-0.420183,-1.24405,-0.294392,-1.04315,0.371675,-0.79286,-0.677446,0.700639,-0.775254
0.611467,0.357077,-1.09882,0.274665,-0.553821,-0.716877,1.31196,-0.275199,-1.46553,-0.797617,-1.16123,-0.420183,-1.24405,-0.294392,-1.04315,-1.81465,1.22289,-0.418164,0.700639,1.42926
-0.737357,-1.99484,-1.09882,-1.23356,1.56279,1.0041,1.54856,1.376,-1.46553,1.81277,0.864172,0.590276,1.15862,-0.294392,-1.04315,1.10045,-0.79286,-0.268335,0.700639,0.878131
0.611467,0.481206,-0.495072,-0.228078,-0.657432,0.0545966,0.188099,-0.275199,-0.249322,1.81277,-1.16123,-0.420183,-0.443161,-0.294392,1.28531,1.10045,-0.79286,0.322644,-1.42251,-0.224126
-0.737357,0.455074,-1.09882,-0.0269805,-0.805446,-0.538845,-2.47368,-1.92639,-1.46553,-0.797617,-1.16123,-0.420183,-1.24405,-0.294392,-1.04315,-1.81465,1.22289,-0.677446,0.700639,-1.32638
-0.737357,0.481206,-1.09882,0.877956,1.19275,-0.360812,0.306401,-0.275199,0.35878,1.81277,-1.16123,-0.420183,-0.443161,-0.294392,-0.111766,-1.08587,1.22289,-0.677446,0.700639,1.42926
-0.737357,0.481206,1.31617,-0.479449,-0.527919,-0.18278,1.37111,1.376,1.57499,-0.797617,0.864172,-0.420183,-1.24405,-0.294392,1.28531,1.10045,-0.79286,-0.250556,-1.42251,0.878131
-0.737357,0.533471,1.31617,-1.23356,-0.509417,0.291973,0.483853,1.376,0.35878,-0.797617,0.864172,-0.420183,-0.443161,-0.294392,0.819616,0.371675,-0.79286,-0.26852,-1.42251,1.42926
0.611467,-1.99484,-1.09882,0.375214,-0.587125,-0.894909,-0.0485036,-0.275199,1.57499,-0.797617,0.864172,1.60074,-0.443161,-0.294392,0.819616,0.371675,-0.79286,-0.269076,0.700639,0.878131
-0.737357,0.455074,-0.495072,0.274665,-0.487215,-0.538845,0.365551,-0.275199,-1.46553,-0.797617,-0.14853,-0.420183,-0.443161,-0.294392,-0.577456,-0.357099,1.22289,-0.677446,0.700639,0.327003
1.96029,-1.99484,-0.495072,2.18509,-0.583424,-0.301468,-0.107654,-0.275199,0.35878,-0.797617,0.864172,-0.420183,-0.443161,-0.294392,-1.04315,0.371675,1.22289,0.286715,0.700639,-0.775254
-0.737357,0.487739,0.712421,-0.630272,-0.572323,-0.538845,0.0106471,-0.275199,-0.857425,0.942638,-0.14853,-0.420183,-0.443161,-0.294392,-0.111766,0.371675,1.22289,-0.101283,-1.42251,-0.775254
-0.737357,0.435474,1.31617,-0.781095,-0.594525,-0.894909,-0.403408,-0.275199,-0.249322,-0.797617,0.864172,-0.420183,-0.443161,-0.294392,-0.577456,0.371675,1.22289,5.08418,0.700639,-0.775254
2.21008374517393,0.441017253137543,-1.03512895913173,0.243845799611495,1.6482125724192,-1.09539152102674,-0.261774170707872,-0.303479337376586,-0.272943246705434,-0.984267812071631,-1.02884557165513,-0.515863603417328,-1.14613223972598,-0.246853226983658,-1.13728360316991,0.347672925499264,-0.868725972092223,0.668904620438495,0.741598425648379,0.183273463714342
-0.547451936877946,0.387149094940604,-1.03512895913173,0.243845799611495,-0.496947991974283,0.585032548503249,0.566419545551524,-0.303479337376586,-1.59866758784611,-0.984267812071631,-1.02884557165513,1.74971605421744,1.36796428612455,-0.246853226983658,-1.13728360316991,-1.86874197455854,-0.868725972092223,-0.28890284007345,0.741598425648379,0.183273463714342
0.831315904147992,0.379453643769612,1.2917725027181,1.72433815439557,-0.557026623925995,2.04627086983368,0.787271203220697,-0.303479337376586,1.71564326500558,1.49462889981248,1.02884557165513,2.31611096862613,1.36796428612455,-0.246853226983658,1.22049947657259,1.0864778921852,-0.868725972092223,-0.0794183615048639,-1.27554929211521,0.183273463714342
-0.737357,0.494272,0.108674,-0.630272,-0.583424,-0.00474753,0.128948,-0.275199,0.35878,0.942638,0.864172,1.09551,1.15862,-0.294392,1.28531,0.371675,-0.79286,-0.284077,-1.42251,1.42926
1.96029,0.487739,0.712421,-0.429175,1.96983,-0.894909,-0.285106,-0.275199,0.966883,0.942638,1.87687,0.590276,-0.443161,-0.294392,-1.04315,-0.357099,-0.79286,-0.101283,0.700639,-0.775254
0.611467,0.46814,-1.09882,0.174117,-0.546421,1.59754,1.37111,-0.275199,1.57499,1.81277,-0.14853,-0.420183,1.15862,-0.294392,-1.04315,0.371675,-0.79286,0.101328,-1.42251,0.327003
-0.737357,0.540004,-1.09882,0.777408,1.59979,-0.538845,-0.0485036,-0.275199,0.35878,-0.797617,0.864172,-0.420183,-0.443161,-0.294392,1.28531,0.371675,1.22289,0.0863263,0.700639,0.327003
-0.737357,0.526938,-0.495072,-0.228078,-0.561222,-0.420156,-0.344257,-0.275199,0.35878,0.0725106,-0.14853,-0.420183,-0.443161,-0.294392,0.353925,0.371675,1.22289,-0.677446,-1.42251,-0.775254
0.611467,-1.99484,1.31617,-1.23356,-0.564922,0.648038,1.25281,1.376,1.57499,1.81277,-0.14853,-0.420183,1.15862,-0.294392,1.28531,0.371675,-0.79286,0.101328,0.700639,1.98039
0.831315904147992,-2.53712235003607,1.2917725027181,-1.23664655517258,-0.790273077385583,-2.33744409415761,-2.08380034647854,-0.303479337376586,-0.272943246705434,0.668329995851108,0.0,1.74971605421744,-0.308100064442467,-0.246853226983658,0.748942860624089,0.347672925499264,-0.868725972092223,-0.288519870277164,-1.27554929211521,-1.12857869760937
-0.547451936877946,0.464103606650516,-1.03512895913173,-1.23664655517258,-0.500482029147913,2.04627086983368,1.50503909064551,1.4162369077574,-0.272943246705434,1.49462889981248,1.02884557165513,2.50490927342903,1.36796428612455,-0.246853226983658,-1.13728360316991,1.0864778921852,-0.868725972092223,0.285360369457802,0.741598425648379,1.49512562503805
-0.737357,0.526938,-0.495072,-1.23356,-0.561222,-0.420156,-0.58086,-0.275199,0.35878,0.0725106,-0.14853,-0.420183,-0.443161,-0.294392,0.353925,0.371675,1.22289,-0.677446,-1.42251,-0.775254
-0.547451936877946,0.402539997282586,-0.453403593669269,-0.447050632621074,1.33014922679249,-0.803143856760658,-0.151348341873286,-0.303479337376586,-0.935805417275773,-0.157968908110262,-1.02884557165513,-0.515863603417328,-0.308100064442467,-0.246853226983658,-1.13728360316991,0.347672925499264,0.977316718603751,-0.693127460053601,0.741598425648379,0.183273463714342
-0.547451936877946,-2.53712235003607,-1.03512895913173,-1.23664655517258,1.89559517457331,-2.33744409415761,0.897697032055283,1.4162369077574,-0.272943246705434,1.49462889981248,-1.02884557165513,-0.515863603417328,1.36796428612455,-0.246853226983658,-1.13728360316991,1.0864778921852,-0.868725972092223,0.916303108839421,0.741598425648379,-1.78450477827122
-0.737357,0.494272,-1.09882,-0.228078,1.78481,-0.301468,0.24725,-0.275199,-0.857425,-0.797617,-0.14853,-0.420183,-0.443161,-0.294392,-1.04315,0.371675,1.22289,-0.677446,0.700639,-0.224126
0.831315904147992,-2.53712235003607,-1.03512895913173,1.72433815439557,-0.790273077385583,3.1421996108315,-2.08380034647854,1.4162369077574,1.71564326500558,-0.984267812071631,-1.02884557165513,-0.515863603417328,2.20599646140806,3.94965163173853,-1.13728360316991,1.0864778921852,0.977316718603751,-0.425048602653217,0.741598425648379,0.839199544376197
-0.737357,0.55307,-1.09882,2.38618,-0.490915,2.48771,0.306401,-1.92639,-1.46553,-0.797617,-1.16123,-0.420183,-1.24405,3.38551,-1.04315,-1.81465,1.22289,1.06345,-1.42251,-1.32638
-0.737357,-1.99484,1.31617,0.274665,-0.561222,1.0041,0.602154,1.376,1.57499,-0.797617,1.87687,-0.420183,1.15862,-0.294392,0.819616,1.10045,-0.79286,-0.469279,0.700639,0.878131
-0.737357,0.455074,-1.09882,-0.328626,-0.476114,0.885414,1.60772,1.376,0.35878,1.81277,0.864172,2.10596,1.15862,-0.294392,0.819616,1.10045,-0.79286,-0.26852,-1.42251,1.98039
1.96029,0.435474,1.31617,-0.228078,1.48878,-0.776221,-0.344257,-1.92639,-1.46553,0.0725106,-1.16123,-0.420183,-1.24405,-0.294392,-0.577456,-1.81465,-0.79286,0.454508,0.700639,-1.32638
-0.737357,0.474673,-1.09882,0.877956,-0.805446,-0.18278,-2.47368,-0.275199,-1.46553,-0.797617,-1.16123,-0.420183,-1.24405,-0.294392,-1.04315,-1.81465,1.22289,-0.677446,0.700639,-1.32638
-0.737357,0.579202,0.712421,2.08454,-0.583424,-0.360812,-0.166805,-0.275199,-0.249322,0.942638,-0.14853,-0.420183,-0.443161,-0.294392,0.819616,0.371675,-0.79286,-0.268891,-1.42251,-0.224126
-0.547451936877946,0.410235448453577,-1.03512895913173,1.72433815439557,0.481980305121261,-0.730081940694137,-1.73043769420787,-0.303479337376586,-1.59866758784611,-0.984267812071631,-1.02884557165513,-0.515863603417328,-1.14613223972598,-0.246853226983658,-1.13728360316991,-1.86874197455854,0.977316718603751,-0.693127460053601,0.741598425648379,-1.12857869760937
0.611467,-1.99484,-1.09882,-1.23356,-0.805446,-1.9631,-2.47368,-1.92639,-1.46553,-0.797617,-1.16123,-0.420183,-1.24405,-0.294392,-1.04315,-1.81465,-0.79286,0.118922,0.700639,-1.32638
-0.737357,0.507338,-1.09882,-0.73082,1.45178,-0.716877,-0.225956,-0.275199,-0.857425,-0.797617,-1.16123,-0.420183,-0.443161,-0.294392,-1.04315,-1.08587,1.22289,-0.677446,0.700639,-0.775254
-0.737357,0.513871,0.712421,-0.0269805,-0.53902,-0.360812,0.424702,-0.275199,-0.857425,0.0725106,0.864172,-0.420183,-0.443161,-0.294392,-0.111766,0.371675,1.22289,-0.101283,-1.42251,-0.775254
1.96029,0.461607,-0.495072,-0.228078,-0.601926,-0.538845,-0.285106,-0.275199,-0.857425,-0.797617,0.864172,-0.420183,-0.443161,-0.294392,-0.577456,-1.08587,1.22289,-0.269076,0.700639,0.878131
-0.547451936877946,0.402539997282586,1.2917725027181,-1.23664655517258,-0.571162772620515,-0.145586612161965,0.290354973465059,-0.303479337376586,-0.272943246705434,0.668329995851108,0.0,-0.515863603417328,-1.14613223972598,-0.246853226983658,0.748942860624089,-1.12993700787261,-0.868725972092223,-0.270711774749853,-1.27554929211521,0.183273463714342
-0.737357,0.500805,-0.495072,0.073568,-0.550121,-0.716877,-0.344257,-0.275199,0.35878,-0.797617,-1.16123,-0.420183,-0.443161,-0.294392,-1.04315,-1.08587,1.22289,-0.101283,0.700639,-0.775254
-0.737357,0.585735,0.712421,-0.73082,1.26676,-0.18278,-0.225956,1.376,0.35878,0.0725106,0.864172,-0.420183,-1.24405,-0.294392,-1.04315,0.371675,1.22289,-0.677446,0.700639,-1.32638
1.96029,-1.99484,-1.09882,-1.23356,1.6738,1.59754,0.602154,-0.275199,0.966883,0.942638,-0.14853,-0.420183,1.95952,-0.294392,1.28531,1.10045,-0.79286,-0.0838742,0.700639,0.878131
-0.547451936877946,0.433321801966551,-1.03512895913173,0.243845799611495,-0.578230846967776,-0.145586612161965,0.12471623021318,-0.303479337376586,1.05278109443524,-0.157968908110262,0.0,-0.515863603417328,-0.308100064442467,-0.246853226983658,-1.13728360316991,-0.391132041186671,0.977316718603751,-0.0794183615048639,0.741598425648379,0.183273463714342
-0.737357,0.513871,-1.09882,0.777408,-0.490915,1.12279,0.779606,-0.275199,-0.249322,-0.797617,0.864172,2.86381,-0.443161,-0.294392,0.819616,1.10045,-0.79286,-0.284077,0.700639,0.327003
-0.737357,0.526938,-1.09882,-0.630272,1.6738,-0.538845,-0.344257,-1.92639,-0.857425,-0.797617,-1.16123,-0.420183,-1.24405,-0.294392,-1.04315,-1.08587,-0.79286,-0.677446,0.700639,-0.775254
-0.737357,-1.99484,1.31617,-0.0269805,-0.609327,1.36017,-0.107654,1.376,1.57499,1.81277,-1.16123,-0.420183,1.15862,-0.294392,-1.04315,1.10045,1.22289,-0.603365,-1.42251,0.878131
-0.737357,0.500805,1.31617,0.174117,-0.487215,-0.0640917,0.424702,-0.275199,0.35878,0.942638,-1.16123,-0.420183,-0.443161,-0.294392,0.819616,-1.08587,-0.79286,-0.26852,-1.42251,-0.775254
-0.737357,0.474673,-0.495072,0.174117,-0.587125,-0.538845,0.24725,-0.275199,-0.857425,0.942638,0.864172,-0.420183,-0.443161,-0.294392,-0.577456,-0.357099,-0.79286,-0.677446,-1.42251,-0.775254
0.611467,0.494272,-0.495072,-0.0269805,-0.527919,-0.420156,0.720455,-0.275199,0.966883,0.942638,0.864172,3.11642,-0.443161,-0.294392,-1.04315,0.371675,-0.79286,-0.268891,-1.42251,1.42926
-0.737357,0.572669,-1.09882,3.29112,-0.557522,-0.0640917,-0.166805,-0.275199,-1.46553,-0.797617,-0.14853,-0.420183,1.15862,-0.294392,-1.04315,0.371675,-0.79286,3.23217,0.700639,-0.775254
1.96029,0.474673,-1.09882,-0.630272,-0.546421,0.470005,0.483853,1.376,0.966883,-0.797617,-0.14853,-0.420183,-0.443161,-0.294392,-1.04315,-1.81465,1.22289,-0.269076,0.700639,-0.775254
1.96029,0.579202,1.31617,1.1796,1.56279,1.59754,0.838757,-0.275199,-1.46553,0.0725106,-0.14853,-0.420183,-1.24405,-0.294392,-1.04315,0.371675,-0.79286,-0.418164,0.700639,1.42926
1.96029,-1.99484,-1.09882,2.28564,1.59979,1.59754,0.779606,1.376,-0.249322,-0.797617,-1.16123,-0.420183,-1.24405,-0.294392,1.28531,1.10045,-0.79286,-0.0838742,0.700639,0.878131
1.96029,0.572669,-1.09882,1.33042,-0.324399,1.0041,1.43026,-0.275199,-0.249322,1.81277,-0.14853,0.590276,1.95952,-0.294392,0.819616,1.10045,-0.79286,-0.286115,0.700639,1.98039
-0.737357,0.500805,-0.495072,-0.429175,-0.505717,-0.420156,0.0697978,-0.275199,-0.857425,-0.797617,-0.14853,-0.420183,-0.443161,-0.294392,-1.04315,-0.357099,-0.79286,-0.677446,-1.42251,-0.224126
0.611467,0.487739,1.31617,0.274665,-0.579724,0.707382,0.779606,1.376,1.57499,-0.797617,-1.16123,-0.420183,1.15862,-0.294392,1.28531,1.10045,-0.79286,-0.0838742,0.700639,0.878131
-0.547451936877946,0.387149094940604,-1.03512895913173,0.145146309292557,-0.574696809794146,1.02340404490238,-0.0409225130386996,-0.303479337376586,-0.935805417275773,-0.157968908110262,2.05769114331026,2.20283198574439,-0.308100064442467,3.94965163173853,-1.13728360316991,0.347672925499264,0.977316718603751,-0.693127460053601,-1.27554929211521,-0.472652616947513
-0.737357,0.513871,-1.09882,-1.23356,-0.524218,-0.509173,0.128948,-0.275199,-1.46553,-0.797617,0.864172,-0.420183,-1.24405,-0.294392,-1.04315,-1.81465,-0.79286,-0.268891,0.700639,-0.775254
-0.547451936877946,0.42562635079556,1.2917725027181,-1.23664655517258,2.00161628978221,0.950342128835856,0.511206631134231,-0.303479337376586,0.389918923864905,-0.984267812071631,1.02884557165513,0.239329615794261,-0.308100064442467,-0.246853226983658,1.22049947657259,0.347672925499264,-0.868725972092223,0.47722823739722,0.741598425648379,0.183273463714342
-0.737357,0.507338,-1.09882,1.78289,1.78481,1.89426,0.483853,-0.275199,-0.249322,-0.797617,-1.16123,-0.420183,1.15862,3.38551,-1.04315,1.10045,-0.79286,-0.101283,0.700639,-1.32638
1.96029,0.520404,1.31617,-1.23356,-0.805446,1.0041,-2.47368,1.376,0.966883,-0.797617,0.864172,-0.420183,1.15862,-0.294392,1.28531,0.371675,1.22289,-0.471687,-1.42251,1.42926
-0.547451936877946,0.410235448453577,1.2917725027181,-0.249651651983197,-0.790273077385583,-0.693550982660876,-2.08380034647854,1.4162369077574,-0.272943246705434,-0.984267812071631,1.02884557165513,-0.515863603417328,1.36796428612455,-0.246853226983658,-1.13728360316991,1.0864778921852,0.977316718603751,-0.693127460053601,0.741598425648379,-0.472652616947513
-0.737357,0.513871,0.712421,-0.0269805,-0.53902,-0.360812,0.424702,-0.275199,-0.857425,0.0725106,0.864172,-0.420183,-0.443161,-0.294392,-0.111766,0.371675,1.22289,-0.101283,-1.42251,-0.775254
1.96029,0.520404,1.31617,-1.23356,-0.805446,1.0041,-2.47368,1.376,0.966883,-0.797617,0.864172,-0.420183,1.15862,-0.294392,1.28531,0.371675,1.22289,0.0863263,0.700639,1.42926
-0.737357,0.474673,-0.495072,-0.429175,1.7108,-0.301468,0.128948,-0.275199,-0.249322,0.0725106,0.864172,-0.420183,-0.443161,-0.294392,-1.04315,-1.08587,1.22289,-0.677446,0.700639,-0.224126
1.96029,0.494272,-1.09882,-0.127529,1.59979,0.113941,-0.344257,-0.275199,1.57499,-0.797617,-1.16123,-0.420183,-0.443161,-0.294392,1.28531,0.371675,-0.79286,-0.0838742,0.700639,-1.32638
-0.737357,0.500805,-1.09882,3.19057,-0.509417,1.71623,0.306401,-0.275199,-0.249322,0.0725106,-1.16123,-0.420183,1.15862,3.38551,-1.04315,0.371675,-0.79286,1.06345,-1.42251,-0.224126
-0.547451936877946,-2.53712235003607,-0.453403593669269,3.50092898013646,-0.507550103495173,-0.583958108561094,0.235142059047766,-0.303479337376586,-1.59866758784611,-0.157968908110262,1.02884557165513,-0.515863603417328,-0.308100064442467,-0.246853226983658,0.748942860624089,1.0864778921852,-0.868725972092223,-0.270328804953566,0.741598425648379,0.183273463714342
2.21008374517393,0.310194583230691,-1.03512895913173,-0.0522526713453204,1.36548959852879,-0.291710444295008,-0.151348341873286,1.4162369077574,1.05278109443524,1.49462889981248,0.0,-0.515863603417328,-0.308100064442467,-0.246853226983658,-1.13728360316991,1.0864778921852,-0.868725972092223,-0.270903259647996,0.741598425648379,0.839199544376197
-0.737357,0.494272,-0.495072,2.78838,-0.594525,1.0041,-0.344257,-0.275199,0.35878,-0.797617,-1.16123,-0.420183,-0.443161,3.38551,-1.04315,1.10045,-0.79286,-0.101283,0.700639,-0.224126
-0.737357,0.442007,0.712421,-0.630272,-0.561222,-0.538845,-0.107654,-0.275199,0.35878,0.942638,0.864172,-0.420183,-1.24405,-0.294392,0.353925,-1.08587,-0.79286,-0.0838742,-1.42251,0.327003
-0.547451936877946,0.387149094940604,0.710047137255647,0.539944270568311,-0.549958549578735,0.292784884237163,0.0142904013785935,-0.303479337376586,0.389918923864905,0.668329995851108,1.02884557165513,-0.515863603417328,-0.308100064442467,-0.246853226983658,1.22049947657259,-1.86874197455854,0.977316718603751,-0.0949286382544576,-1.27554929211521,0.183273463714342
-0.737357,0.455074,-0.495072,-0.429175,-0.564922,-0.538845,-0.285106,-0.275199,-0.857425,-0.797617,-0.14853,-0.420183,-0.443161,-0.294392,-1.04315,-1.08587,1.22289,-0.677446,0.700639,-0.775254
-2.08618,0.487739,0.712421,-0.228078,1.89582,-0.538845,0.0697978,-0.275199,0.966883,0.942638,0.864172,-0.420183,-0.443161,-0.294392,1.28531,0.371675,-2.80861,-0.101283,0.700639,0.327003
-0.737357,0.507338,-0.495072,-0.0269805,-0.557522,-0.776221,-0.521709,-0.275199,0.35878,-0.797617,-1.16123,-0.420183,-0.443161,-0.294392,-0.577456,0.371675,1.22289,-0.677446,-1.42251,0.327003
-0.737357,0.533471,-0.495072,0.174117,1.48878,-0.776221,-0.166805,-0.275199,0.35878,0.0725106,-1.16123,-0.420183,-0.443161,-0.294392,-1.04315,-1.08587,1.22289,-0.677446,0.700639,-0.775254
0.611467,-1.99484,-1.09882,-1.23356,-0.483514,-1.9631,0.188099,-1.92639,-1.46553,-0.797617,-1.16123,-0.420183,-1.24405,-0.294392,-1.04315,-1.81465,-0.79286,-0.26852,0.700639,-1.32638
0.611467,-1.99484,-1.09882,0.576311,-0.520518,-0.0640917,0.0106471,-0.275199,1.57499,-0.797617,0.864172,-0.420183,-1.24405,-0.294392,-1.04315,0.371675,-0.79286,-0.0831334,0.700639,-0.224126
-0.737357,-1.99484,0.108674,-1.23356,-0.520518,-1.9631,0.0697978,-0.275199,-0.857425,-0.797617,-1.16123,-0.420183,-0.443161,-0.294392,-0.111766,0.371675,1.22289,-0.101283,0.700639,0.327003
-0.547451936877946,0.387149094940604,-1.03512895913173,-0.644449613258951,-0.585298921315036,-0.803143856760658,-0.0409225130386996,-0.303479337376586,-0.935805417275773,-0.984267812071631,-1.02884557165513,-0.515863603417328,-1.14613223972598,-0.246853226983658,-0.194170371272912,-1.86874197455854,0.977316718603751,-0.0974179419303183,0.741598425648379,0.183273463714342
0.831315904147992,0.348671839085647,-1.03512895913173,-0.249651651983197,-0.564094698273255,0.877280212769334,-0.151348341873286,-0.303479337376586,1.05278109443524,-0.157968908110262,-1.02884557165513,-0.515863603417328,1.36796428612455,-0.246853226983658,-1.13728360316991,0.347672925499264,-0.868725972092223,-0.270903259647996,0.741598425648379,0.183273463714342
1.96029,0.585735,1.31617,-1.23356,-0.557522,-1.9631,-2.47368,1.376,0.35878,0.0725106,-1.16123,2.35858,1.15862,-0.294392,1.28531,1.10045,1.22289,0.101328,0.700639,0.878131
0.611467,0.566136,-1.09882,3.59277,-0.805446,2.36902,-2.47368,-1.92639,-1.46553,-0.797617,-1.16123,-0.420183,-1.24405,3.38551,-1.04315,-1.81465,-0.79286,-0.286115,0.700639,-1.32638
-0.737357,0.526938,0.108674,0.375214,-0.546421,-0.301468,-0.107654,-0.275199,-0.857425,0.942638,0.864172,-0.420183,-0.443161,-0.294392,-1.04315,-1.08587,1.22289,-0.677446,-1.42251,-0.775254
0.611467,0.670666,-1.09882,0.877956,-0.531619,0.173285,0.720455,-0.275199,-0.249322,1.81277,0.864172,-0.420183,1.15862,-0.294392,-1.04315,0.371675,-0.79286,1.43386,-1.42251,-0.775254
-0.547451936877946,0.310194583230691,1.2917725027181,-0.644449613258951,-0.553492586752365,-0.730081940694137,0.12471623021318,1.4162369077574,-0.935805417275773,1.49462889981248,-1.02884557165513,-0.515863603417328,-0.308100064442467,-0.246853226983658,-0.194170371272912,-1.12993700787261,-0.868725972092223,-0.270328804953566,0.741598425648379,-1.12857869760937
0.611467,-1.99484,1.31617,-0.429175,-0.527919,0.113941,1.07536,1.376,-0.249322,-0.797617,0.864172,-0.420183,1.95952,-0.294392,1.28531,0.371675,-0.79286,-0.2863,0.700639,1.42926
1.96029,0.44854,-1.09882,-0.228078,1.45178,0.52935,-0.64001,-0.275199,-0.249322,-0.797617,-1.16123,-0.420183,-1.24405,-0.294392,-1.04315,0.371675,-0.79286,-0.26852,0.700639,0.327003
-0.737357,0.507338,-0.495072,-0.177803,-0.564922,-0.657533,0.128948,-0.275199,0.35878,0.942638,0.864172,-0.420183,-0.443161,-0.294392,1.28531,0.371675,-0.79286,-0.268335,-1.42251,-0.224126
-0.737357,0.474673,-0.495072,-0.529723,-0.527919,-0.538845,-0.403408,-0.275199,0.35878,-0.797617,-0.14853,2.25753,-1.24405,-0.294392,-1.04315,-1.81465,1.22289,-0.101283,-1.42251,-0.775254
-0.547451936877946,0.433321801966551,0.710047137255647,-0.249651651983197,1.86025480283701,-0.583958108561094,-0.0409225130386996,-0.303479337376586,1.05278109443524,-0.984267812071631,-1.02884557165513,-0.515863603417328,-0.308100064442467,-0.246853226983658,-1.13728360316991,0.347672925499264,-0.868725972092223,-0.0974179419303183,0.741598425648379,-1.12857869760937
0.611467,0.474673,0.108674,-0.0269805,-0.561222,-0.420156,0.365551,-0.275199,0.966883,0.0725106,0.864172,2.45963,1.15862,-0.294392,1.28531,1.10045,-0.79286,0.322644,0.700639,0.327003
-0.737357,-1.99484,-0.495072,0.978505,-0.631529,1.0041,-0.285106,-0.275199,0.966883,-0.797617,-1.16123,-0.420183,-0.443161,3.38551,-1.04315,-1.08587,1.22289,0.639524,0.700639,-0.775254
-0.737357,-1.99484,0.712421,0.576311,1.85882,-0.18278,-0.935764,-0.275199,0.35878,0.942638,-0.14853,-0.420183,-0.443161,-0.294392,0.819616,0.371675,-0.79286,-0.26852,0.700639,0.327003
0.611467,-1.99484,1.31617,-1.23356,-0.805446,0.885414,1.07536,1.376,1.57499,-0.797617,-0.14853,-0.420183,1.15862,-0.294392,1.28531,1.10045,1.22289,0.101328,0.700639,0.327003
-0.547451936877946,0.410235448453577,1.2917725027181,0.243845799611495,-0.578230846967776,0.0735991360375988,-0.0409225130386996,-0.303479337376586,-0.272943246705434,-0.984267812071631,2.05769114331026,2.69370757823192,1.36796428612455,-0.246853226983658,1.22049947657259,1.0864778921852,-0.868725972092223,0.285551854355945,0.741598425648379,-1.12857869760937
-0.737357,0.55307,1.31617,0.576311,-0.527919,-0.0640917,0.128948,1.376,0.35878,1.81277,-0.14853,3.11642,-0.443161,-0.294392,1.28531,0.371675,-0.79286,-0.286115,-1.42251,0.878131
-0.737357,0.520404,-1.09882,-0.328626,-0.520518,-1.07294,-0.107654,-1.92639,-1.46553,-0.797617,-1.16123,-0.420183,-1.24405,-0.294392,-1.04315,-1.81465,-0.79286,-0.286115,0.700639,-1.32638
-0.737357,-1.99484,1.31617,0.274665,-0.561222,1.0041,0.602154,1.376,1.57499,-0.797617,1.87687,-0.420183,1.15862,-0.294392,0.819616,1.10045,-0.79286,-0.284077,0.700639,0.878131
-0.737357,0.533471,-1.09882,-1.23356,-0.564922,-1.9631,-0.521709,-0.275199,1.57499,0.942638,-1.16123,-0.420183,-0.443161,-0.294392,-1.04315,1.10045,-0.79286,5.08418,0.700639,0.327003
-0.547451936877946,0.356367290256639,-0.453403593669269,-1.23664655517258,-0.790273077385583,-0.876205772827179,-2.08380034647854,-0.303479337376586,-0.935805417275773,0.668329995851108,-1.02884557165513,-0.515863603417328,-0.308100064442467,-0.246853226983658,-0.665726987221412,-1.12993700787261,-0.868725972092223,5.26396772117923,-1.27554929211521,-1.12857869760937
0.831315904147992,0.410235448453577,-1.03512895913173,-1.23664655517258,-0.790273077385583,0.877280212769334,-2.08380034647854,-2.02319558251058,-1.59866758784611,-0.984267812071631,-1.02884557165513,-0.515863603417328,-1.14613223972598,-0.246853226983658,-1.13728360316991,-1.86874197455854,0.977316718603751,-0.252712194324398,0.741598425648379,2.15105170569991
0.611467,0.487739,-0.495072,0.174117,-0.579724,0.766726,-0.285106,-0.275199,-0.857425,0.0725106,1.87687,3.21747,-0.443161,3.38551,-0.577456,0.371675,1.22289,-0.677446,-1.42251,-0.224126
0.611467,0.487739,-1.09882,-0.0269805,-0.516818,-1.9631,1.54856,1.376,1.57499,-0.797617,-0.14853,-0.420183,1.15862,-0.294392,-1.04315,-1.81465,-0.79286,-0.0838742,0.700639,1.98039
-0.737357,0.500805,1.31617,0.174117,2.19185,0.291973,0.24725,-0.275199,0.35878,0.0725106,0.864172,-0.420183,-0.443161,-0.294392,0.819616,1.10045,-0.79286,-0.2863,0.700639,-0.775254
2.21008374517393,0.387149094940604,-0.453403593669269,-0.644449613258951,1.506851085474,-0.145586612161965,0.345567887882352,-0.303479337376586,-0.272943246705434,1.49462889981248,0.0,-0.515863603417328,-0.308100064442467,-0.246853226983658,0.748942860624089,-1.12993700787261,-0.868725972092223,-0.270137320055423,0.741598425648379,-0.472652616947513
1.96029,-1.99484,-1.09882,-0.0269805,-0.805446,-0.0344196,-2.47368,1.376,1.57499,-0.797617,1.87687,-0.420183,-1.24405,-0.294392,1.28531,-1.81465,-0.79286,-0.0838742,0.700639,-1.32638
0.611467,0.526938,1.31617,-0.228078,-0.805446,2.78443,-0.225956,-0.275199,0.35878,0.942638,1.87687,-0.420183,-1.24405,3.38551,-1.04315,0.371675,-0.79286,0.639524,-1.42251,1.42926
-0.737357,0.526938,0.712421,-0.228078,-0.53532,-0.538845,0.483853,-0.275199,-0.857425,0.0725106,0.864172,-0.420183,-0.443161,-0.294392,-0.111766,0.371675,1.22289,-0.101283,-1.42251,-0.775254
0.611467,-1.99484,1.31617,-1.23356,-0.63893,1.59754,0.897907,1.376,1.57499,1.81277,-1.16123,-0.420183,1.15862,-0.294392,1.28531,1.10045,-0.79286,-0.0838742,-1.42251,1.98039
-0.737357,0.46814,-1.09882,-1.23356,2.00683,-0.538845,0.188099,-0.275199,-0.857425,-0.797617,-0.14853,-0.420183,-0.443161,-0.294392,-1.04315,-1.08587,1.22289,-0.677446,0.700639,-0.775254
-0.737357,0.500805,1.31617,-1.23356,1.82181,-0.538845,0.0106471,-0.275199,0.35878,-0.797617,-0.14853,0.590276,1.15862,-0.294392,1.28531,1.10045,-0.79286,-0.101283,0.700639,0.327003
1.96029,0.36361,-1.09882,-1.23356,-0.546421,0.648038,0.188099,-0.275199,0.35878,1.81277,0.864172,-0.420183,1.15862,-0.294392,0.819616,0.371675,1.22289,-0.268335,-1.42251,0.327003
-0.737357,0.546537,-1.09882,0.274665,-0.572323,1.59754,0.306401,1.376,0.35878,0.0725106,1.87687,1.09551,1.15862,3.38551,-1.04315,0.371675,-0.79286,-0.284077,0.700639,-0.224126
0.611467,0.46814,-1.09882,-1.23356,-0.805446,-0.301468,-2.47368,-1.92639,-1.46553,-0.797617,-1.16123,-0.420183,-1.24405,-0.294392,-1.04315,-1.81465,-0.79286,-0.286115,0.700639,-1.32638
-0.737357,0.507338,-1.09882,-0.328626,-0.53902,-0.360812,0.128948,-0.275199,-0.249322,1.81277,-1.16123,2.30806,-0.443161,-0.294392,0.819616,0.371675,1.22289,-0.284077,-1.42251,-0.224126
-0.547451936877946,0.417930899624569,0.710047137255647,-0.249651651983197,1.43617034200139,-0.437834276428051,0.179929144630473,-0.303479337376586,-0.935805417275773,-0.157968908110262,1.02884557165513,-0.515863603417328,-0.308100064442467,-0.246853226983658,1.22049947657259,0.347672925499264,0.977316718603751,-0.693127460053601,0.741598425648379,0.183273463714342
-0.737357,0.44854,-0.495072,0.375214,-0.513117,-0.479501,0.188099,-0.275199,0.966883,0.942638,0.864172,-0.420183,1.15862,-0.294392,-1.04315,1.10045,-0.79286,-0.26852,-1.42251,-1.32638
-0.737357,0.487739,1.31617,-1.23356,-0.805446,-0.538845,-2.47368,-0.275199,-0.857425,-0.797617,0.864172,-0.420183,-0.443161,-0.294392,1.28531,-0.357099,-0.79286,-0.101283,0.700639,-0.775254
0.611467,0.513871,1.31617,0.274665,-0.527919,0.52935,0.306401,1.376,0.966883,1.81277,0.864172,2.86381,-0.443161,-0.294392,0.819616,0.371675,-0.79286,-0.251482,0.700639,1.42926
-0.547451936877946,0.36406274142763,1.2917725027181,0.145146309292557,-0.790273077385583,-0.328241402328269,-2.08380034647854,-0.303479337376586,-0.272943246705434,-0.984267812071631,-1.02884557165513,1.37211944461164,-0.308100064442467,-0.246853226983658,1.22049947657259,0.347672925499264,-0.868725972092223,-0.0786524219122914,0.741598425648379,-0.472652616947513
-0.737357,0.55307,0.712421,0.777408,-0.527919,-0.0640917,0.0106471,-0.275199,0.35878,0.942638,0.864172,-0.420183,-0.443161,-0.294392,0.353925,0.371675,1.22289,0.248563,-1.42251,1.42926
-0.737357,0.507338,1.31617,-1.23356,-0.509417,1.95361,0.897907,1.376,-0.249322,-0.797617,0.864172,2.71224,1.15862,-0.294392,0.819616,1.10045,-0.79286,-0.2863,-1.42251,1.98039
0.611467,0.520404,1.31617,0.576311,-0.490915,0.885414,1.66687,1.376,-0.249322,-0.797617,-0.14853,-0.420183,1.15862,-0.294392,1.28531,1.10045,1.22289,-0.418164,-1.42251,-1.32638
-0.547451936877946,0.36406274142763,0.710047137255647,0.145146309292557,1.6835529441555,-0.730081940694137,0.400780802299645,1.4162369077574,1.71564326500558,1.49462889981248,0.0,-0.515863603417328,2.20599646140806,-0.246853226983658,1.22049947657259,1.0864778921852,-0.868725972092223,-0.0794183615048639,0.741598425648379,0.183273463714342
-0.547451936877946,0.371758192598621,1.2917725027181,-0.447050632621074,-0.525220289363324,-0.583958108561094,0.290354973465059,-0.303479337376586,-1.59866758784611,-0.984267812071631,1.02884557165513,-0.515863603417328,-0.308100064442467,-0.246853226983658,0.277386244675588,-1.12993700787261,0.977316718603751,-0.693127460053601,0.741598425648379,-1.12857869760937
-0.737357,-1.99484,-1.09882,-1.23356,-0.557522,-1.9631,-1.05407,-1.92639,-1.46553,-0.797617,-1.16123,-0.420183,-1.24405,-0.294392,-1.04315,-1.81465,-0.79286,-0.101098,0.700639,-1.32638
0.611467,-1.99484,-1.09882,1.1796,-0.524218,-0.18278,0.957058,1.376,0.966883,-0.797617,-1.16123,-0.420183,1.15862,-0.294392,-1.04315,0.371675,-0.79286,-0.0838742,0.700639,0.878131
2.21008374517393,0.279412778546726,-1.03512895913173,-0.447050632621074,1.18878773984729,-0.583958108561094,-0.59305165721163,-0.303479337376586,1.05278109443524,-0.984267812071631,0.0,-0.515863603417328,-0.308100064442467,-0.246853226983658,-1.13728360316991,-1.12993700787261,-0.868725972092223,0.112258021536411,0.741598425648379,0.183273463714342
-0.737357,0.520404,-1.09882,1.78289,-0.805446,1.59754,0.720455,1.376,-1.46553,-0.797617,-1.16123,-0.420183,1.15862,-0.294392,-1.04315,0.371675,-0.79286,0.322644,0.700639,1.98039
-0.737357,0.481206,0.712421,-0.429175,-0.546421,-0.538845,-0.285106,-0.275199,0.35878,-0.797617,-0.14853,-0.420183,-0.443161,-0.294392,1.28531,0.371675,-0.79286,-0.0988756,0.700639,-0.775254
-0.737357,0.389743,1.31617,-0.0269805,-0.583424,1.0041,0.483853,-0.275199,0.35878,1.81277,1.87687,-0.420183,1.15862,-0.294392,0.819616,0.371675,-0.79286,-0.26852,-1.42251,0.327003
-0.547451936877946,0.356367290256639,-1.03512895913173,0.539944270568311,-0.567628735446885,-0.583958108561094,0.345567887882352,-0.303479337376586,-1.59866758784611,-0.157968908110262,-1.02884557165513,-0.515863603417328,-1.14613223972598,-0.246853226983658,-1.13728360316991,0.347672925499264,0.977316718603751,-0.0974179419303183,-1.27554929211521,-1.12857869760937
-0.547451936877946,0.417930899624569,-0.453403593669269,1.72433815439557,-0.546424512405104,0.585032548503249,0.897697032055283,-0.303479337376586,0.389918923864905,-0.984267812071631,1.02884557165513,-0.515863603417328,0.529932110841043,-0.246853226983658,-0.665726987221412,-0.391132041186671,0.977316718603751,-0.693127460053601,0.741598425648379,-0.472652616947513
-0.737357,0.487739,0.108674,2.18509,-0.609327,2.19098,-0.166805,-0.275199,0.35878,-0.797617,-1.16123,-0.420183,-0.443161,3.38551,-0.577456,0.371675,-0.79286,0.639524,0.700639,-0.775254
-0.737357,0.520404,-0.495072,2.28564,1.19275,1.59754,-0.403408,-1.92639,-1.46553,0.0725106,0.864172,-0.420183,-1.24405,3.38551,-1.04315,-1.08587,-0.79286,0.101328,0.700639,-1.32638
-0.737357,-1.99484,0.712421,-1.23356,-0.805446,-1.9631,-2.47368,-0.275199,-0.249322,-0.797617,0.864172,-0.420183,-0.443161,-0.294392,0.353925,0.371675,1.22289,-0.677446,0.700639,0.327003
-0.737357,0.526938,-1.09882,0.174117,-0.587125,0.648038,-0.403408,-1.92639,-1.46553,-0.797617,-1.16123,-0.420183,-1.24405,3.38551,-1.04315,-1.81465,1.22289,-0.677446,0.700639,-1.32638
0.611467,0.618401,1.31617,-1.23356,-0.564922,0.351317,1.43026,-0.275199,-0.249322,-0.797617,-0.14853,-0.420183,1.15862,-0.294392,-0.577456,0.371675,1.22289,0.878249,-1.42251,1.42926
0.611467,0.442007,-1.09882,0.526036,-0.531619,1.12279,1.90347,1.376,-1.46553,-0.797617,-1.16123,-0.420183,-1.24405,-0.294392,-1.04315,-1.81465,1.22289,0.118922,0.700639,1.98039
0.611467,-1.99484,1.31617,-0.228078,-0.587125,-1.9631,0.661305,-1.92639,1.57499,1.81277,0.864172,-0.420183,1.15862,-0.294392,0.819616,1.10045,-0.79286,-0.0838742,-1.42251,0.327003
0.831315904147992,0.417930899624569,1.2917725027181,0.243845799611495,-0.525220289363324,0.731156380636291,0.511206631134231,1.4162369077574,1.05278109443524,1.49462889981248,1.02884557165513,1.93851435902034,-0.308100064442467,-0.246853226983658,0.748942860624089,0.347672925499264,-0.868725972092223,0.477036752499077,0.741598425648379,1.49512562503805
0.611467,0.585735,1.31617,0.174117,-0.568623,0.766726,1.78517,-0.275199,1.57499,-0.797617,-1.16123,-0.420183,1.15862,-0.294392,-1.04315,1.10045,1.22289,-0.06628,0.700639,1.98039
-0.737357,-1.99484,-1.09882,-1.23356,-0.805446,-1.9631,-2.47368,-1.92639,-1.46553,-0.797617,-1.16123,-0.420183,-1.24405,-0.294392,-1.04315,-1.81465,-0.79286,-0.284077,0.700639,-1.32638
-0.737357,0.559603,1.31617,1.3807,-0.516818,0.173285,0.483853,-0.275199,-0.249322,-0.797617,-0.14853,-0.420183,-1.24405,-0.294392,0.819616,-1.08587,1.22289,-0.286485,0.700639,-0.224126
-0.737357,0.520404,-1.09882,-1.23356,1.15575,-0.18278,-0.521709,-0.275199,-1.46553,0.0725106,-1.16123,-0.420183,-0.443161,-0.294392,-1.04315,-1.08587,-0.79286,0.0839187,0.700639,-1.32638
-0.737357,-1.99484,-1.09882,-0.0269805,-0.572323,-0.657533,-2.47368,-0.275199,0.35878,-0.797617,0.864172,-0.420183,-0.443161,-0.294392,-0.577456,0.371675,1.22289,-0.101283,0.700639,-0.775254
-0.737357,-1.99484,-0.495072,-0.630272,-0.527919,-1.9631,0.128948,-0.275199,-0.249322,0.942638,1.87687,-0.420183,-0.443161,-0.294392,0.353925,-1.08587,1.22289,-0.677446,-1.42251,-0.224126
0.611467,0.566136,-1.09882,-0.228078,-0.479814,1.59754,1.07536,1.376,-0.249322,1.81277,-0.14853,-0.420183,1.15862,-0.294392,0.819616,0.371675,-0.79286,-0.269076,0.700639,1.42926
-0.737357,0.520404,1.31617,-0.0269805,-0.557522,-0.00474753,-0.107654,-0.275199,0.35878,0.0725106,0.864172,-0.420183,-0.443161,-0.294392,1.28531,0.371675,-0.79286,5.08418,-1.42251,-0.775254
-0.737357,0.520404,-1.09882,1.1796,1.63679,1.86459,0.897907,-0.275199,-0.249322,1.81277,-0.14853,0.590276,1.15862,-0.294392,-1.04315,1.10045,-0.79286,-0.268891,0.700639,0.327003
-0.547451936877946,0.317890034401683,0.710047137255647,-0.249651651983197,-0.489879917627023,-0.145586612161965,1.44982617622821,-0.303479337376586,0.389918923864905,0.668329995851108,-1.02884557165513,1.37211944461164,-1.14613223972598,-0.246853226983658,0.748942860624089,-1.86874197455854,-0.868725972092223,0.668521650642209,-1.27554929211521,0.839199544376197
1.96029,0.533471,1.31617,0.375214,1.56279,-0.18278,0.661305,1.376,0.966883,1.81277,-1.16123,-0.420183,1.15862,-0.294392,1.28531,1.10045,-0.79286,-0.0838742,0.700639,-0.224126
-0.737357,-1.99484,-1.09882,-0.429175,-0.53902,-0.420156,0.779606,-0.275199,-1.46553,-0.797617,0.864172,2.35858,-1.24405,-0.294392,-1.04315,-1.81465,1.22289,-0.284077,0.700639,0.327003
1.96029,0.455074,-1.09882,0.777408,1.22975,-0.538845,-0.0485036,-1.92639,-1.46553,1.81277,-0.14853,-0.420183,-1.24405,-0.294392,1.28531,-1.81465,-0.79286,-0.26852,0.700639,-1.32638
1.96029,0.507338,-0.495072,0.777408,-0.428009,0.410661,1.48941,1.376,0.966883,0.942638,-1.16123,-0.420183,-1.24405,-0.294392,0.819616,0.371675,-0.79286,-0.26852,0.700639,1.98039
-0.737357,0.500805,-1.09882,0.777408,-0.53902,-0.301468,0.306401,-0.275199,-0.249322,0.0725106,0.864172,3.36904,1.15862,-0.294392,-1.04315,1.10045,1.22289,0.859729,-1.42251,-0.775254
0.611467,0.638,-0.495072,0.576311,-0.505717,1.41951,0.897907,1.376,-0.249322,1.81277,0.864172,3.11642,1.15862,-0.294392,1.28531,0.371675,1.22289,-0.0838742,-1.42251,-0.775254
-0.737357,0.513871,1.31617,0.274665,-0.579724,0.410661,-0.58086,-0.275199,0.35878,1.81277,1.87687,-0.420183,1.15862,-0.294392,1.28531,0.371675,-0.79286,0.657674,-1.42251,-0.775254
-0.737357,0.507338,0.108674,-0.328626,-0.587125,-0.776221,0.0697978,-0.275199,0.35878,0.0725106,-1.16123,-0.420183,-0.443161,-0.294392,-0.577456,-1.08587,-0.79286,-0.677446,-1.42251,-0.775254
0.611467,0.487739,-1.09882,-0.0269805,-0.516818,-1.9631,1.54856,1.376,1.57499,-0.797617,-0.14853,-0.420183,1.15862,-0.294392,-1.04315,-1.81465,-0.79286,-0.269076,0.700639,1.98039
-0.737357,0.500805,0.712421,0.274665,1.63679,-0.18278,0.365551,-0.275199,0.35878,-0.797617,0.864172,-0.420183,-0.443161,-0.294392,-0.111766,0.371675,-0.79286,0.454508,0.700639,0.327003
1.96029,0.494272,-1.09882,0.576311,-0.805446,-0.776221,-2.47368,-0.275199,-0.249322,-0.797617,-1.16123,-0.420183,0.357732,-0.294392,-1.04315,-0.357099,-0.79286,-0.101098,0.700639,-0.224126
-0.737357,-1.99484,-1.09882,-1.23356,1.34077,-1.9631,-0.403408,-1.92639,0.966883,0.942638,-0.14853,-0.420183,-1.24405,-0.294392,1.28531,-1.81465,-0.79286,0.101328,0.700639,-1.32638
-0.737357,0.526938,-0.495072,-0.429175,1.34077,-0.627861,0.0697978,-0.275199,-0.857425,-0.797617,-1.16123,-0.420183,-0.443161,-0.294392,-0.577456,-1.08587,1.22289,-0.677446,0.700639,-0.224126
-0.737357,0.474673,1.31617,2.78838,-0.63893,-0.18278,-0.107654,1.376,-0.249322,0.942638,-1.16123,2.35858,1.15862,-0.294392,-1.04315,0.371675,-0.79286,0.286715,-1.42251,-0.224126
-0.737357,0.455074,0.712421,-0.630272,1.45178,-0.420156,-0.344257,-0.275199,-0.249322,0.0725106,0.864172,-0.420183,-0.443161,-0.294392,1.28531,0.371675,1.22289,-0.677446,0.700639,-0.775254
-0.737357,0.572669,-0.495072,3.29112,-0.557522,-0.0640917,-0.166805,-0.275199,-1.46553,-0.797617,-0.14853,2.86381,1.15862,-0.294392,1.28531,0.371675,-0.79286,5.08418,0.700639,-0.775254
-0.737357,0.442007,0.712421,-1.23356,-0.805446,-0.776221,-0.344257,-0.275199,-0.249322,1.81277,1.87687,-0.420183,1.15862,-0.294392,1.28531,0.371675,-0.79286,-0.101283,0.700639,-0.775254
-0.547451936877946,-2.53712235003607,-0.453403593669269,-0.644449613258951,-0.790273077385583,-1.02232960496022,0.345567887882352,-0.303479337376586,-0.935805417275773,-0.984267812071631,0.0,-0.515863603417328,-0.308100064442467,-0.246853226983658,1.22049947657259,-0.391132041186671,-0.868725972092223,5.26396772117923,-1.27554929211521,-1.12857869760937
1.96029,0.455074,-0.495072,-1.23356,1.59979,0.173285,-0.403408,-0.275199,-0.249322,0.942638,-0.14853,-0.420183,-0.443161,-0.294392,-1.04315,-1.08587,-0.79286,0.657674,0.700639,-0.775254
0.831315904147992,-2.53712235003607,-1.03512895913173,-1.23664655517258,1.6482125724192,2.77689003049889,-0.427412913959751,1.4162369077574,1.71564326500558,-0.984267812071631,0.0,-0.515863603417328,-1.14613223972598,-0.246853226983658,1.22049947657259,1.0864778921852,-0.868725972092223,0.47722823739722,0.741598425648379,0.839199544376197
-0.737357,0.435474,1.31617,-1.23356,-0.561222,-0.18278,0.0697978,-0.275199,0.35878,-0.797617,0.864172,-0.420183,-0.443161,-0.294392,1.28531,0.371675,-0.79286,-0.268335,0.700639,-0.775254
1.96029,0.638,-0.495072,0.576311,-0.505717,1.41951,0.897907,1.376,-0.249322,1.81277,0.864172,3.11642,1.15862,-0.294392,1.28531,0.371675,1.22289,0.693048,-1.42251,-0.775254
1.96029,-1.99484,-1.09882,-1.23356,-0.805446,0.291973,-2.47368,-1.92639,-1.46553,-0.797617,-1.16123,-0.420183,1.15862,-0.294392,1.28531,1.10045,-0.79286,1.38274,0.700639,-1.32638
-0.737357,0.481206,-1.09882,-0.0269805,-0.594525,-0.776221,-0.107654,-0.275199,-0.249322,-0.797617,-1.16123,-0.420183,-0.443161,-0.294392,0.353925,0.371675,1.22289,-0.603365,0.700639,-0.775254
-0.737357,0.487739,0.712421,0.576311,-0.561222,-0.479501,-0.166805,-0.275199,0.35878,0.0725106,-1.16123,-0.420183,-0.443161,-0.294392,-1.04315,-0.357099,-0.79286,0.878249,-1.42251,-0.775254
1.96029,0.428941,1.31617,0.777408,2.19185,0.52935,1.96262,-0.275199,-0.249322,-0.797617,1.87687,0.590276,1.15862,-0.294392,1.28531,1.10045,-0.79286,-0.418164,0.700639,1.98039
-0.737357,0.520404,0.712421,-0.429175,1.6738,-0.776221,-0.285106,-0.275199,-0.249322,-0.797617,-1.16123,-0.420183,-0.443161,-0.294392,-0.111766,-1.08587,1.22289,-0.677446,0.700639,-0.775254
-0.737357,0.487739,0.712421,1.78289,-0.805446,1.24148,-2.47368,-0.275199,0.966883,1.81277,0.864172,-0.420183,1.15862,-0.294392,0.819616,0.371675,-0.79286,-0.269076,0.700639,0.878131
-0.737357,0.461607,-0.495072,-0.630272,-0.546421,-0.627861,-0.166805,-0.275199,-1.46553,0.942638,0.864172,-0.420183,-0.443161,-0.294392,0.819616,-0.357099,-0.79286,-0.2863,-1.42251,0.327003
-0.737357,-1.99484,-1.09882,-1.23356,-0.805446,-1.9631,-2.47368,-1.92639,-1.46553,-0.797617,-1.16123,-0.420183,-1.24405,-0.294392,-1.04315,-1.81465,1.22289,-0.677446,0.700639,-1.32638
0.611467,-1.99484,1.31617,-0.429175,-0.527919,0.113941,1.07536,1.376,-0.249322,-0.797617,0.864172,-0.420183,1.95952,-0.294392,1.28531,0.371675,-0.79286,-0.418164,0.700639,1.42926
-0.737357,0.533471,-0.495072,-0.0269805,1.52578,-0.538845,-0.462558,-1.92639,-0.857425,-0.797617,-0.14853,-0.420183,-1.24405,-0.294392,-1.04315,-1.08587,1.22289,-0.677446,0.700639,-1.32638
0.611467,0.533471,-1.09882,0.174117,-0.472413,0.885414,1.31196,-0.275199,-1.46553,-0.797617,-1.16123,3.36904,1.15862,-0.294392,-1.04315,1.10045,-0.79286,-0.269076,-1.42251,0.878131
-0.737357,0.507338,0.712421,0.274665,-0.546421,0.173285,0.0697978,1.376,0.35878,0.942638,0.864172,-0.420183,1.15862,-0.294392,1.28531,0.371675,-0.79286,-0.101283,-1.42251,0.327003
-0.737357,0.487739,-1.09882,0.274665,-0.576024,-0.360812,0.188099,3.02719,0.35878,-0.797617,0.864172,-0.420183,1.15862,-0.294392,0.819616,-1.08587,1.22289,-0.603365,0.700639,0.327003
-0.737357,0.494272,1.31617,-0.781095,-0.53532,-0.657533,-0.64001,-0.275199,-0.249322,-0.797617,-0.14853,-0.420183,-0.443161,-0.294392,1.28531,-0.357099,-0.79286,0.271528,0.700639,-0.775254
1.96029,0.598802,-1.09882,-1.23356,1.30376,1.0041,0.365551,1.376,-0.249322,0.942638,-1.16123,-0.420183,1.15862,3.38551,-1.04315,0.371675,-0.79286,-0.418164,0.700639,1.42926
-0.737357,0.461607,-0.495072,0.375214,-0.53902,0.0545966,0.306401,-0.275199,0.966883,0.0725106,0.864172,2.86381,-1.24405,-0.294392,1.28531,-0.357099,-0.79286,-0.0831334,0.700639,0.327003
0.611467,0.540004,0.108674,2.98948,-0.683334,3.49656,-0.521709,-0.275199,0.966883,-0.797617,-1.16123,-0.420183,-1.24405,3.38551,-1.04315,-1.08587,-0.79286,0.639524,0.700639,-0.775254
1.96029,0.317879,-1.09882,-0.0269805,1.74781,2.19098,0.897907,1.376,0.966883,1.81277,0.864172,-0.420183,1.15862,-0.294392,1.28531,1.10045,-0.79286,-0.0838742,0.700639,0.878131
-0.737357,0.520404,-1.09882,0.777408,-0.805446,1.12279,-2.47368,-0.275199,0.966883,-0.797617,-1.16123,-0.420183,1.15862,-0.294392,-1.04315,0.371675,-0.79286,-0.284077,0.700639,-1.32638
-0.737357,0.474673,-0.495072,-1.23356,2.15485,0.173285,0.838757,-0.275199,1.57499,0.0725106,-1.16123,-0.420183,1.15862,-0.294392,-0.577456,0.371675,-0.79286,-0.101283,0.700639,-1.32638
1.96029,0.422408,1.31617,-0.228078,-0.524218,-0.18278,0.0697978,-0.275199,0.35878,-0.797617,0.864172,1.85335,-1.24405,-0.294392,0.819616,-1.81465,1.22289,-0.268335,-1.42251,-1.32638
0.611467,0.559603,0.712421,2.98948,-0.53902,2.90311,0.365551,1.376,-0.249322,1.81277,-0.14853,2.10596,-0.443161,3.38551,-1.04315,1.10045,-0.79286,-0.26852,-1.42251,1.98039
-0.547451936877946,0.340976387914656,1.2917725027181,-0.348351142302136,-0.539356438057844,-0.36477236036153,-0.427412913959751,-0.303479337376586,0.389918923864905,0.668329995851108,1.02884557165513,-0.515863603417328,-1.14613223972598,-0.246853226983658,1.22049947657259,1.0864778921852,0.977316718603751,0.668521650642209,-1.27554929211521,-1.12857869760937
-0.737357,0.415875,-1.09882,0.777408,-0.564922,-0.479501,-0.255531,-0.275199,-0.857425,-0.797617,1.87687,3.11642,1.15862,-0.294392,-1.04315,0.371675,1.22289,-0.101283,0.700639,0.327003
0.831315904147992,0.402539997282586,-0.453403593669269,1.72433815439557,-0.585298921315036,0.511970632436727,1.17376160414175,-2.02319558251058,0.389918923864905,1.49462889981248,-1.02884557165513,-0.515863603417328,2.20599646140806,3.94965163173853,-1.13728360316991,0.347672925499264,-0.868725972092223,-0.425048602653217,-1.27554929211521,2.15105170569991
-0.737357,0.435474,1.31617,-0.630272,-0.546421,-0.716877,-2.47368,-0.275199,0.35878,-0.797617,1.87687,-0.420183,-0.443161,-0.294392,1.28531,0.371675,-0.79286,0.0863263,0.700639,-0.775254
-0.737357,0.526938,-0.495072,-0.228078,-0.564922,0.0545966,-0.225956,-0.275199,0.35878,0.0725106,-0.14853,-0.420183,-0.443161,-0.294392,1.28531,0.371675,1.22289,0.271528,-1.42251,0.327003
-0.737357,0.513871,1.31617,-0.0269805,2.04384,-0.657533,0.483853,-1.92639,1.57499,-0.797617,0.864172,-0.420183,-1.24405,-0.294392,1.28531,1.10045,-0.79286,-0.0838742,0.700639,0.878131
-0.737357,0.474673,1.31617,0.375214,-0.557522,-0.538845,-0.285106,-0.275199,-0.249322,-0.797617,-0.14853,-0.420183,-0.443161,-0.294392,1.28531,-1.08587,1.22289,-0.284077,0.700639,0.327003
-0.737357,0.526938,-0.495072,0.475762,-0.53902,-0.716877,0.365551,-1.92639,-0.249322,-0.797617,-1.16123,-0.420183,-0.443161,-0.294392,-1.04315,0.371675,-0.79286,-0.101283,0.700639,0.878131
-0.547451936877946,0.348671839085647,-1.03512895913173,0.342545289930434,-0.564094698273255,-0.876205772827179,-0.316987085125165,-0.303479337376586,0.389918923864905,-0.157968908110262,1.02884557165513,-0.515863603417328,-0.308100064442467,-0.246853226983658,1.22049947657259,-0.391132041186671,0.977316718603751,-0.0949286382544576,-1.27554929211521,0.183273463714342
-0.547451936877946,0.394844546111595,-0.453403593669269,0.737343251206187,-0.549958549578735,-0.730081940694137,-0.151348341873286,-0.303479337376586,0.389918923864905,-0.984267812071631,-1.02884557165513,-0.515863603417328,-0.308100064442467,-0.246853226983658,0.277386244675588,0.347672925499264,0.977316718603751,-0.693127460053601,0.741598425648379,0.183273463714342
-0.547451936877946,0.371758192598621,0.128321771793189,-0.644449613258951,-0.532288363710584,-0.583958108561094,0.566419545551524,-0.303479337376586,0.389918923864905,-0.157968908110262,1.02884557165513,-0.515863603417328,-0.308100064442467,-0.246853226983658,-1.13728360316991,-1.86874197455854,0.977316718603751,-0.693127460053601,-1.27554929211521,-0.472652616947513
0.611467,0.572669,1.31617,-1.23356,-0.805446,-1.9631,1.96262,1.376,0.966883,1.81277,-0.14853,1.60074,1.15862,-0.294392,0.819616,1.10045,-0.79286,-0.268706,-1.42251,1.98039
-0.737357,0.461607,0.712421,-0.228078,1.7108,-0.835565,-0.285106,-0.275199,0.35878,-0.797617,-1.16123,-0.420183,1.15862,-0.294392,-1.04315,0.371675,-0.79286,-0.0838742,0.700639,-0.775254
-0.547451936877946,0.379453643769612,0.710047137255647,0.539944270568311,-0.588832958488666,-0.693550982660876,-0.261774170707872,1.4162369077574,-0.272943246705434,1.49462889981248,1.02884557165513,-0.515863603417328,1.36796428612455,-0.246853226983658,-1.13728360316991,0.347672925499264,0.977316718603751,-0.270903259647996,-1.27554929211521,0.183273463714342
-0.547451936877946,0.36406274142763,0.710047137255647,-0.348351142302136,-0.666581776308529,-0.876205772827179,-0.0961354274559927,-2.02319558251058,0.389918923864905,-0.984267812071631,0.0,-0.515863603417328,-0.308100064442467,-0.246853226983658,0.277386244675588,-0.391132041186671,0.977316718603751,-0.616533500796348,0.741598425648379,-1.12857869760937
0.611467,0.500805,1.31617,-0.0269805,-0.527919,-0.0640917,0.188099,-0.275199,0.966883,0.0725106,0.864172,-0.420183,-0.443161,-0.294392,0.819616,1.10045,-0.79286,-0.0838742,-1.42251,0.327003
-0.547451936877946,-2.53712235003607,-1.03512895913173,0.737343251206187,1.75423368762811,-0.145586612161965,0.235142059047766,-0.303479337376586,-1.59866758784611,-0.984267812071631,2.05769114331026,-0.515863603417328,-1.14613223972598,-0.246853226983658,1.22049947657259,1.0864778921852,-0.868725972092223,-0.0974179419303183,0.741598425648379,-1.12857869760937
1.96029,0.474673,1.31617,2.78838,2.48788,0.648038,1.31196,1.376,-1.46553,-0.797617,0.864172,-0.420183,1.15862,-0.294392,1.28531,0.371675,-0.79286,-0.0838742,0.700639,1.42926
-0.547451936877946,0.402539997282586,1.2917725027181,-0.0522526713453204,-0.525220289363324,-0.145586612161965,0.84248411763799,1.4162369077574,0.389918923864905,0.668329995851108,2.05769114331026,-0.515863603417328,-0.308100064442467,-0.246853226983658,0.748942860624089,0.347672925499264,0.977316718603751,-0.477898434540721,-1.27554929211521,0.183273463714342
-0.547451936877946,0.387149094940604,1.2917725027181,0.934742231844064,1.6835529441555,-0.291710444295008,0.511206631134231,-2.02319558251058,-1.59866758784611,0.668329995851108,1.02884557165513,-0.515863603417328,1.36796428612455,-0.246853226983658,-1.13728360316991,-1.12993700787261,0.977316718603751,-0.693127460053601,0.741598425648379,0.183273463714342
0.611467,0.461607,-1.09882,0.576311,-0.583424,0.648038,0.128948,-0.275199,0.35878,-0.797617,-0.14853,0.337662,-0.443161,-0.294392,-1.04315,0.371675,1.22289,-0.418164,0.700639,-0.775254
-0.737357,0.46814,1.31617,-0.630272,-0.576024,-0.00474753,-0.610435,-0.275199,0.35878,0.942638,0.864172,-0.420183,-0.443161,-0.294392,0.819616,0.371675,-0.79286,-0.26852,-1.42251,0.327003
1.96029,0.487739,0.712421,-0.228078,0.896722,-0.00474753,0.24725,-0.275199,1.57499,1.81277,-0.14853,-0.420183,1.15862,-0.294392,-1.04315,0.371675,-0.79286,0.472472,0.700639,0.327003
-0.737357,0.520404,1.31617,0.777408,1.6738,0.766726,0.24725,-0.275199,-0.249322,0.942638,-1.16123,-0.420183,1.15862,-0.294392,-1.04315,1.10045,-0.79286,-0.26852,0.700639,-1.32638
-0.737357,0.474673,-0.495072,-0.630272,-0.601926,-0.538845,-0.285106,-0.275199,-1.46553,0.942638,-0.14853,-0.420183,-0.443161,-0.294392,0.353925,0.371675,-0.79286,0.0859559,-1.42251,-0.775254
2.21008374517393,-2.53712235003607,1.2917725027181,2.3165350963092,1.506851085474,0.65809446456977,0.84248411763799,-0.303479337376586,-0.272943246705434,1.49462889981248,-1.02884557165513,-0.515863603417328,-0.308100064442467,-0.246853226983658,0.748942860624089,0.347672925499264,-0.868725972092223,-0.270137320055423,0.741598425648379,0.839199544376197
-0.737357,0.500805,-0.495072,-0.429175,1.63679,-0.776221,-0.462558,-0.275199,-0.857425,-0.797617,-1.16123,-0.420183,1.15862,-0.294392,-0.577456,0.371675,-0.79286,-0.677446,0.700639,-0.775254
0.611467,0.474673,1.31617,-0.127529,-0.509417,0.648038,1.31196,-0.275199,0.35878,0.0725106,0.864172,-0.420183,-0.443161,-0.294392,-1.04315,-1.81465,-0.79286,-0.0838742,-1.42251,-0.224126
-0.737357,0.487739,1.31617,2.18509,-0.524218,-0.716877,-0.0485036,-0.275199,0.35878,-0.797617,0.864172,-0.420183,-0.443161,-0.294392,0.819616,0.371675,-0.79286,-0.269076,0.700639,-0.775254
-0.737357,0.526938,-1.09882,-1.23356,-0.468713,-0.598189,0.424702,-0.275199,-0.857425,0.0725106,-0.14853,-0.420183,-0.443161,-0.294392,-0.111766,0.371675,1.22289,-0.101283,-1.42251,-0.224126
2.21008374517393,0.371758192598621,0.710047137255647,-0.447050632621074,1.78957405936441,-0.145586612161965,0.179929144630473,-0.303479337376586,-0.272943246705434,-0.984267812071631,0.0,-0.515863603417328,-0.308100064442467,-0.246853226983658,-1.13728360316991,0.347672925499264,0.977316718603751,0.0965562598886742,0.741598425648379,0.183273463714342
-0.737357,-1.99484,0.712421,0.375214,2.15485,0.410661,0.483853,-0.275199,-0.249322,-0.797617,0.864172,-0.420183,1.15862,-0.294392,-1.04315,0.371675,1.22289,-0.677446,0.700639,-0.224126
1.96029,-1.99484,-1.09882,-0.429175,-0.546421,-0.776221,0.483853,-0.275199,-1.46553,0.942638,-1.16123,-0.420183,-1.24405,-0.294392,-1.04315,-1.81465,1.22289,-0.26852,-1.42251,-1.32638
0.831315904147992,0.402539997282586,-0.453403593669269,1.72433815439557,-0.585298921315036,0.511970632436727,1.17376160414175,-2.02319558251058,0.389918923864905,1.49462889981248,-1.02884557165513,-0.515863603417328,2.20599646140806,3.94965163173853,-1.13728360316991,0.347672925499264,-0.868725972092223,-0.270903259647996,-1.27554929211521,2.15105170569991
-0.737357,0.481206,1.31617,-0.0269805,1.26676,0.648038,-0.285106,-0.275199,-0.249322,-0.797617,-1.16123,-0.420183,-0.443161,-0.294392,-0.577456,-0.357099,1.22289,-0.677446,0.700639,-0.224126
0.611467,0.38321,1.31617,0.526036,-0.568623,0.944758,0.306401,-0.275199,0.966883,1.81277,-1.16123,-0.420183,1.15862,-0.294392,0.819616,0.371675,-0.79286,-0.269076,-1.42251,0.878131
0.611467,-1.99484,0.108674,-1.23356,-0.572323,1.0041,1.01621,1.376,1.57499,-0.797617,0.864172,-0.420183,-1.24405,-0.294392,-1.04315,1.10045,-0.79286,0.101328,0.700639,0.878131
-0.737357,0.585735,-1.09882,0.274665,-0.620428,0.52935,-0.817462,-0.275199,-1.46553,-0.797617,-1.16123,-0.420183,-1.24405,3.38551,-1.04315,-1.81465,1.22289,-0.677446,0.700639,-1.32638
